mode

  -0.0240812
  -0.0241789
   0.0241471
   0.0242408
  -0.0267815
   0.0267747
  -0.0262454
  -0.0282089
  -0.0299852
  -0.0315073
  -0.0327438
  -0.0335917
  -0.0339549
  -0.0340414
  -0.0339438
   -0.033473
  -0.0326918
  -0.0316736
  -0.0303137
  -0.0286012
  -0.0264864
  -0.0218145
  -0.0192128
  -0.0161725
  -0.0130033
 -0.00990881
 -0.00667889
 -0.00330099
 0.000145898
  0.00342292
  0.00641779
  0.00962786
   0.0129282
   0.0160437
   0.0190445
   0.0217628
   0.0262569
   0.0281348
   0.0299006
   0.0314802
   0.0327409
   0.0335182
    0.033892
   0.0340493
   0.0338947
   0.0334247
   0.0326302
   0.0314965
   0.0300805
   0.0283097
   0.0263578
   0.0217979
   0.0190245
   0.0162163
   0.0133309
   0.0100694
  0.00658092
   0.0033132
 4.24643e-05
 -0.00333326
 -0.00662767
 -0.00982121
  -0.0129821
  -0.0160162
  -0.0189127
  -0.0216288
  -0.0266339
  -0.0288233
  -0.0308297
  -0.0325808
  -0.0339707
  -0.0349808
  -0.0356528
  -0.0359872
  -0.0359453
  -0.0355878
   -0.034986
  -0.0339873
  -0.0326115
  -0.0309322
  -0.0289421
  -0.0243509
  -0.0215761
  -0.0185318
  -0.0153523
  -0.0121436
 -0.00881295
 -0.00530373
 -0.00173168
  0.00182244
  0.00523676
   0.0085349
   0.0119541
    0.015221
   0.0183995
    0.021543
   0.0265805
   0.0287112
   0.0307438
    0.032544
   0.0339697
   0.0349574
   0.0355695
   0.0358595
   0.0358425
   0.0355943
    0.035002
   0.0339971
    0.032653
   0.0309168
   0.0289522
   0.0242963
   0.0215958
   0.0187402
   0.0156441
    0.012209
  0.00864683
  0.00526029
  0.00182841
 -0.00169436
 -0.00508778
 -0.00857234
  -0.0122379
  -0.0156276
  -0.0186875
  -0.0214844
  -0.0214175
  -0.0184442
  -0.0152317
  -0.0119037
 -0.00857957
 -0.00517398
 -0.00162226
  0.00195951
  0.00548494
  0.00883953
   0.0120518
   0.0153349
   0.0184487
   0.0214342
   0.0243358
   0.0288823
   0.0308166
   0.0325894
   0.0340173
   0.0350643
   0.0357684
   0.0360129
   0.0359161
   0.0356102
   0.0349081
   0.0337872
   0.0324436
   0.0308392
   0.0288222
    0.026548
   0.0214577
   0.0184371
   0.0153585
   0.0122188
  0.00870994
  0.00500275
  0.00154705
 -0.00191354
 -0.00546674
 -0.00891525
  -0.0122453
  -0.0154989
   -0.018619
  -0.0215924
   -0.024333
  -0.0288685
  -0.0307243
  -0.0323989
  -0.0338169
  -0.0349069
  -0.0356144
  -0.0359104
  -0.0358167
  -0.0353695
  -0.0347367
  -0.0338857
  -0.0325653
  -0.0308577
  -0.0288392
  -0.0265324
  0.00439034
   0.0335815
  0.00561462
 -0.00449512
   0.0332504
    0.010182
 -0.00603858
   0.0309629
   0.0158729
  -0.0122588
   0.0170057
   0.0311047
  -0.0120944
   0.0277032
   0.0219285
  -0.0186386
   0.0223095
   0.0278397
  0.00209175
   0.0057743
  0.00935376
  0.00943985
   0.0129919
   0.0130684
  0.00944607
   0.0130451
  0.00937599
   0.0129075
   0.0165157
   0.0162951
   0.0126293
   0.0159221
   0.0197327
   0.0165115
   0.0122035
   0.0153941
   0.0190041
   0.0184072
  0.00885796
   0.0219282
   0.0212833
  0.00836825
  0.00500235
   0.0146976
   0.0058079
   0.0246823
   0.0252029
   0.0239595
   0.0204358
  0.00457957
  0.00118643
  0.00159629
 -0.00239796
 -0.00173932
   0.0230467
 -0.00551273
    0.027805
   0.0281932
  -0.0049269
 -0.00922544
    0.016357
   0.0197883
   0.0021326
   0.0199188
   0.0231133
   0.0228141
   0.0260292
   0.0261052
  0.00779782
   0.0256277
   0.0254915
    0.028324
  0.00422824
   0.0194098
   0.0166734
   0.0218456
   0.0225049
  -0.0010802
   0.0255956
   0.0057699
   0.0252748
  0.00735638
 -0.00584727
   0.0250583
 -0.00438969
   0.0282799
   0.0309737
-0.000770891
   0.0288128
   0.0153546
     0.01238
   0.0244744
  0.00821882
   0.0307172
   0.0301427
   0.0306496
  0.00907995
   0.0337835
   0.0140391
   0.0309448
   0.0336463
  0.00063077
 -0.00268586
 -0.00250103
 -0.00938851
  -0.0151811
  -0.0113216
  -0.0146938
  -0.0128787
 -0.00851999
 -0.00138816
  -0.0074341
   0.0323572
   0.0292361
   0.0191158
   0.0295711
   0.0279037
   0.0294902
   0.0197013
   0.0124719
   0.0128224
  0.00580988
   0.0165795
  0.00921505
   0.0195641
   0.0230709
   0.0194461
     0.02239
    0.017636
   0.0262899
   0.0116373
   0.0271123
   0.0181747
  0.00545464
   0.0109232
   0.0331273
    0.016109
   0.0198836
   0.0193304
   0.0226414
  0.00207156
   0.0137709
   0.0322288
   0.0255201
   0.0248194
 -0.00249692
  0.00246111
   0.0228765
  0.00998824
    0.029247
   0.0222446
  0.00258071
   0.0282703
   0.0258107
  -0.0158305
   0.0207031
  0.00424062
 0.000774944
 -0.00112686
   0.0267684
   0.0010566
 -0.00599566
   0.0241566
   0.0264213
   0.0282027
   0.0271056
 -0.00912953
   0.0310559
  -0.0163424
 -0.00363122
  0.00702857
   0.0225975
   0.0241942
  -0.0180127
  0.00633659
 -0.00821523
  -0.0211731
  -0.0188746
   0.0378807
   0.0362917
   0.0381491
   0.0368596
   0.0365167
   0.0374642
   0.0352559
   0.0365671
   0.0343423
   0.0330264
   0.0335172
   0.0353396
    0.033752
   0.0340647
   0.0313868
   0.0294315
   0.0294996
   0.0318546
   0.0316977
   0.0345031
    0.036191
   0.0367413
   0.0382272
   0.0387225
   0.0402148
   0.0403534
   0.0414847
   0.0415235
   0.0424422
   0.0422739
   0.0429926
   0.0426288
   0.0431595
   0.0433175
   0.0425894
   0.0432635
   0.0432103
   0.0429594
    0.042692
    0.042801
   0.0411629
   0.0427307
   0.0420166
   0.0411839
    0.041854
    0.041623
    0.042305
   0.0419395
   0.0417792
   0.0408952
    0.041858
   0.0407475
   0.0402662
    0.040994
   0.0394195
   0.0399557
   0.0391091
   0.0381707
   0.0423837
   0.0405003
   0.0394187
   0.0388277
   0.0412432
   0.0406855
   0.0395859
   0.0412461
   0.0413785
   0.0400522
   0.0405324
    0.040792
   0.0385356
   0.0373405
   0.0360634
   0.0415477
   0.0378253
   0.0349746
   0.0422371
   0.0424683
   0.0390694
   0.0401592
   0.0401348
   0.0349755
   0.0396014
    0.038905
   0.0386291
    0.036868
   0.0384447
   0.0388008
   0.0378163
   0.0377022
     0.04015
   0.0404966
   0.0389851
   0.0391789
   0.0353378
   0.0335185
   0.0343584
   0.0317944
   0.0330716
   0.0362979
   0.0383057
   0.0380638
   0.0381678
   0.0397687
   0.0396303
   0.0359188
   0.0378774
   0.0338137
   0.0362161
   0.0365276
   0.0358715
   0.0343454
   0.0357172
   0.0353222
    0.036842
   0.0371663
   0.0353949
   0.0313635
   0.0383204
   0.0374149
   0.0382496
   0.0367512
   0.0409209
   0.0428987
   0.0430525
   0.0397553
   0.0422416
    0.041748
   0.0401588
   0.0384679
   0.0369023
   0.0429462
   0.0324632
   0.0394362
   0.0421204
   0.0411576
    0.034643
   0.0412996
   0.0421883
   0.0384557
   0.0374813
   0.0296486
   0.0318751
   0.0293543
   0.0360219
   0.0416149
   0.0411977
   0.0349167
   0.0366183
   0.0371997
   0.0399599
   0.0397712
   0.0340088
    0.039955
   0.0318698
   0.0368781
   0.0399275
   0.0379208
   0.0373945
   0.0273288
   0.0299101
   0.0273519
   0.0372501
   0.0374276
    0.035833
   0.0381619
   0.0394994
   0.0408103
   0.0389698
   0.0365816
   0.0354607
   0.0371994
   0.0395267
   0.0406576
   0.0366306
   0.0369683
   0.0019198
  0.00192962
  -0.0316368
  -0.0307595
 -0.00878326
  0.00851622
 -0.00893945
   0.0120922
  -0.0297263
  -0.0158494
   0.0148398
  -0.0156171
  -0.0286521
  -0.0269334
    0.018049
  -0.0253765
   0.0201694
  -0.0218909
  -0.0315881
  -0.0290299
  -0.0288492
  -0.0261676
  -0.0258037
  -0.0229854
  -0.0232483
  -0.0199487
  -0.0201376
  -0.0167255
  -0.0164609
  -0.0131892
  -0.0133358
 -0.00974211
  -0.0129183
  -0.0224934
 -0.00977542
 -0.00616136
 -0.00607383
  -0.0024767
  -0.0133739
  -0.0023417
  0.00126389
 -0.00969391
   -0.013245
  0.00105097
  0.00486817
  -0.0233242
 -0.00956129
  -0.0131465
  -0.0166746
 -0.00605682
  -0.0164321
  -0.0198329
  0.00500187
  0.00863388
  -0.0192324
   0.0045977
  -0.0227808
  -0.0216013
  -0.0252266
  -0.0218114
   -0.028997
  -0.0189121
  -0.0180742
  -0.0210066
  -0.0170963
  -0.0143648
 -0.00593208
 -0.00216693
 -0.00579203
  -0.0201578
 0.000798537
  0.00425675
 -0.00586908
  -0.0235433
  -0.0232847
 -0.00196735
 -0.00561961
    0.001638
 -0.00914293
  0.00845432
 0.000654223
  -0.0201468
  -0.0160688
  -0.0225934
   0.0119117
   0.0119794
 -0.00878429
 -0.00535483
  -0.0263043
  -0.0261952
  -0.0132041
   0.0156789
  0.00341155
  0.00169227
  0.00830674
  -0.0093792
  -0.0313552
 -0.00182387
 -0.00535363
 -0.00914617
   0.0153343
  -0.0127202
  -0.0313742
  -0.0291657
   0.0117215
  -0.0121908
  -0.0155456
  -0.0283909
  -0.0189119
  -0.0193846
  0.00833908
    -0.01886
  -0.0189925
  -0.0222355
  -0.0254022
  -0.0257616
  -0.0307455
  -0.0283709
   0.0178058
  -0.0263037
  -0.0195342
  -0.0168397
  -0.0244789
  -0.0153464
  -0.0095815
   0.0013981
 -0.00260645
  -0.0018399
 -0.00935772
  0.00846418
 -0.00616386
  -0.0168388
  0.00852674
 -0.00264248
 -0.00185058
  -0.0276685
  -0.0159648
  0.00532093
  -0.0266393
 -0.00539908
  -0.0200843
   0.0119613
    0.020902
  -0.0249593
  -0.0217565
  -0.0125143
  -0.0128958
 -0.00201476
  -0.0232303
  0.00505571
  -0.0254494
  0.00514589
  -0.0261692
 -0.00257075
  -0.0119689
  -0.0280348
   0.0117219
  -0.0287932
   0.0152299
  -0.0220462
 -0.00520334
  -0.0092368
  -0.0129414
    0.023349
  -0.0239772
  -0.0238431
  -0.0116224
 0.000430423
   0.0145057
  -0.0161798
   -0.011864
  -0.0283811
  0.00548048
   0.0180533
  -0.0245433
  -0.0185216
-0.000258084
 -0.00179254
  -0.0336511
  -0.0331896
   -0.010474
  0.00595661
  -0.0125644
  0.00861708
   -0.031168
  -0.0190543
    0.012092
  -0.0168823
  -0.0312023
  -0.0279555
   0.0148175
  -0.0280382
   0.0173422
   -0.022652
  -0.0337908
  -0.0313697
  -0.0309955
  -0.0286175
   -0.028095
  -0.0255301
  -0.0259695
  -0.0227289
  -0.0230721
  -0.0197246
   -0.019304
  -0.0162127
    -0.01652
  -0.0129343
  -0.0157583
  -0.0248657
  -0.0131251
 -0.00950138
 -0.00925793
 -0.00579173
  -0.0166784
 -0.00547081
 -0.00199244
   -0.013154
   -0.016668
 -0.00234534
  0.00155986
  -0.0261722
  -0.0131066
  -0.0166015
  -0.0199853
 -0.00962512
  -0.0197896
  -0.0230157
  0.00187052
  0.00544978
  -0.0224463
  0.00114592
  -0.0258182
  -0.0246778
  -0.0273123
  -0.0239619
  -0.0314757
  -0.0213373
  -0.0202729
  -0.0229261
  -0.0190509
  -0.0165861
 -0.00894059
 -0.00509469
 -0.00855941
  -0.0217909
 -0.00273486
 0.000665929
 -0.00950521
  -0.0251696
  -0.0262886
 -0.00465618
 -0.00816192
 -0.00118669
  -0.0117528
  0.00543139
 -0.00299272
   -0.023198
  -0.0194154
  -0.0239771
  0.00884954
   0.0087617
  -0.0111557
 -0.00761785
  -0.0291168
  -0.0289726
  -0.0151894
   0.0126455
 -0.00025192
-0.000858198
  0.00481721
  -0.0114317
  -0.0331273
 -0.00555905
 -0.00907094
   -0.012754
   0.0119569
  -0.0161183
   -0.033663
  -0.0317439
  0.00907737
  -0.0136824
  -0.0172055
  -0.0296451
  -0.0199601
   -0.020741
   0.0047417
  -0.0219277
  -0.0221467
  -0.0251966
  -0.0281857
  -0.0285914
  -0.0323336
  -0.0303178
   0.0150485
  -0.0289092
  -0.0221449
  -0.0199898
  -0.0263471
  -0.0177743
  -0.0126079
 -0.00164413
 -0.00606125
   -0.004247
  -0.0121954
  0.00512308
 -0.00964885
  -0.0200818
  0.00572359
 -0.00621404
 -0.00389994
  -0.0294504
    -0.01863
  0.00294074
  -0.0282028
 -0.00729606
  -0.0231956
  0.00859844
   0.0179001
  -0.0257528
  -0.0246841
  -0.0151641
  -0.0163939
 -0.00572168
  -0.0261766
  0.00215823
  -0.0267825
  0.00248557
  -0.0288841
 -0.00621721
  -0.0144169
  -0.0305258
  0.00884743
   -0.031357
   0.0120066
  -0.0231254
 -0.00888492
  -0.0128051
  -0.0164055
   0.0205736
  -0.0244618
  -0.0265883
   -0.013845
 -0.00325992
   0.0115789
  -0.0194905
  -0.0136537
  -0.0310276
  0.00178713
   0.0149789
  -0.0256613
  -0.0217517
  -0.0364602
  -0.0378855
   -0.037918
  -0.0373606
  -0.0355221
  -0.0354565
  -0.0372398
  -0.0352688
  -0.0353203
    -0.03524
  -0.0330113
  -0.0330554
  -0.0351845
  -0.0320915
  -0.0320067
   -0.031689
  -0.0295221
  -0.0294626
  -0.0335786
  -0.0361846
  -0.0375399
  -0.0382551
  -0.0394411
  -0.0400064
  -0.0409992
   -0.041376
  -0.0421819
    -0.04236
  -0.0429362
  -0.0429214
  -0.0432834
   -0.043063
  -0.0432245
  -0.0432439
  -0.0427974
    -0.04297
  -0.0427757
  -0.0423059
  -0.0419136
  -0.0422929
  -0.0416297
  -0.0421957
  -0.0411097
  -0.0421479
  -0.0424184
  -0.0419638
  -0.0414163
   -0.041217
  -0.0406354
  -0.0396295
  -0.0411692
  -0.0414344
  -0.0407204
   -0.041094
  -0.0396227
  -0.0398306
  -0.0399121
  -0.0381603
  -0.0420619
  -0.0390308
  -0.0378425
  -0.0401785
  -0.0401575
  -0.0397612
  -0.0382276
  -0.0408053
  -0.0401347
  -0.0386034
  -0.0397299
   -0.041711
  -0.0381845
   -0.037677
  -0.0361843
  -0.0414566
  -0.0361541
  -0.0367669
  -0.0418786
  -0.0425122
  -0.0373005
  -0.0385928
  -0.0396444
   -0.035499
  -0.0390365
  -0.0379865
   -0.037913
  -0.0363011
    -0.03737
  -0.0370126
  -0.0364105
  -0.0370284
    -0.03999
  -0.0406377
  -0.0391658
  -0.0397006
  -0.0364651
  -0.0338027
  -0.0342202
  -0.0315299
  -0.0339099
  -0.0361256
  -0.0380175
  -0.0396774
  -0.0395757
  -0.0393713
   -0.040974
  -0.0409423
  -0.0314637
  -0.0341103
  -0.0343566
  -0.0377097
   -0.036514
  -0.0376183
  -0.0364182
   -0.037629
  -0.0337509
  -0.0336558
   -0.038556
  -0.0401579
  -0.0373113
  -0.0380713
  -0.0364386
  -0.0399011
  -0.0427509
  -0.0428529
  -0.0384806
  -0.0412197
  -0.0388521
  -0.0425467
  -0.0413429
  -0.0399812
  -0.0385744
   -0.043098
  -0.0345291
  -0.0383147
  -0.0421152
  -0.0397817
  -0.0325205
  -0.0410503
  -0.0425518
  -0.0391616
  -0.0365651
   -0.038239
  -0.0300069
  -0.0296493
  -0.0341119
   -0.031746
  -0.0417334
   -0.040588
  -0.0342083
  -0.0361914
  -0.0384228
  -0.0391271
  -0.0407523
  -0.0360501
  -0.0319153
  -0.0355263
   -0.038278
   -0.036063
  -0.0353641
  -0.0408541
  -0.0274925
  -0.0274906
  -0.0298081
  -0.0374305
  -0.0391055
  -0.0370237
   -0.036598
  -0.0383939
  -0.0418507
  -0.0371393
  -0.0349222
  -0.0350138
  -0.0352032
  -0.0388866
  -0.0346934
  -0.0406892
   0.0315441
  0.00202576
 -0.00146634
  0.00873502
 -0.00847806
   0.0306463
   0.0307205
  -0.0117231
   0.0126048
   0.0284477
  -0.0149566
   0.0282504
   0.0157147
   0.0188798
   -0.017816
   0.0216724
  -0.0209027
   0.0252817
  0.00215827
  0.00244965
  -0.0010887
  0.00275342
-0.000765289
  0.00309066
  0.00658049
  0.00688361
   0.0103162
   0.0105794
   0.0070883
   0.0107597
   0.0142082
    0.014362
  0.00727781
-0.000401177
   0.0177626
    0.017833
    0.014363
   0.0177433
   0.0175116
   0.0142017
   0.0174616
   0.0210346
    0.020669
   0.0211243
  0.00995314
   0.0139037
   0.0105709
   0.0170673
   0.0205163
   0.0239974
   0.0234754
   0.0201248
   0.0229828
    0.019406
   0.0200146
   0.0222806
   0.0102603
  0.00685255
   0.0184023
   0.0218622
 -0.00426352
 -0.00384292
  0.00595249
 2.82827e-05
 -0.00333567
 -0.00733317
 -0.00668733
 -0.00290551
   0.0243415
  -0.0110021
  0.00713848
  0.00335838
   0.0269156
   0.0233919
   0.0237968
   0.0227914
  -0.0112447
   0.0154149
  0.00359968
   0.0135368
    0.019331
   0.0270564
   0.0253022
  -0.0146277
   0.0142624
-0.000115533
-0.000507746
   0.0119179
 -0.00600042
   0.0267221
    0.027121
   0.0216811
   0.0299074
  0.00645862
  0.00976497
 -0.00439426
 -0.00498336
 -0.00151713
   0.0294596
  0.00304667
  -0.0050204
   0.0316672
   0.0313573
   0.0287611
  -0.0149453
   0.0296578
  -0.0116819
  -0.0106249
  0.00556133
   0.0126455
 -0.00842743
 -0.00460139
   0.0269224
   0.0157785
   0.0269843
   0.0253173
    0.023575
   0.0196991
   0.0171846
  -0.0180948
  -0.0145884
  0.00625113
  0.00343907
   0.0139072
 -0.00781193
 0.000329356
   0.0108573
   0.0107967
   0.0211888
   0.0165567
   0.0208961
   0.0260481
   0.0135659
   0.0171084
   0.0241206
   0.0054368
 -0.00805782
  0.00371355
   0.0243135
  -0.0114423
  0.00726875
   0.0165154
  0.00908582
  -0.0204697
   0.0219644
   0.0253157
   0.0260024
   0.0128815
   0.0037883
   0.0269889
   0.0130596
  -0.0146525
  0.00932456
 0.000284223
    0.017918
    0.025137
   0.0159883
   0.0293625
   0.0293815
  0.00895198
  -0.0176786
   0.0265628
   0.0278823
  -0.0233244
   0.0239084
   0.0240109
 -0.00289549
   0.0184549
   0.0268424
 -0.00843174
   0.0112905
    0.028991
   0.0243257
  -0.0170621
   0.0321854
   0.0243522
   0.0335523
  0.00409666
  0.00222318
   0.0122947
 -0.00590711
   0.0322261
   0.0331927
 -0.00821971
   0.0140362
   0.0311327
  -0.0121902
   0.0294003
   0.0190072
   0.0198308
  -0.0145809
   0.0246077
  -0.0180174
   0.0259621
  0.00584447
  0.00611464
  0.00255293
  0.00635259
  0.00280474
  0.00659725
   0.0100983
   0.0102931
   0.0137133
    0.013854
   0.0103602
   0.0138768
   0.0173162
   0.0172924
   0.0103654
    0.003072
   0.0206596
   0.0205567
   0.0170889
   0.0202476
   0.0205948
   0.0167137
   0.0197365
   0.0238866
   0.0236741
   0.0236317
   0.0134359
   0.0161599
   0.0130419
   0.0190771
   0.0225265
   0.0267638
   0.0263976
   0.0232389
   0.0259926
    0.022609
   0.0217571
   0.0253459
   0.0124697
  0.00928453
   0.0216578
   0.0249372
-0.000750934
-0.000465392
  0.00959329
  0.00335434
-0.000101343
  -0.0040523
 -0.00358096
 0.000138399
   0.0269552
 -0.00786384
  0.00980371
  0.00598649
   0.0294443
   0.0251256
   0.0258138
   0.0242585
 -0.00793089
   0.0187816
   0.0064579
   0.0168731
   0.0208075
   0.0294316
   0.0281968
  -0.0114607
    0.017672
  0.00268397
   0.0020288
   0.0154199
 -0.00308537
   0.0284419
   0.0291021
    0.022834
    0.031864
  0.00861451
   0.0117074
 -0.00166402
  -0.0013176
 0.000748597
   0.0307824
  0.00540891
 -0.00258702
   0.0338217
   0.0336654
   0.0313285
  -0.0115726
   0.0322548
  -0.0090053
 -0.00772565
  0.00921298
   0.0160917
 -0.00482522
 -0.00101233
   0.0278467
   0.0169796
    0.029708
   0.0281916
   0.0264869
   0.0228259
   0.0204625
  -0.0152457
  -0.0115836
  0.00984511
  0.00683278
   0.0171636
 -0.00437385
   0.0034687
   0.0137879
   0.0135244
   0.0238706
   0.0183055
   0.0231448
   0.0274963
   0.0155425
    0.020308
   0.0263551
  0.00730027
 -0.00453291
  0.00696633
   0.0267441
  -0.0080146
   0.0101738
   0.0198151
   0.0107359
    -0.01742
   0.0226923
   0.0280552
   0.0287929
   0.0163216
  0.00685215
   0.0291991
   0.0147672
  -0.0113639
   0.0128639
  0.00326178
   0.0210626
   0.0263287
   0.0174736
   0.0316536
   0.0317982
   0.0125338
  -0.0146562
   0.0292328
   0.0305925
  -0.0204372
   0.0243589
   0.0267413
  6.6378e-07
   0.0197113
   0.0296335
 -0.00567705
   0.0148127
   0.0311735
   0.0252706
  -0.0138984
   0.0339136
    0.027308
  -0.0017335
-0.000167948
  -0.0337005
  -0.0322126
  -0.0123609
  0.00496867
  -0.0104225
  0.00958811
  -0.0322305
  -0.0167175
   0.0115397
  -0.0189692
   -0.029508
    -0.02968
   0.0153145
  -0.0257632
   0.0172593
  -0.0248983
  -0.0334349
  -0.0312015
  -0.0312011
  -0.0286221
  -0.0284486
  -0.0257014
  -0.0257702
  -0.0227085
  -0.0226905
  -0.0195007
  -0.0194519
  -0.0161776
  -0.0161299
  -0.0127184
  -0.0160688
  -0.0253858
  -0.0125342
 -0.00909176
  -0.0092057
 -0.00555154
  -0.0159243
 -0.00559408
 -0.00192377
  -0.0121938
  -0.0155533
 -0.00192652
  0.00178647
  -0.0256137
    -0.01182
  -0.0151675
  -0.0187211
 -0.00850042
  -0.0181819
  -0.0216271
  0.00174224
  0.00548456
  -0.0207354
  0.00173185
  -0.0243259
  -0.0227978
  -0.0280221
  -0.0248419
  -0.0309406
  -0.0220127
  -0.0212877
   -0.024144
  -0.0204063
  -0.0177591
  -0.0092413
 -0.00556857
 -0.00921766
  -0.0233484
 -0.00194084
  0.00165189
 -0.00807827
  -0.0265666
  -0.0251103
 -0.00549327
 -0.00915382
 -0.00183882
  -0.0125626
   0.0051337
 -0.00184532
  -0.0224619
  -0.0175465
  -0.0256753
  0.00872911
   0.0089795
  -0.0123114
 -0.00895954
  -0.0278461
  -0.0280028
  -0.0166589
   0.0126481
  0.00107725
 -0.00190012
  0.00560328
   -0.012931
  -0.0335307
 -0.00372559
  -0.0070713
  -0.0108833
    0.012697
  -0.0138508
  -0.0329612
  -0.0304272
  0.00829325
   -0.015686
  -0.0189427
  -0.0310485
  -0.0221036
   -0.022606
  0.00600118
  -0.0195153
   -0.020022
  -0.0229864
  -0.0262414
  -0.0269692
  -0.0330679
   -0.030869
   0.0146746
  -0.0285398
  -0.0224784
  -0.0193991
  -0.0274023
  -0.0186297
  -0.0127499
  -0.0019597
 -0.00544365
 -0.00543537
  -0.0126813
  0.00550427
 -0.00886035
  -0.0191386
    0.005071
 -0.00524706
  -0.0055201
  -0.0303301
  -0.0191241
  0.00170493
  -0.0294479
 -0.00904085
  -0.0221447
  0.00916309
   0.0181765
  -0.0278017
  -0.0222066
  -0.0158218
  -0.0146408
 -0.00418866
  -0.0253039
  0.00164688
  -0.0283476
  0.00161312
  -0.0282075
 -0.00496032
   -0.015398
  -0.0285793
  0.00839617
  -0.0305199
   0.0123732
  -0.0251165
 -0.00714953
  -0.0112323
   -0.014398
   0.0206474
  -0.0268109
  -0.0240715
  -0.0151209
 -0.00186478
    0.011296
  -0.0173673
  -0.0153779
  -0.0299478
  0.00332429
   0.0151967
  -0.0274767
  -0.0198077
