eigs

7.00633e-15
  0.0395442
  0.0396797
   0.115094
   0.179533
   0.269595
   0.271239
   0.288779
   0.369595
   0.374024
   0.383091
    0.40413
   0.407719
   0.414144
   0.438796
   0.487727
   0.552367
   0.653165
   0.669909
   0.675511
    0.75835
   0.775979
   0.793087
   0.854202
   0.892999
    1.05067
    1.07985
    1.08126
    1.12096
    1.13327
    1.20399
    1.22346
     1.2934
    1.33071
    1.38162
    1.41004
    1.43697
    1.46506
     1.4899
    1.58049
    1.60469
    1.60909
     1.6457
    1.66821
    1.69285
    1.71454
    1.77069
    1.79579
    1.89833
    1.93499
    2.03784
     2.0721
    2.09081
    2.13165
    2.14665
    2.18063
    2.22686
    2.26059
    2.27828
    2.31791
    2.36556
     2.4316
    2.48772
    2.57526
    2.59729
    2.64929
    2.69257
    2.73782
    2.76434
    2.77765
     2.8272
    2.85167
    2.96854
    3.04411
     3.1045
    3.25764
    3.27829
    3.30462
     3.3819
    3.39485
    3.48856
    3.50039
    3.55965
     3.5907
    3.59219
    3.63941
    3.68488
    3.71022
    3.72837
     3.7768
    3.79958
    3.81151
    3.83106
    3.85884
    3.87106
    3.88141
    3.91136
    3.93395
    3.96335
    4.00979
