mode

   0.0125578
  -0.0272423
  -0.0125953
   0.0270757
   0.0315402
  -0.0316175
   0.0099228
  0.00703372
  0.00412589
  0.00129602
 -0.00161761
 -0.00442508
 -0.00725269
   -0.010278
  -0.0130341
  -0.0154634
  -0.0178308
  -0.0200434
  -0.0220823
   -0.023954
  -0.0257375
  -0.0283197
  -0.0290453
  -0.0296236
  -0.0299135
  -0.0298239
  -0.0295364
  -0.0290046
  -0.0281474
  -0.0270211
  -0.0255494
  -0.0236944
  -0.0217775
   -0.019861
  -0.0176657
  -0.0151535
 -0.00992621
 -0.00705641
 -0.00413979
 -0.00134377
  0.00158705
  0.00465531
  0.00750243
   0.0102608
   0.0130043
   0.0155698
   0.0179785
   0.0202309
   0.0222629
   0.0241744
   0.0257876
   0.0281947
   0.0290916
   0.0295333
   0.0296391
   0.0295991
    0.029463
   0.0290657
   0.0282167
   0.0270093
   0.0255347
   0.0238963
    0.022114
   0.0199293
   0.0174472
   0.0150209
  -0.0240511
  -0.0205369
  -0.0167678
  -0.0129025
  -0.0090057
  -0.0050627
 -0.00100498
  0.00309663
  0.00712563
   0.0110061
   0.0148226
   0.0187139
   0.0223033
   0.0256368
   0.0288104
   0.0339314
   0.0360418
   0.0378416
   0.0393358
   0.0404393
   0.0411009
   0.0413703
   0.0412583
   0.0407683
   0.0399213
   0.0387145
   0.0370613
   0.0350943
   0.0327175
   0.0299233
   0.0240545
   0.0206849
   0.0169383
   0.0130435
  0.00898005
  0.00478101
 0.000963708
 -0.00284346
 -0.00706459
  -0.0111907
  -0.0150044
  -0.0186306
  -0.0221774
  -0.0257241
  -0.0288753
  -0.0340639
   -0.036161
  -0.0379305
  -0.0393919
  -0.0405179
  -0.0412083
  -0.0414507
  -0.0413467
  -0.0408784
   -0.040033
  -0.0387228
  -0.0369337
   -0.034887
  -0.0326182
  -0.0301237
  0.00953989
  0.00637297
  0.00308776
-0.000353951
 -0.00374154
 -0.00694555
  -0.0101284
  -0.0132627
  -0.0162585
  -0.0190238
  -0.0217181
  -0.0243825
  -0.0265741
  -0.0284862
  -0.0302611
  -0.0326414
  -0.0333724
  -0.0337387
  -0.0338246
  -0.0336177
  -0.0330757
   -0.032293
  -0.0311008
  -0.0295641
  -0.0279362
  -0.0259503
  -0.0236916
  -0.0212457
   -0.018429
  -0.0155317
 -0.00955072
  -0.0063511
  -0.0029556
 0.000460027
  0.00389983
  0.00715148
    0.010065
   0.0130874
   0.0161724
   0.0190933
   0.0217308
    0.024075
   0.0263736
   0.0285286
   0.0302234
   0.0325969
   0.0334178
   0.0338548
   0.0338957
   0.0335966
   0.0330282
   0.0322271
    0.031188
    0.029754
   0.0279694
   0.0259102
   0.0234882
   0.0210041
   0.0183421
   0.0154587
  -0.0301501
  -0.0325385
  -0.0423696
  -0.0404877
  -0.0355704
  -0.0275144
  -0.0322543
  -0.0269128
  -0.0409292
  -0.0324102
  -0.0233743
  -0.0360352
  -0.0367447
  -0.0222205
   -0.038173
  -0.0315463
  -0.0188091
  -0.0351877
  -0.0421008
  -0.0428966
  -0.0429958
    -0.04329
  -0.0431991
  -0.0432839
  -0.0431709
  -0.0429528
  -0.0426385
  -0.0422083
  -0.0423236
  -0.0413767
  -0.0410567
   -0.040014
   -0.041316
   -0.042978
  -0.0394795
  -0.0382596
  -0.0386061
  -0.0366804
  -0.0403431
  -0.0368445
  -0.0347506
  -0.0385598
  -0.0392416
  -0.0361654
  -0.0426669
  -0.0347005
  -0.0366585
  -0.0324092
  -0.0323293
  -0.0373231
  -0.0378532
  -0.0395353
  -0.0378734
   -0.039447
  -0.0298369
  -0.0375982
  -0.0343342
  -0.0361406
   -0.039024
  -0.0365742
  -0.0426893
  -0.0422788
  -0.0423938
  -0.0423509
  -0.0414549
  -0.0411795
  -0.0401626
  -0.0402956
  -0.0364165
  -0.0396444
  -0.0382716
  -0.0376276
  -0.0351818
  -0.0295639
  -0.0319522
  -0.0270569
  -0.0404878
   -0.040732
  -0.0395082
  -0.0419562
  -0.0273787
  -0.0342081
   -0.036132
  -0.0388831
  -0.0401098
   -0.038672
  -0.0365376
  -0.0414524
  -0.0388585
  -0.0289585
  -0.0311985
  -0.0240566
  -0.0303507
  -0.0336132
  -0.0317579
  -0.0375667
  -0.0422801
  -0.0338963
  -0.0253623
  -0.0352435
  -0.0349385
  -0.0311316
  -0.0318142
   -0.034189
  -0.0324759
   -0.031911
  -0.0344727
  -0.0336279
  -0.0356368
  -0.0381218
  -0.0414389
  -0.0391768
  -0.0359841
  -0.0381215
  -0.0396647
  -0.0357676
  -0.0378197
  -0.0248101
  -0.0211366
  -0.0417974
  -0.0427004
  -0.0429831
  -0.0428531
  -0.0417003
  -0.0417773
  -0.0413732
  -0.0401663
  -0.0386021
  -0.0344547
  -0.0299696
  -0.0375121
   -0.032298
  -0.0265637
   -0.040812
  -0.0353093
     -0.0309
  -0.0419997
  -0.0420399
  -0.0409159
   -0.039996
  -0.0409013
   -0.033877
  -0.0290294
  -0.0195619
  -0.0363285
  -0.0361897
  -0.0418667
  -0.0409028
  -0.0330229
  -0.0296851
   -0.039494
  -0.0423822
  -0.0274365
  -0.0401521
  -0.0343725
  -0.0240951
  -0.0328464
  -0.0335115
  -0.0415963
  -0.0371566
   -0.035847
  -0.0345018
  -0.0164174
  -0.0342239
  -0.0391619
   -0.025182
  -0.0344498
  -0.0373088
  -0.0334863
  -0.0407235
  -0.0322436
   -0.021611
  -0.0381766
  -0.0309976
  -0.0281113
  -0.0359892
  -0.0297865
  -0.0320117
  -0.0273032
  0.00602792
 -0.00586297
  0.00575594
  -0.0243356
  -0.0309596
   0.0140473
  -0.0179129
 -0.00233169
   0.0184646
  -0.0199211
  -0.0314103
    0.013646
  -0.0250079
 -0.00818228
    0.021349
  -0.0149226
  -0.0306805
   0.0176321
   0.0143388
   0.0106002
   0.0112707
  0.00713023
  0.00794815
  0.00359496
   0.0045189
 0.000606081
  0.00120731
 -0.00266535
 -0.00204598
 -0.00597623
 -0.00531644
 -0.00930098
 -0.00985863
 -0.00867754
   -0.013118
  -0.0135762
  -0.0167806
   -0.017216
  -0.0162199
-0.000118087
  -0.0139092
  -0.0174948
   0.0017717
 -0.00458123
 -0.00799395
  -0.0198432
  -0.0191893
  -0.0207898
  -0.0209468
  -0.0141673
 -0.00395039
 -0.00729081
  -0.0112579
  -0.0105008
  -0.0143785
 -0.00315366
  -0.0135539
  -0.0104253
  -0.0240363
  -0.0240875
   0.0084906
  -0.0226383
  -0.0219525
  -0.0208737
  -0.0104837
  -0.0233568
   -0.026168
  -0.0143443
 -0.00041826
  -0.0172883
 -0.00949743
  -0.0126037
 -0.00651349
  -0.0239178
   0.0147484
  -0.0155833
 -0.00661482
  -0.0267199
  -0.0264752
  -0.0180423
 -0.00855597
   -0.010476
  -0.0143376
  -0.0209053
  -0.0199661
  -0.0242443
  -0.0289669
  -0.0201788
  -0.0103905
 -0.00624859
 -0.00275777
 -0.00222781
  0.00116743
  0.00982505
    -0.01152
  -0.0159759
  -0.0174902
 -0.00516295
   0.0087699
  0.00471301
  0.00733058
  0.00191846
   0.0033172
  0.00552246
  0.00328342
   -0.029384
  -0.0311203
  -0.0289232
  -0.0313898
   0.0115866
   0.0162875
   0.0144364
   0.0004446
 -0.00316813
-0.000199665
  -0.0214941
   0.0205253
 -0.00651279
   0.0014419
  0.00516123
  -0.0164579
  -0.0175934
  -0.0125334
  -0.0102014
  -0.0252312
  -0.0204028
 -0.00144595
  0.00522572
  0.00907076
   0.0121414
 -0.00644272
   0.0182981
  -0.0175453
  -0.0119182
  -0.0237464
  -0.0280249
  -0.0150058
 -0.00302679
  -0.0289686
   0.0101317
  -0.0111461
  -0.0281728
   0.0224615
  -0.0253938
 -0.00337272
  -0.0186409
  -0.0222694
   0.0126237
    -0.01433
  -0.0214063
-0.000428175
   0.0168666
  0.00231915
  -0.0143108
  -0.0269219
  -0.0264627
    -0.02664
  -0.0291984
  -0.0128599
  -0.0303338
   0.0241656
 -0.00164915
   0.0114235
 -0.00564712
  -0.0169948
  -0.0241307
  0.00163889
   -0.028701
  -0.0228836
  -0.0186997
  -0.0312467
  0.00191224
-0.000647128
  -0.0266637
  0.00804324
  -0.0173033
  -0.0402619
  -0.0114572
  -0.0191861
 -0.00758433
  -0.0227911
  -0.0381933
  -0.0385447
 -0.00282128
  -0.0348415
  -0.0276675
-0.000975202
  -0.0236698
  0.00276878
  -0.0358581
  -0.0272746
  -0.0319965
  0.00563567
  -0.0143924
  -0.0155485
  -0.0126915
  -0.0166023
  -0.0137457
  -0.0175634
  -0.0203302
  -0.0211832
  -0.0238143
  -0.0245781
   -0.021826
   -0.025105
  -0.0277615
  -0.0281825
  -0.0222356
  -0.0146724
  -0.0307314
  -0.0310073
  -0.0283222
  -0.0309961
   -0.030132
  -0.0281892
  -0.0306831
   -0.033006
  -0.0322381
  -0.0333238
  -0.0328389
  -0.0228301
  -0.0348689
  -0.0339015
   -0.031163
  -0.0354684
  -0.0327938
  -0.0298422
  -0.0301241
  -0.0321152
  -0.0314757
  -0.0353025
  -0.0281821
  -0.0301694
   -0.010764
  -0.0116531
  -0.0182058
  -0.0155073
  -0.0124973
 -0.00846099
 -0.00935513
  -0.0131103
   -0.025394
  -0.0251503
  -0.0222224
 -0.00491272
  -0.0357097
  -0.0376534
  -0.0370431
 -0.00439303
  -0.0264199
  -0.0219027
  -0.0188811
  -0.0246947
  -0.0191999
   -0.029275
  -0.0377008
  -0.0261211
  -0.0339622
 -0.00111961
  -0.0311671
  -0.0338475
  -0.0159237
  -0.0152727
  -0.0245163
  -0.0232568
  -0.0101404
  -0.0325122
   -0.039318
  -0.0211431
  -0.0371283
  -0.0116755
 -0.00856573
  -0.0399944
  -0.0393127
  -0.0374225
  -0.0373229
  -0.0365594
   -0.016895
  -0.0221469
  -0.0253527
 -0.00439339
 -0.00564981
 7.60485e-05
  0.00243296
 -0.00133969
  -0.0397126
  -0.0327859
  -0.0325828
  -0.0301041
  -0.0271216
    -0.02611
 -0.00570476
 -0.00978587
  -0.0297194
  -0.0192966
  -0.0184027
   -0.027055
 -0.00759233
  -0.0160591
  -0.0253913
  -0.0278195
  -0.0335372
   -0.018304
  -0.0223964
  -0.0346995
  -0.0334174
  -0.0292388
  -0.0262528
  -0.0357403
  -0.0139266
   -0.006781
  -0.0190194
  -0.0201379
 -0.00374493
  -0.0107839
  -0.0280911
  -0.0361964
  -0.0342955
  0.00538198
  -0.0304068
  -0.0192963
  -0.0352463
   -0.038837
   -0.024874
  -0.0271183
 -0.00072654
  -0.0238085
  -0.0215575
  -0.0374376
  -0.0162199
  -0.0246453
  -0.0283595
  -0.0203194
  -0.0351247
  0.00208434
  -0.0385185
  -0.0363622
  -0.0360066
  -0.0325969
  0.00850105
  -0.0283533
  -0.0133063
  -0.0389311
  -0.0300258
  -0.0344144
 -0.00769425
  -0.0219186
  -0.0406293
  -0.0341015
  0.00165636
   -0.032593
  -0.0246467
   0.0089021
-1.06112e-05
   0.0115627
   -0.026981
  -0.0218718
   0.0180984
-0.000714119
  -0.0120151
   0.0227956
  -0.0181548
  -0.0269347
   0.0196174
   -0.019404
 -0.00702475
   0.0256847
  -0.0130849
  -0.0259663
  0.00409992
  0.00107101
 -0.00308485
 -0.00200288
 -0.00610599
 -0.00506139
-0.000909438
 -0.00399592
 0.000153085
 -0.00291075
  -0.0070434
  -0.0059146
 -0.00177464
 -0.00472299
 -0.00996299
 -0.00910657
 -0.00058002
 -0.00349062
 -0.00761983
 -0.00637064
  0.00237055
  -0.0104532
 -0.00922343
  0.00357307
  0.00649383
 -0.00507747
 -0.00798497
  0.00317118
  0.00753489
   0.0104409
  0.00935709
  0.00468354
   0.0134507
   0.0120591
  -0.0119512
  -0.0107072
   0.0158997
 -0.00379458
   0.0144812
   0.0187605
  -0.0101164
  -0.0130422
  0.00521003
  -0.0120354
  -0.0158919
  -0.0168147
  -0.0195685
  -0.0185385
   -0.011637
  -0.0143953
  -0.0155013
  -0.0205101
-0.000756936
 0.000872474
  0.00826401
  -0.0177487
   0.0105213
  -0.0181763
  -0.0191441
  -0.0170234
  -0.0164845
  -0.0144934
  0.00334462
  0.00414218
   0.0168673
  -0.0211228
   -0.013112
 -0.00922663
  -0.0200069
  -0.0227058
   0.0130059
  0.00933335
  -0.0220124
  -0.0120233
  0.00510329
  -0.0208594
 -0.00219958
  -0.0233722
 -0.00411638
   0.0122708
   0.0152684
   0.0146766
 -0.00398362
    0.020728
  0.00803485
   0.0150645
  -0.0200773
  -0.0270782
  -0.0237459
  -0.0159022
  -0.0265546
   -0.023769
  0.00334151
   0.0249639
    0.021266
   0.0234762
   0.0212259
   0.0170707
 -0.00809939
 -0.00716107
  -0.0159971
  0.00215228
 -0.00807477
  0.00120665
   -0.014033
  -0.0148306
 -0.00880875
  -0.0131611
 -0.00216033
    -0.02186
   -0.012746
 -0.00666343
 0.000671522
   0.0052919
  -0.0181574
  0.00194709
  -0.0257966
  -0.0110781
  -0.0110001
  -0.0234292
  -0.0149718
  -0.0264882
   0.0080904
 -0.00531641
 -0.00967176
  -0.0230087
   0.0270496
  -0.0137788
    0.014176
  0.00865144
  0.00685195
    -0.01582
  -0.0186077
  -0.0196154
  0.00578027
  0.00554572
  -0.0174457
   0.0228516
  -0.0166756
  0.00881718
  -0.0079601
  -0.0237644
   0.0118081
   0.0111089
   0.0175431
  -0.0120335
  -0.0255991
   0.0287508
  -0.0204537
   0.0064276
  -0.0152105
   0.0199123
  -0.0248893
   0.0115917
  0.00721833
 -0.00993671
  -0.0211736
   0.0185832
 -0.00918474
  0.00216513
   0.0277495
   0.0308523
  -0.0136269
-0.000774329
   0.0140222
   0.0222905
 -0.00965859
   0.0213832
  -0.0186219
  0.00536676
    0.031408
   0.0172315
  -0.0172646
   0.0306655
  -0.0224425
   0.0111282
   0.0311703
   0.0285792
   0.0287431
   0.0258553
   0.0259175
   0.0228052
   0.0227598
   0.0195721
   0.0193899
   0.0160603
   0.0157368
   0.0123767
   0.0120189
   0.0087565
  0.00826966
   0.0115071
  0.00494286
  0.00769303
   0.0109429
  0.00705785
   0.0102492
  0.00378065
   0.0223621
   0.0140755
    0.013334
   0.0125717
  0.00543711
  0.00158047
  0.00312629
-0.000209777
  0.00938565
   0.0124197
   0.0170591
  0.00217663
 -0.00181399
  -0.0022849
 -0.00575972
 -0.00614592
 -0.00138484
 -0.00961332
   0.0177452
  0.00843093
   0.0115096
   0.0195924
 -0.00087653
 -0.00425269
   0.0154845
   0.0208208
  0.00250785
 -0.00143111
   0.0199247
  0.00614504
 -0.00994123
 -0.00932175
  -0.0128927
   0.0216859
   0.0146645
    0.025974
 0.000496501
   0.0184435
  0.00757731
  0.00187779
 -0.00647024
  -0.0125944
   0.0238082
   0.0225479
 -0.00997381
  -0.0133936
 -0.00971722
 -0.00143339
   0.0189384
   0.0263549
   0.0246857
   0.0248705
   0.0275444
   0.0272678
   0.0312798
  -0.0161261
  -0.0166384
  -0.0204614
  -0.0133225
 -0.00609287
  0.00612549
  0.00529923
  0.00903024
  0.00137472
   0.0078944
   0.0121839
  0.00831164
   0.0092441
  0.00236647
   0.0100716
   0.0178332
   0.0203865
 -0.00600293
 -0.00636575
   0.0199139
   0.0248628
   0.0285597
   0.0260166
    -0.00197
   0.0298375
  -0.0132112
   0.0163368
  0.00438748
   0.0147243
 -0.00488787
  0.00632229
 -0.00574153
  0.00919076
   0.0163186
   0.0164386
   0.0224421
   0.0153096
   0.0275634
   0.0191918
  0.00102549
  0.00552023
   0.0127068
 -0.00281372
   0.0189436
   0.0132838
  0.00346426
 -0.00302467
  -0.0208417
   0.0148169
   0.0150216
   0.0281422
   0.0220714
 -0.00345562
  -0.0165862
   0.0245195
   0.0170155
 -0.00676261
  0.00289431
   0.0238586
  -0.0194285
  -0.0120642
  0.00478578
   0.0104455
  0.00634482
   0.0247769
  -0.0241254
   0.0130328
   0.0304037
   0.0299337
   0.0190917
    0.021457
 -0.00955484
 -0.00691688
  0.00960014
  0.00128669
   0.0174805
  -0.0156719
 -0.00409225
   0.0286012
   0.0124836
  0.00503389
   0.0113692
    0.013824
   0.0401555
   0.0382421
   0.0226461
  0.00615407
   0.0193695
   0.0387431
  0.00421432
   0.0238882
   0.0275226
-0.000267744
    0.034833
 -0.00214973
   0.0359755
    0.030429
   0.0314887
 -0.00608698
   0.0398363
   0.0385572
   0.0386297
   0.0368817
   0.0367699
   0.0348061
    0.034768
   0.0325107
   0.0323243
   0.0299129
   0.0299625
   0.0272187
   0.0270132
   0.0241766
    0.027179
   0.0345269
   0.0238149
   0.0209143
   0.0211636
   0.0177993
   0.0265495
   0.0179551
   0.0145038
   0.0231969
   0.0258187
   0.0175032
   0.0344061
   0.0145257
    0.017948
   0.0109564
   0.0109231
   0.0223873
   0.0249638
   0.0281758
    0.027114
    0.030204
  0.00731771
   0.0288207
   0.0144207
   0.0178021
   0.0319603
   0.0299231
   0.0363299
    0.033906
   0.0381323
    0.031894
   0.0310792
   0.0330458
    0.030006
   0.0281303
    0.019634
   0.0319343
   0.0211941
   0.0210467
   0.0189151
  0.00717699
   0.0108204
  0.00371869
   0.0345562
   0.0332227
   0.0242217
   0.0318424
   0.0040669
   0.0162439
   0.0259527
   0.0333415
   0.0349231
    0.023921
   0.0205896
   0.0356019
   0.0268811
  0.00695544
   0.0105886
-7.12544e-05
   0.0104296
   0.0141557
   0.0108873
   0.0238169
   0.0400578
   0.0169597
  0.00262511
   0.0174375
   0.0200052
    0.014257
   0.0168503
   0.0204732
   0.0374886
   0.0218888
   0.0251007
   0.0282526
   0.0392145
   0.0364189
    0.039602
   0.0383557
 -0.00325773
  0.00117753
   0.0256895
   0.0270741
    0.028902
   0.0320269
   0.0335126
   0.0297025
   0.0307768
   0.0366514
   0.0323601
   0.0295985
   0.0355979
   0.0291067
   0.0243127
   0.0212427
   0.0203954
  0.00757263
   0.0143677
  0.00343825
   0.0110252
   0.0290063
   0.0141193
   0.0106964
    0.037754
   0.0296797
   0.0169381
   0.0367602
   0.0243431
   0.0311725
  0.00747782
   0.0339649
 -0.00528094
   0.0272586
   0.0239054
   0.0338261
   0.0269394
   0.0137337
  0.00761058
   0.0354817
   0.0361247
   0.0264793
    0.033361
 0.000123914
  0.00436018
   0.0152941
   0.0177619
   0.0374753
   0.0323394
   0.0214171
   0.0230663
   0.0325022
 -0.00869838
   0.0281251
   0.0258903
  0.00138483
   0.0251613
   0.0253762
   0.0366936
    0.013433
 -0.00292942
   0.0343828
  0.00796324
   0.0275247
 0.000492333
   0.0258197
 -0.00939805
  -0.0178153
   0.0220024
  0.00771165
  -0.0119369
 0.000228087
   0.0270034
  -0.0191952
    0.018215
   0.0162856
  -0.0232632
   0.0264912
   0.0067246
  -0.0266953
   0.0136981
   0.0231231
  -0.0124581
 -0.00863033
 -0.00544326
 -0.00466493
 -0.00145613
-0.000605204
 -0.00383077
 0.000277594
 -0.00294072
  0.00116594
  0.00438485
  0.00524502
  0.00203133
   0.0060761
  0.00834281
  0.00259439
  0.00288253
  0.00682375
  0.00999576
   0.0107185
 -0.00119175
   0.0138251
   0.0145351
-0.000351845
 -0.00438375
  0.00745655
 -0.00696625
   0.0175876
   0.0167617
   0.0182877
   0.0151395
 -0.00345213
 -0.00751299
 -0.00836891
  -0.0115756
  -0.0121771
   0.0188324
   -0.015015
   0.0204185
   0.0194839
  -0.0157188
   -0.018667
    0.001729
  0.00574518
    -0.01176
  0.00667525
  0.00981288
  0.00876332
   0.0128106
   0.0136265
 0.000486021
   0.0116763
   0.0157813
   0.0183472
 -0.00244958
   0.0156269
   0.0117747
   0.0190954
  0.00786748
  -0.0127358
   0.0147148
 -0.00600587
   0.0220275
  0.00135647
  -0.0142271
     0.01061
  -0.0164107
   0.0172074
   0.0208621
  -0.0133868
   0.0165164
   0.0120577
  0.00799905
   0.0228552
  0.00430643
    0.023112
   0.0238328
   0.0193144
 -0.00621779
   0.0247491
   0.0125415
    0.022075
   0.0233786
 -0.00393056
 -0.00794425
 -0.00912769
  0.00358948
  -0.0159056
   0.0203054
   0.0163741
  -0.0153722
  -0.0197575
   -0.003051
 -0.00222727
   0.0197976
   0.0268211
   -0.022625
  -0.0194652
  -0.0230833
  -0.0228059
  -0.0194864
   0.0159715
   0.0141393
 -0.00784565
  0.00350794
 -0.00201917
  0.00484588
    0.010565
  0.00918109
   0.0129884
   0.0036307
   0.0216108
   0.0112963
   0.0159147
   0.0210591
 -0.00520421
  0.00792759
   0.0265956
 0.000908951
   0.0074942
  0.00428912
  0.00413935
   0.0120432
 -0.00909931
    0.026924
   0.0100755
   0.0256969
  -0.0260589
  -0.0104335
 -0.00978211
   0.0112426
  0.00469098
   0.0242273
  0.00723836
  -0.0105645
   0.0140238
  -0.0256717
   0.0194068
   0.0245147
  -0.0010805
 -0.00513286
  -0.0144445
   0.0124805
 -0.00627115
  -0.0132874
   0.0120124
   0.0257032
  -0.0287422
   0.0163609
   0.0246413
  -0.0168558
    0.019099
  -0.0164398
  0.00211999
    0.022222
  0.00937639
  0.00345804
  -0.0169154
    0.041946
   0.0313488
   0.0339106
   0.0293947
   0.0417279
   0.0402493
    0.027296
   0.0324021
   0.0359546
    0.023748
   0.0370837
   0.0395667
   0.0243296
   0.0358229
   0.0319615
   0.0195156
   0.0326316
   0.0359952
   0.0326722
   0.0352093
   0.0363895
   0.0374804
   0.0384916
   0.0394215
    0.038206
   0.0399771
   0.0385795
   0.0401485
   0.0413687
   0.0413407
   0.0399424
   0.0409213
   0.0423391
   0.0402491
   0.0393286
   0.0401088
   0.0415038
   0.0405007
   0.0381684
   0.0416963
   0.0405139
   0.0373553
   0.0360331
   0.0391287
    0.038962
   0.0366589
   0.0351381
   0.0336214
   0.0343415
   0.0362559
     0.03165
    0.032377
   0.0401333
   0.0383934
   0.0297047
   0.0374012
    0.030214
   0.0270587
    0.039132
   0.0406905
   0.0336884
   0.0416424
   0.0418988
   0.0407017
    0.041742
   0.0426949
   0.0424916
   0.0424742
   0.0430744
   0.0402296
   0.0373377
   0.0352835
    0.034083
   0.0391973
   0.0328096
   0.0428419
   0.0432403
   0.0420468
   0.0432702
   0.0394706
   0.0352946
   0.0368756
   0.0291019
   0.0386165
   0.0375922
   0.0363434
   0.0432506
   0.0429708
   0.0303703
   0.0327403
   0.0423797
   0.0352511
   0.0332433
    0.042244
   0.0350891
   0.0427187
   0.0349063
   0.0302008
   0.0288805
   0.0301541
   0.0322569
   0.0255142
   0.0310634
    0.027759
   0.0388408
   0.0408819
   0.0411143
   0.0360414
   0.0379134
   0.0393273
   0.0320543
   0.0214562
   0.0251619
   0.0225567
   0.0240003
   0.0274753
   0.0355754
   0.0372259
   0.0349443
   0.0360994
   0.0410139
   0.0385778
   0.0393471
   0.0426103
   0.0421164
    0.041495
   0.0388915
   0.0427865
   0.0429001
   0.0370257
   0.0383266
   0.0366484
   0.0400465
    0.036979
   0.0422597
   0.0376726
    0.042188
   0.0412611
   0.0378203
   0.0421883
   0.0348151
   0.0347719
   0.0309962
   0.0353802
   0.0188268
   0.0429256
   0.0310179
   0.0328843
   0.0349398
   0.0409366
   0.0376076
   0.0413221
   0.0346191
   0.0349963
   0.0431371
   0.0215667
   0.0384613
   0.0320366
   0.0341027
   0.0375866
   0.0314998
   0.0327756
   0.0283658
   0.0298854
   0.0340355
   0.0163838
   0.0429711
   0.0335479
   0.0367582
    0.026526
   0.0418724
   0.0305576
    0.031001
   0.0330987
   0.0371194
   0.0276143
