eigs

6.37356e-15
  0.0598224
  0.0600992
  0.0605042
   0.174515
   0.174743
   0.176161
    0.18699
   0.188417
   0.350863
    0.35647
   0.357856
   0.358743
   0.359541
   0.363497
   0.364022
   0.582161
   0.586149
   0.588038
   0.592605
   0.594846
   0.597213
    0.59977
   0.601101
   0.607113
   0.869365
   0.873449
   0.875392
    0.87749
   0.880298
   0.885032
   0.888492
   0.892577
   0.896248
   0.899258
   0.902356
    1.20706
      1.211
    1.21343
    1.21993
    1.22308
    1.22541
    1.22987
    1.23207
    1.23439
    1.23567
    1.24406
    1.24681
    1.25315
    1.59885
    1.60299
    1.60516
    1.60915
    1.61038
    1.61058
    1.61356
    1.61889
    1.62789
    1.63262
    1.63332
    1.63483
    1.63714
    1.64523
    1.64629
    2.02059
     2.0314
    2.03543
     2.0452
    2.05034
    2.05351
    2.05864
    2.06352
    2.06409
     2.0655
    2.06753
     2.0703
    2.07221
    2.07601
    2.07871
    2.08078
     2.0865
    2.48875
     2.4994
    2.50525
     2.5111
     2.5172
    2.52239
    2.52845
    2.53296
    2.53559
    2.54187
    2.54654
    2.54654
    2.55956
    2.56029
    2.56091
    2.56553
    2.57042
    2.57082
     2.5833
