mode

   0.0440996
  -0.0119724
   0.0439966
  -0.0117841
  -0.0322765
  -0.0323436
   0.0487993
   0.0523671
   0.0545932
   0.0552889
   0.0544849
   0.0523613
   0.0488811
   0.0436568
   0.0375622
   0.0312991
    0.023892
   0.0158009
  0.00825117
 0.000993056
 -0.00602637
  -0.0166066
  -0.0200966
  -0.0223814
  -0.0231951
  -0.0224687
  -0.0202899
  -0.0166644
   -0.011688
 -0.00585972
 0.000595115
  0.00823332
   0.0161899
   0.0237371
    0.031201
   0.0381827
   0.0486284
   0.0520725
   0.0542033
   0.0548557
   0.0540551
   0.0519529
   0.0486392
   0.0438299
   0.0378197
   0.0310705
   0.0237444
   0.0162758
  0.00872251
 0.000964979
 -0.00600005
  -0.0165463
  -0.0201828
  -0.0224176
  -0.0231177
  -0.0222922
  -0.0201171
  -0.0168087
  -0.0120558
 -0.00600328
 0.000839398
  0.00812087
   0.0156721
   0.0235529
   0.0313549
   0.0382657
  -0.0119664
   -0.012586
  -0.0134556
  -0.0144368
  -0.0157275
  -0.0173549
  -0.0192193
  -0.0211983
  -0.0232683
  -0.0252104
  -0.0269463
  -0.0285958
  -0.0300606
  -0.0311872
  -0.0319522
  -0.0320939
  -0.0314483
  -0.0304413
  -0.0292038
  -0.0277159
  -0.0259413
  -0.0239442
  -0.0218884
  -0.0198622
   -0.018007
  -0.0164962
  -0.0151474
  -0.0138469
  -0.0127838
  -0.0120613
  -0.0119656
  -0.0125512
  -0.0132526
  -0.0141177
  -0.0155071
  -0.0175688
  -0.0195162
  -0.0214109
  -0.0235606
  -0.0255041
  -0.0272073
  -0.0287835
   -0.030137
  -0.0312608
  -0.0320297
  -0.0321991
   -0.031613
  -0.0306901
  -0.0294641
  -0.0278515
  -0.0258845
  -0.0239348
   -0.021992
  -0.0201108
  -0.0182923
  -0.0163747
   -0.014578
  -0.0135218
  -0.0129985
  -0.0124581
   0.0441706
   0.0426813
   0.0396992
   0.0355373
   0.0304815
    0.024416
   0.0174708
   0.0100537
  0.00253529
 -0.00461956
  -0.0112892
  -0.0177029
  -0.0230633
  -0.0273934
  -0.0306618
  -0.0324936
  -0.0310903
  -0.0281877
   -0.023988
  -0.0187484
  -0.0128235
 -0.00630507
  0.00141207
   0.0092158
   0.0161129
   0.0231058
   0.0294535
    0.034727
   0.0392318
   0.0423628
   0.0440679
   0.0425291
   0.0398711
   0.0360472
   0.0306375
   0.0240835
   0.0173715
   0.0101895
  0.00262638
  -0.0047116
  -0.0115404
  -0.0177546
  -0.0232264
  -0.0276556
  -0.0306765
  -0.0324403
  -0.0310847
  -0.0282432
  -0.0241363
  -0.0188946
  -0.0128384
 -0.00616377
 0.000819619
  0.00848565
   0.0160371
   0.0229624
   0.0296504
   0.0351781
   0.0394384
   0.0425324
 -0.00919737
  0.00178297
  -0.0262925
  -0.0215646
  -0.0183611
  0.00278173
  -0.0220621
   0.0222629
  -0.0308094
  -0.0234373
   0.0193916
  -0.0278004
  -0.0181426
   0.0320037
   -0.032556
  -0.0174364
   0.0335782
  -0.0326006
  -0.0246814
  -0.0278088
  -0.0291596
  -0.0295529
  -0.0304826
  -0.0297456
  -0.0290799
   -0.028182
  -0.0278008
  -0.0258755
  -0.0258613
  -0.0225132
  -0.0228331
  -0.0185246
  -0.0221894
  -0.0302629
  -0.0192012
  -0.0140737
  -0.0131272
 -0.00795945
  -0.0231262
 -0.00671695
-0.000940718
  -0.0198253
  -0.0233174
 -0.00945486
  -0.0282565
   0.0004795
 -0.00580333
  0.00672543
  0.00468653
  -0.0204645
  -0.0234982
  -0.0254014
  -0.0250711
  -0.0259878
   0.0126847
  -0.0251279
  0.00147414
 -0.00524169
  -0.0250577
  -0.0235557
  -0.0312837
  -0.0305457
  -0.0263236
   -0.028447
  -0.0281951
  -0.0306793
  -0.0278112
  -0.0246911
  -0.0161478
  -0.0306878
  -0.0119005
  -0.0118169
  -0.0172715
   0.0101231
  0.00208662
   0.0178892
  -0.0322621
  -0.0263726
  -0.0175533
  -0.0272857
   0.0199338
  -0.0124997
   -0.024637
  -0.0324042
  -0.0243715
  -0.0176171
  -0.0118248
  -0.0260761
   -0.023857
  0.00683889
  -0.0011534
   0.0263245
  -0.0047173
  0.00207347
  0.00883012
  -0.0186616
  -0.0278918
 -0.00558213
   0.0118473
 -0.00500256
  -0.0124568
  -0.0150139
  -0.0191595
  -0.0215517
  -0.0235578
  -0.0219199
  -0.0233471
  -0.0207296
  -0.0201117
  -0.0222388
  -0.0229798
   -0.020871
  -0.0235358
  -0.0270009
  -0.0319045
  -0.0309295
  -0.0307489
   0.0273174
   0.0267122
  -0.0294374
  -0.0303822
  -0.0284423
  -0.0283936
  -0.0258261
  -0.0318574
  -0.0253558
  -0.0179196
  -0.0123114
 -0.00281822
   0.0142096
  -0.0151101
  0.00798036
   0.0149898
  -0.0256662
  -0.0110258
  0.00893373
  -0.0314298
  -0.0256453
  -0.0322712
  -0.0176409
  -0.0266967
 -0.00511202
    0.015847
   0.0353605
  -0.0329283
  -0.0235633
  -0.0273559
  -0.0219323
 -0.00744671
   0.0152846
  -0.0328212
  -0.0273413
   0.0210869
  -0.0216743
  -0.0164778
   0.0226599
  -0.0135511
  -0.0180453
   -0.024942
  -0.0325037
  -0.0209409
  -0.0236695
   0.0390936
  -0.0328262
  -0.0215078
   0.0257706
  -0.0241586
  -0.0225703
  -0.0181069
  -0.0237798
 -0.00940034
   0.0292174
  -0.0329339
  -0.0194843
 -0.00347085
   -0.024443
   -0.014991
  -0.0154329
   0.0109862
   0.0452193
  -0.0184009
  -0.0111087
   0.0237909
  -0.0126463
    0.026636
  -0.0261606
   0.0534285
   0.0121847
    0.036749
  -0.0244546
 -0.00905621
   -0.029555
    0.051913
 -0.00768925
   0.0447424
  -0.0309962
 -0.00812418
 -0.00314514
 -0.00479874
  0.00190308
 -0.00156134
  0.00730977
  0.00433996
   0.0125305
  0.00895587
   0.0172808
   0.0133501
   0.0215973
   0.0169995
   0.0249852
   0.0198593
   0.0118797
   0.0275986
   0.0141439
  0.00614896
  0.00792236
 7.37104e-05
    0.015927
  0.00154638
 -0.00161107
 -0.00730245
   0.0253138
    0.032494
   0.0347502
  0.00918305
   0.0170561
 -0.00605031
  -0.0128997
 -0.00879305
   0.0389456
   0.0409358
    0.036007
     0.04186
   0.0362375
   0.0449417
   0.0415859
 -0.00347487
  -0.0118441
  -0.0181127
   0.0152326
   0.0100486
   0.0176407
  -0.0190795
   -0.010545
  0.00184814
  0.00182302
  -0.0154236
   0.0358109
   0.0354716
   0.0469998
   0.0457723
 -0.00591104
  -0.0238015
  0.00269533
   0.0235027
  0.00124043
  -0.0166512
  -0.0050113
   0.0296698
   0.0503906
   -0.017021
  -0.0207641
   0.0280485
   0.0335172
   0.0198243
 -0.00585915
  -0.0243092
  -0.0218609
  -0.0123541
 -0.00750152
  -0.0131286
 -0.00845597
  -0.0103282
   0.0486303
   0.0428241
   0.0413167
   0.0534074
   0.0398876
   0.0404267
     0.03507
   0.0448998
   0.0354366
   0.0286059
   0.0493476
 0.000537715
  -0.0283497
  -0.0250313
  -0.0192775
   0.0335354
   0.0194632
   0.0148752
   0.0520427
   0.0503083
   0.0490645
  -0.0280944
  0.00448708
   0.0467879
  -0.0145109
 -0.00631382
   0.0399594
  -0.0140587
   0.0220613
  0.00391222
   0.0102209
  0.00132339
   0.0289421
   0.0202593
   0.0219814
   0.0101305
  0.00886077
-0.000688501
  -0.0199298
   0.0294221
 -0.00518113
     -0.0286
   0.0302871
   0.0053658
  -0.0146964
   0.0280799
    0.049157
  -0.0311845
 -0.00295208
  -0.0272196
 -0.00146672
   0.0239167
   0.0309823
   0.0214882
  -0.0243346
   0.0227781
   0.0411943
  0.00735073
 -0.00220067
   0.0458195
   0.0155766
  -0.0105641
  -0.0219239
  -0.0205729
   0.0462947
  -0.0321293
 -0.00808621
  -0.0177723
   0.0171959
   0.0512689
  -0.0232485
   0.0163837
    0.031106
 -0.00992356
  -0.0265948
   0.0377112
 -0.00801017
   0.0396184
 -0.00361903
  -0.0256278
 -0.00689456
  0.00865645
  -0.0190857
   0.0462409
   0.0280547
   0.0310164
 -0.00596495
  -0.0124312
  -0.0254399
   0.0550775
 -0.00885796
  -0.0189441
    0.041838
   0.0116377
   0.0540265
  -0.0287193
 -0.00201422
  -0.0281333
   0.0478301
   0.0405563
   0.0421936
    0.047206
   0.0424989
   0.0468405
   0.0413866
   0.0366402
   0.0348501
   0.0298146
   0.0274871
   0.0320193
   0.0241542
   0.0194511
   0.0157748
   0.0281101
    0.045012
   0.0109521
  0.00714105
   0.0115079
  0.00292767
    0.014174
  0.00667375
 -0.00164403
  0.00568441
  0.00856834
 -0.00519414
 -0.00952488
   0.0310888
 0.000565566
  0.00310957
    0.010702
 -0.00233733
  0.00455016
   0.0120978
 -0.00646152
   -0.013904
  0.00541533
  -0.0126338
    0.012951
  0.00451869
   0.0498687
   0.0473541
   0.0362731
   0.0417593
   0.0433336
      0.0485
   0.0436816
   0.0384539
   0.0154098
  0.00999236
   0.0186139
   0.0484713
 -0.00885572
  -0.0159459
 -0.00665306
   0.0521371
    0.019979
   0.0127199
   0.0211971
  0.00428754
    0.026559
  -0.0107681
  -0.0124324
   0.0242487
-0.000803441
   0.0514095
  -0.0175042
  -0.0202069
   0.0284213
   0.0228365
   0.0203214
   0.0261738
   0.0379831
   -0.023583
  -0.0181491
  0.00696255
  -0.0196082
   0.0312776
    0.050619
  -0.0167506
  -0.0146303
 -0.00853859
  -0.0273225
  -0.0102734
   0.0344135
   0.0202172
  -0.0128167
   0.0369159
    0.042247
   0.0552692
   0.0456239
   0.0474382
  -0.0233862
 -0.00821392
 -0.00279354
 -0.00198883
   0.0053777
   0.0127519
   0.0535213
   0.0509406
  -0.0241158
   0.0370988
   0.0388338
    0.022341
   0.0516822
   0.0376215
   0.0200675
  0.00158675
 -0.00121706
   0.0149774
   0.0236859
  -0.0166222
  0.00247981
   0.0166426
 -0.00831635
 -0.00547111
   0.0170342
   0.0532898
   0.0353222
  0.00108616
   0.0542643
   0.0244416
   0.0183352
   -0.022604
  -0.0301751
   0.0512642
 -0.00791754
   0.0311626
 -0.00215449
  -0.0132591
   0.0255013
 -0.00354253
   0.0538556
-0.000908501
   0.0316283
 -0.00927355
   0.0331744
  0.00535659
  -0.0149169
   0.0303897
  -0.0252595
   0.0499143
  -0.0114838
 -0.00434973
 -0.00626271
  -0.0310677
   0.0480413
 -0.00831078
   0.0344006
  -0.0148782
  -0.0201167
 -0.00467382
   0.0363445
   0.0253687
  -0.0223784
  -0.0274545
   0.0526562
 0.000448924
 -0.00786075
    0.011113
   -0.022774
  -0.0273192
  -0.0211908
  0.00517498
  -0.0104749
   0.0290845
  -0.0184987
  -0.0220623
    0.020161
  -0.0226212
   -0.029767
  -0.0168737
   0.0364911
  -0.0308604
    0.034692
  -0.0185691
  -0.0244548
  -0.0249648
  -0.0237093
  -0.0248147
  -0.0239702
  -0.0239791
  -0.0244882
  -0.0225911
  -0.0227169
  -0.0198391
  -0.0201651
  -0.0164587
  -0.0157866
  -0.0115559
   -0.017273
  -0.0235217
  -0.0106027
 -0.00567735
 -0.00711811
-0.000666335
  -0.0153096
 -0.00257019
  0.00433171
 -0.00984563
  -0.0150545
  0.00625426
   0.0117224
  -0.0249665
 -0.00950842
  -0.0151415
  -0.0196868
 -0.00372509
  -0.0200686
  -0.0234765
  0.00919519
   0.0168249
  -0.0237249
   0.0134859
  -0.0263756
  -0.0265598
  -0.0231419
  -0.0230544
  -0.0261794
  -0.0224136
  -0.0223562
  -0.0226509
   -0.022372
  -0.0211844
   -0.008868
 -0.00482984
  -0.0108595
  -0.0222757
  0.00749819
   0.0145582
 -0.00330187
  -0.0216574
  -0.0259725
 -0.00732798
  -0.0130613
-0.000804999
  -0.0157023
   0.0131745
  0.00827108
  -0.0228664
  -0.0204131
  -0.0210268
    0.020689
    0.024161
  -0.0172415
  -0.0153529
  -0.0278742
  -0.0270627
  -0.0216016
   0.0284126
   0.0138927
 -0.00432756
   0.0212697
  -0.0197106
  -0.0211987
  0.00353722
 -0.00357637
 -0.00975731
   0.0335798
  -0.0171014
   -0.025944
  -0.0286048
   0.0126636
  -0.0226315
    -0.02253
  -0.0175541
  -0.0212724
  -0.0219464
   0.0230786
  -0.0262901
  -0.0250487
  -0.0285034
  -0.0294919
   -0.028584
  -0.0197255
  -0.0224904
   0.0276376
  -0.0257159
  -0.0225092
  -0.0196784
  -0.0223459
  -0.0208099
  -0.0127385
  0.00196482
 0.000818664
  -0.0102772
  -0.0141265
    0.019352
 -0.00456701
  -0.0196197
  0.00956718
  0.00189427
  -0.0138801
    -0.02144
  -0.0204888
 -0.00164125
  -0.0204815
  -0.0182614
  -0.0230768
    0.026729
   0.0391117
  -0.0166054
  -0.0295598
  -0.0181324
  -0.0154595
  0.00363753
  -0.0253886
   0.0060858
  -0.0197072
  0.00245745
  -0.0263884
  0.00258569
  -0.0190992
  -0.0305422
   0.0167166
  -0.0271892
   0.0310347
  -0.0200783
 -0.00247254
 -0.00919705
   -0.016356
   0.0404383
  -0.0152677
  -0.0313196
  -0.0200524
  0.00828049
   0.0230778
  -0.0215124
  -0.0219613
  -0.0278815
   0.0180015
   0.0343402
  -0.0190335
  -0.0237482
   0.0381728
  -0.0166635
  0.00783695
  -0.0132768
   0.0266418
   0.0522668
  -0.0239051
   0.0306583
   -0.010795
  -0.0279297
   0.0110118
    0.053875
  -0.0243993
   0.0418974
 -0.00790438
  -0.0310319
 -0.00260106
   0.0494091
  -0.0283819
  -0.0247257
  -0.0198713
  -0.0206077
  -0.0147713
  -0.0158272
 -0.00915823
  -0.0105387
 -0.00337358
 -0.00493688
  0.00260733
 0.000521131
  0.00843504
  0.00574057
   0.0139539
    0.016491
   0.0108264
   0.0219861
   0.0243842
   0.0297188
   0.0319383
   0.0265988
 -0.00228358
   0.0258937
   0.0331473
 -0.00670379
   0.0026394
  0.00725994
   0.0340933
   0.0302145
   0.0389735
   0.0396795
   0.0266112
-0.000473615
  0.00343846
    0.011257
   0.0067011
   0.0144236
 -0.00407365
  0.00928039
    0.019076
   0.0448372
   0.0449197
  -0.0169538
   0.0370733
   0.0326032
   0.0390806
   0.0189144
   0.0410602
   0.0437319
   0.0264837
 -0.00504635
   0.0166178
  0.00160887
  0.00404458
   0.0109427
   0.0437005
  -0.0248839
   0.0228578
   0.0112621
   0.0490251
   0.0467077
    0.022034
  -0.0030407
   0.0179704
    0.025365
     0.02418
   0.0180757
   0.0315152
   0.0488786
   0.0363656
    0.016352
   0.0097519
  0.00298696
  0.00123204
 -0.00425388
  -0.0192313
 -0.00126835
  0.00623661
  0.00426811
  -0.0092313
   0.0454414
  -0.0189716
  -0.0137767
  -0.0165092
  -0.0110971
  -0.0107088
  -0.0131393
   0.0523167
    0.051152
   0.0539088
  -0.0215348
  -0.0259079
   -0.024317
  -0.0125397
 -0.00704795
   0.0367626
  -0.0296663
  -0.0139805
  -0.0080773
  -0.0144631
 -0.00643367
   0.0111798
   0.0332703
   0.0188309
   0.0182036
   0.0388162
    0.037087
 -0.00102006
 -0.00184386
  -0.0119685
  -0.0179433
  -0.0217009
   0.0103616
  -0.0284608
   0.0324007
   0.0152444
   0.0435101
   0.0481677
   0.0188803
  0.00391687
  -0.0196369
   0.0514517
  -0.0099924
 -0.00679758
   0.0450966
   0.0448321
  -0.0311737
  0.00411671
   0.0262604
   0.0182882
   0.0238705
  -0.0223549
   0.0289509
 -0.00666228
  -0.0268651
 1.59835e-05
   0.0339376
   0.0480813
    0.048648
   0.0520864
 -0.00187773
 -0.00785956
   0.0463563
  -0.0321272
-0.000584599
  -0.0208626
    0.030198
 -0.00528565
   0.0344936
 -0.00737803
   0.0502421
   0.0405206
   0.0126722
   0.0503567
  -0.0096142
   0.0477669
 -0.00957044
    0.046855
    0.017317
  -0.0187583
  -0.0124071
 -0.00582073
   0.0528926
   0.0274507
  -0.0253512
   0.0375752
   0.0124562
  -0.0190173
   0.0547544
 -0.00941901
   0.0455515
  -0.0286254
 -0.00704767
  -0.0285905
   0.0508736
  -0.0163631
   -0.012444
   -0.014924
 -0.00801746
  -0.0108074
 -0.00320106
-0.000383084
   0.0048878
  0.00762348
   0.0131683
   0.0099499
   0.0183655
   0.0214093
   0.0265999
   0.0146607
 -0.00632802
    0.029344
   0.0342417
   0.0309428
   0.0382091
   0.0235862
   0.0343157
   0.0410658
   0.0311271
   0.0248439
   0.0409235
  0.00201352
    0.036712
   0.0294832
   0.0428998
   0.0466382
   0.0318208
   0.0249218
   0.0180784
    0.017848
   0.0112455
   0.0477781
   0.0114057
   0.0313935
     0.02381
  0.00450607
  0.00518277
  -0.0137648
 -0.00956067
   -0.010169
 -0.00158937
 -0.00508548
   -0.013094
 -0.00879783
  -0.0010289
   0.0378982
  -0.0169663
    0.021566
   0.0156523
    0.037701
   0.0508695
   0.0490526
   0.0512472
   -0.020012
  0.00392992
   0.0131908
  0.00972277
    0.047554
   0.0431037
   0.0170375
  -0.0230846
 -0.00276507
  0.00751252
  0.00932728
  -0.0026015
 -0.00475897
    0.052579
    0.050158
   0.0498288
   0.0496818
   0.0251585
   0.0320564
 0.000349358
  -0.0210407
  0.00952501
   0.0546661
   0.0175125
  0.00167154
   0.0409681
   0.0346235
   0.0299273
  -0.0271847
   0.0194779
  -0.0125472
  -0.0131617
  -0.0143102
 -0.00921773
  -0.0233112
  -0.0175466
   0.0534934
   0.0422301
  0.00504314
  0.00846877
 0.000543082
 -0.00378428
 -0.00257823
   -0.024557
   -0.020894
 -0.00547758
  0.00178465
   0.0156281
  -0.0169462
  0.00267596
   0.0229593
   0.0266736
   0.0365965
   0.0434828
   0.0443061
   0.0535945
   0.0381051
   0.0173573
   0.0462372
   0.0244796
  -0.0202204
  0.00647357
   0.0426468
  -0.0227343
   0.0184167
     0.01083
   0.0315174
  -0.0296181
   0.0479039
 -0.00229481
   0.0241703
  0.00361947
   0.0103698
   0.0468711
   0.0382501
  -0.0250409
 -0.00340197
  0.00568777
 -0.00978527
   0.0531442
   0.0430176
   0.0427537
    0.036913
 -0.00847564
  -0.0258826
   0.0315227
   0.0219809
  -0.0310089
   0.0476139
 -0.00775127
   0.0011813
   0.0461737
   0.0146864
 -0.00751221
 -0.00725428
   0.0464286
   0.0516612
  -0.0267155
   0.0505087
   0.0113721
  -0.0229155
  -0.0142059
   0.0101935
  -0.0100583
  0.00478479
  -0.0200877
  -0.0276429
   0.0287129
   -0.022699
  -0.0299061
   0.0201322
  -0.0173645
  -0.0221769
  -0.0213248
   0.0364468
  -0.0293748
   0.0350836
  -0.0157622
  0.00295818
  0.00282551
  0.00946186
   0.0021116
  0.00815542
 0.000780729
 -0.00481606
 -0.00602175
  -0.0109983
  -0.0119797
 -0.00751152
  -0.0132053
  -0.0169851
  -0.0178807
 -0.00931449
  0.00617073
  -0.0209031
  -0.0212955
  -0.0188011
  -0.0217277
  -0.0203656
  -0.0196818
   -0.022093
  -0.0234598
  -0.0234065
   -0.023352
  -0.0101946
  -0.0205867
  -0.0173517
   -0.022412
  -0.0230785
  -0.0254621
  -0.0257782
  -0.0233291
   -0.026203
  -0.0231469
  -0.0227853
  -0.0263942
  -0.0187964
  -0.0147915
  -0.0227641
  -0.0269455
   0.0138378
   0.0111815
 -0.00379046
  0.00352616
  0.00774015
   0.0158494
   0.0114824
  0.00412856
  -0.0250342
   0.0203368
  -0.0128302
 -0.00950111
  -0.0260521
  -0.0224841
  -0.0233305
   -0.021674
    0.023858
  -0.0186414
  -0.0072373
  -0.0155468
  -0.0224931
  -0.0251698
  -0.0281503
   0.0278395
  -0.0178951
 -0.00345387
 -0.00617581
  -0.0138902
  0.00684271
  -0.0217368
  -0.0231828
  -0.0208584
  -0.0227302
  -0.0168065
  -0.0201255
  0.00131576
   0.0170327
 -0.00869597
  -0.0184741
  -0.0120821
 -0.00220129
  -0.0246073
  -0.0262132
  -0.0275232
   0.0332497
  -0.0289933
   0.0120952
   0.0149752
 -0.00384694
  -0.0166961
   0.0233379
   0.0156691
  -0.0163759
  -0.0227573
   -0.030645
  -0.0293949
   -0.029435
  -0.0263302
  -0.0225114
   0.0280134
     0.02427
 -0.00404058
 -0.00113317
  -0.0161898
   0.0192199
  0.00073736
  -0.0145608
  -0.0159401
  -0.0234293
  -0.0226273
  -0.0233057
   -0.020503
  -0.0214361
  -0.0199221
  -0.0240404
  -0.0183875
   0.0214732
 -0.00326942
   -0.024552
   0.0265116
  -0.0110072
  -0.0195225
   -0.021256
   0.0381145
   -0.018538
   -0.031117
   -0.027559
  -0.0147569
 -0.00539129
  -0.0243549
  -0.0221341
   0.0305683
 -0.00936578
 -0.00158582
  -0.0256801
  -0.0193871
  -0.0227675
  -0.0251498
    -0.02636
 -0.00942903
   0.0312737
  -0.0267804
   -0.028547
   0.0404091
  -0.0150829
  -0.0314347
   0.0017707
   -0.022241
  -0.0292736
  0.00818933
  -0.0136232
  -0.0242863
  -0.0183064
   0.0331774
   -0.020654
  -0.0282847
  -0.0243024
  -0.0158895
 -0.00579693
   0.0146504
  -0.0293055
    -0.02124
  0.00351481
  -0.0233789
  -0.0236921
   0.0183282
  -0.0186826
  -0.0316464
   0.0280399
  -0.0308078
  -0.0218394
   0.0355593
  -0.0176387
  -0.0327624
  0.00120614
 -0.00558327
  -0.0122042
  -0.0120523
  -0.0179366
  -0.0178333
   -0.012102
  -0.0178698
  -0.0124467
  -0.0180397
  -0.0226272
  -0.0225847
  -0.0183583
  -0.0225769
  -0.0260868
   -0.022821
  -0.0186941
  -0.0225739
  -0.0254564
  -0.0250934
  -0.0136047
   -0.026978
  -0.0262362
  -0.0143227
 -0.00849213
   -0.024643
  -0.0254898
 -0.00603083
 -0.00979604
 -0.00317143
 -0.00178486
  -0.0152515
  0.00425114
  0.00523108
  -0.0260068
  -0.0249132
   0.0109754
  -0.0242154
   0.0122126
   0.0185111
  -0.0230491
  -0.0269111
  0.00140962
  -0.0266133
  -0.0295654
  -0.0299397
  -0.0313982
  -0.0309857
   -0.027614
  -0.0280414
  -0.0289591
  -0.0318405
  -0.0223015
  -0.0220854
  -0.0115366
  -0.0302838
  0.00585541
  -0.0282562
  -0.0294449
  -0.0269888
  -0.0297287
  -0.0245173
  -0.0196084
 -0.00681134
  0.00918611
  -0.0321156
  -0.0231402
  -0.0239019
  -0.0304122
   -0.029003
   0.0131108
    0.006445
  -0.0315628
  -0.0214507
  -0.0194405
  -0.0261592
  -0.0237406
  -0.0304894
  -0.0124655
  -0.0101052
 -0.00373489
-0.000928151
  -0.0232412
   0.0113485
  0.00841353
    0.019874
  -0.0198973
  -0.0306659
  -0.0320375
  -0.0279466
  -0.0323589
  -0.0325551
  -0.0217665
   0.0258292
   0.0197675
   0.0276641
   0.0273798
   0.0200665
  -0.0185112
  -0.0181912
  -0.0176418
 -0.00559591
  -0.0226963
  -0.0129878
  -0.0272064
  -0.0291654
  -0.0257985
  -0.0270807
  -0.0224378
  -0.0275785
  -0.0282109
  -0.0247337
  -0.0190589
  -0.0075536
  -0.0233141
  -0.0194005
  -0.0260771
  -0.0233112
   -0.026371
  -0.0226685
  -0.0275823
  -0.0278028
 -0.00089791
  -0.0239918
  -0.0191056
  -0.0325075
    0.033344
  -0.0286898
  0.00191363
  -0.0137416
-0.000315285
  -0.0257978
  -0.0306059
  -0.0247101
 0.000261317
  -0.0163705
   -0.030414
   0.0335142
  -0.0219196
  0.00770809
  -0.0228881
   -0.032767
  -0.0079538
 -0.00553801
  0.00689907
  -0.0156639
  -0.0327418
   0.0390589
  -0.0311406
   -0.017144
  -0.0207539
   0.0141332
  -0.0311094
   0.0124923
  -0.0189059
  -0.0208655
   -0.032032
   0.0146931
