mode

  -0.0332368
 -0.00385795
   0.0332087
  0.00373909
   0.0277464
  -0.0278071
  -0.0334584
  -0.0333766
  -0.0329192
  -0.0320866
  -0.0309376
  -0.0296068
  -0.0281494
  -0.0262051
  -0.0239599
  -0.0217794
  -0.0191136
   -0.016017
  -0.0130967
  -0.0100922
 -0.00692476
-0.000813563
  0.00244534
  0.00579667
  0.00908036
   0.0122231
   0.0151492
    0.017924
   0.0206106
   0.0230621
   0.0252985
    0.027466
    0.029262
      0.0306
   0.0317002
   0.0326286
   0.0334582
   0.0333986
    0.032915
   0.0320127
   0.0308361
   0.0295833
   0.0281605
   0.0262677
    0.024068
   0.0216629
   0.0190577
   0.0163589
   0.0134267
    0.010142
  0.00687913
 0.000637237
 -0.00255073
 -0.00589114
 -0.00916546
  -0.0123754
  -0.0153136
  -0.0178637
  -0.0204378
  -0.0229855
   -0.025312
   -0.027314
  -0.0289697
  -0.0305101
  -0.0318482
  -0.0327296
 -0.00118281
  0.00174977
  0.00459052
  0.00717224
  0.00966093
   0.0121248
   0.0145503
   0.0168626
   0.0190503
   0.0209642
   0.0225379
   0.0239951
   0.0253432
   0.0264061
   0.0272183
   0.0280009
   0.0280185
   0.0277616
   0.0271343
   0.0262197
   0.0251747
   0.0238937
    0.022351
   0.0205991
   0.0186962
   0.0164797
   0.0139442
   0.0115696
  0.00907836
  0.00633033
  0.00110631
 -0.00165236
 -0.00436381
 -0.00687275
  -0.0095136
  -0.0123988
  -0.0148174
  -0.0169775
  -0.0191768
  -0.0210421
  -0.0226408
  -0.0241255
  -0.0253813
  -0.0264746
  -0.0272993
  -0.0280738
   -0.028064
  -0.0277155
  -0.0270511
  -0.0261557
  -0.0251999
  -0.0240819
  -0.0225373
  -0.0206485
  -0.0186874
  -0.0166718
  -0.0143884
  -0.0116905
 -0.00886168
 -0.00633038
  -0.0357011
  -0.0378702
  -0.0397077
   -0.041198
  -0.0422795
  -0.0429124
  -0.0431481
  -0.0429796
  -0.0424109
  -0.0414717
  -0.0401373
   -0.038327
  -0.0362436
  -0.0337314
  -0.0307947
  -0.0246053
  -0.0209701
  -0.0169817
  -0.0128617
 -0.00869795
 -0.00467247
-0.000616039
  0.00385754
  0.00819523
   0.0121229
   0.0161902
   0.0200533
   0.0236091
   0.0271728
   0.0304162
   0.0356835
   0.0378658
   0.0397049
   0.0411447
   0.0422286
   0.0429108
   0.0431355
   0.0429489
   0.0423554
   0.0413661
   0.0400088
   0.0382476
   0.0360765
   0.0335338
   0.0307427
   0.0245204
   0.0208936
   0.0169708
   0.0129608
  0.00883746
  0.00468994
  0.00051716
 -0.00360407
 -0.00794771
  -0.0121112
  -0.0159569
  -0.0199454
  -0.0236885
  -0.0271565
  -0.0304202
   0.0196232
  0.00576737
   -0.020332
   -0.014854
  -0.0069907
   0.0236299
   0.0113413
   0.0179696
   -0.023808
  0.00507582
   0.0275296
  -0.0152827
   -0.010083
   0.0249039
  -0.0250442
 -0.00330442
   0.0300275
   -0.023013
  -0.0185252
  -0.0163306
  -0.0179088
   -0.013956
  -0.0154076
  -0.0113989
 -0.00992506
 -0.00730646
 -0.00582526
 -0.00316903
 -0.00462928
-0.000474636
  0.00101843
  0.00373762
 -0.00194642
  -0.0127299
    0.005279
  0.00794031
  0.00637949
   0.0105121
  0.00251011
  0.00892133
   0.0129808
  0.00679388
  0.00399991
   0.0120231
 -0.00840246
   0.0114223
  0.00726126
   0.0154591
   0.0169049
  0.00819668
   0.0053024
  0.00120015
  0.00260731
 -0.00153903
    0.019287
 0.000130601
  0.00976086
  0.00552933
  -0.0043023
 -0.00198457
  -0.0166858
  -0.0139561
  -0.0146592
 -0.00986586
   -0.010953
  -0.0151376
  -0.0119606
 -0.00807617
   0.0110042
  -0.0164351
  0.00303176
  0.00117932
   0.0121305
   0.0206995
   0.0181861
   0.0228737
  -0.0190125
 -0.00594663
 -0.00120554
 -0.00435752
   0.0212124
   0.0146925
  0.00381668
  -0.0200805
  -0.0088645
 -0.00297429
-0.000633084
 -0.00976636
 -0.00884801
   0.0219804
    0.019408
   0.0249021
   0.0201973
  0.00799516
    0.012037
 -0.00539538
    -0.02175
  0.00139927
   0.0258905
  0.00376021
 -0.00290247
    0.016942
   0.0142766
   0.0104479
  0.00808341
  0.00215755
  0.00135303
   -0.001857
 -0.00574921
 -0.00744892
  -0.0167468
  -0.0119379
  -0.0110777
  -0.0128239
  -0.0245546
  -0.0193273
  -0.0177341
    0.021409
   0.0289679
  -0.0228851
   -0.019238
  -0.0123912
 -0.00864136
 -0.00169904
  -0.0179422
 -0.00714111
  0.00218578
  0.00475607
   0.0144571
   0.0176004
  0.00951453
   0.0137837
   0.0242584
-0.000239919
   0.0134525
  0.00989693
    -0.02043
 -0.00591395
  -0.0213977
 0.000541796
 -0.00297025
   0.0157499
   0.0139855
   0.0281758
   -0.025025
   0.0065303
 -0.00701926
 -0.00339712
   0.0168827
   0.0159415
  -0.0221997
  -0.0109025
    0.019473
  -0.0048642
 -0.00797801
   0.0261517
   0.0158897
   0.0134471
  -0.0131248
  -0.0213351
  0.00947547
  0.00724408
   0.0309771
  -0.0258568
 -0.00618316
    0.022563
   0.0042891
 -0.00910706
 -0.00497461
  -0.0118311
   0.0175208
   0.0277617
  -0.0228466
-0.000316817
   0.0225339
  0.00148377
 -0.00378505
 -0.00586503
  0.00737798
   0.0246361
  -0.0144034
  -0.0071831
   0.0144421
 -0.00580672
   0.0178889
   -0.020411
   0.0290043
   0.0125883
   0.0223839
  -0.0144754
 -0.00289405
  -0.0226561
   0.0305808
  0.00230003
   0.0290034
  -0.0223155
 -0.00026149
  0.00124689
 -0.00143003
  0.00278704
-0.000771023
  0.00442147
  0.00142723
  0.00602222
  0.00310646
  0.00749008
  0.00471228
  0.00898642
  0.00617037
   0.0102785
  0.00744103
  0.00335154
   0.0114785
  0.00461701
 0.000483102
  0.00173731
 -0.00242388
  0.00590784
 -0.00101308
 -0.00362416
 -0.00655667
    0.011683
   0.0142776
   0.0153661
  0.00296222
  0.00716209
 -0.00530357
 -0.00940501
 -0.00778032
   0.0179249
    0.019042
    0.016338
   0.0199925
    0.017209
   0.0217164
   0.0208156
 -0.00477691
 -0.00799234
  -0.0121649
  0.00882656
  0.00428466
  0.00843797
  -0.0135668
 -0.00895659
-0.000142083
 0.000938114
  -0.0119621
    0.016683
    0.017962
   0.0237267
   0.0241692
 -0.00604504
  -0.0165176
  0.00486622
  0.00991171
 -0.00200254
  -0.0103874
 -0.00304887
     0.01427
   0.0270147
   -0.013324
  -0.0159093
   0.0146909
   0.0184078
   0.0111835
 -0.00244995
  -0.0179161
  -0.0172729
  -0.0100132
 -0.00662863
  -0.0102129
 -0.00655148
 -0.00533181
   0.0273948
   0.0242923
   0.0256814
   0.0299112
    0.022598
   0.0208985
   0.0189322
   0.0227037
   0.0174825
   0.0146282
   0.0264362
  0.00191267
   -0.018454
   -0.016048
  -0.0103157
   0.0203843
     0.01526
   0.0115105
   0.0278113
   0.0256885
   0.0250788
  -0.0217706
  0.00947306
   0.0229564
  -0.0106177
 -0.00423621
   0.0212152
  -0.0106908
  0.00871001
-0.000770011
  0.00555746
 -0.00120914
   0.0128724
   0.0102015
   0.0126321
  0.00769698
  0.00196648
  0.00490494
  -0.0147537
   0.0126548
 -0.00406032
  -0.0199951
   0.0136314
 0.000534556
 -0.00816282
   0.0164348
   0.0307963
  -0.0241331
  0.00621669
  -0.0193748
 -0.00317049
   0.0109102
   0.0188199
   0.0141238
  -0.0191566
   0.0113596
   0.0197813
  0.00878178
 -0.00254941
   0.0275406
   0.0103835
 -0.00647284
  -0.0142494
   -0.012296
   0.0314913
  -0.0252796
  0.00409642
  -0.0135816
   0.0111586
   0.0267624
  -0.0175866
  0.00876744
   0.0146731
 -0.00516719
  -0.0194854
   0.0212694
 -0.00253143
   0.0194235
 -0.00401788
  -0.0173234
 -0.00366081
  -0.0428635
  -0.0262953
  -0.0294385
  -0.0229771
  -0.0428368
  -0.0409889
  -0.0204569
  -0.0296218
  -0.0338321
  -0.0159811
  -0.0375656
  -0.0406789
  -0.0167151
  -0.0353831
  -0.0307071
  -0.0112216
  -0.0326543
  -0.0370599
  -0.0273906
  -0.0304421
  -0.0323782
  -0.0332189
  -0.0350217
  -0.0357143
  -0.0337463
  -0.0360815
  -0.0339438
  -0.0361175
  -0.0380977
  -0.0379177
  -0.0357974
  -0.0373988
   -0.039674
  -0.0373366
    -0.03511
  -0.0365201
  -0.0386558
   -0.037607
  -0.0333217
  -0.0395293
  -0.0383451
  -0.0324702
  -0.0305611
  -0.0362117
  -0.0367911
  -0.0314843
  -0.0296453
  -0.0275606
    -0.02832
  -0.0313515
  -0.0250676
  -0.0258906
  -0.0386795
  -0.0369682
  -0.0227031
  -0.0344963
  -0.0233476
  -0.0196574
  -0.0364499
  -0.0385765
  -0.0281903
  -0.0393174
  -0.0403873
  -0.0394134
  -0.0410489
  -0.0417674
  -0.0404116
  -0.0410685
  -0.0417304
  -0.0397849
  -0.0336878
  -0.0316144
  -0.0286574
  -0.0381912
  -0.0264927
  -0.0422062
  -0.0426632
  -0.0413622
  -0.0420253
  -0.0387394
  -0.0309902
  -0.0315703
  -0.0220541
  -0.0384219
  -0.0368831
  -0.0349156
   -0.042758
  -0.0431734
  -0.0236686
  -0.0265811
   -0.042252
  -0.0346539
  -0.0288523
  -0.0423418
  -0.0322097
  -0.0429552
  -0.0311726
  -0.0244301
  -0.0224985
  -0.0236966
  -0.0302887
   -0.018198
  -0.0251477
  -0.0207756
  -0.0394489
  -0.0419995
  -0.0414129
  -0.0348115
  -0.0390133
  -0.0396889
  -0.0283189
  -0.0132468
  -0.0174825
  -0.0145548
   -0.016244
   -0.020228
  -0.0325915
  -0.0340047
  -0.0352915
  -0.0310881
  -0.0378729
  -0.0338411
  -0.0375046
   -0.040881
  -0.0393467
  -0.0400402
  -0.0352733
  -0.0429426
  -0.0408999
  -0.0348838
  -0.0340615
  -0.0312199
  -0.0400268
  -0.0326867
  -0.0432925
  -0.0352637
  -0.0396802
   -0.042098
  -0.0362577
  -0.0432569
  -0.0288755
  -0.0326989
  -0.0304723
  -0.0358102
  -0.0103274
  -0.0410412
  -0.0244551
  -0.0275987
   -0.029166
  -0.0401979
  -0.0368743
  -0.0413589
  -0.0290029
  -0.0301533
  -0.0420323
  -0.0135711
  -0.0383946
  -0.0259543
  -0.0327468
   -0.038039
  -0.0256094
  -0.0267755
  -0.0213887
  -0.0300756
  -0.0351575
 -0.00775914
  -0.0425149
  -0.0287663
  -0.0366543
  -0.0191144
  -0.0424455
  -0.0240691
  -0.0264589
  -0.0323428
  -0.0369982
  -0.0202926
   0.0244085
   0.0426727
   0.0185435
   0.0244556
     0.01601
   0.0287316
   0.0402858
   0.0410618
   0.0111535
   0.0368101
   0.0322047
  0.00982131
    0.027352
  0.00606302
   0.0383538
   0.0294248
   0.0349398
   0.0032618
   0.0208375
   0.0223553
   0.0200517
   0.0236917
   0.0213425
   0.0248598
   0.0270884
   0.0281252
   0.0301911
   0.0311044
   0.0288951
   0.0317205
   0.0337947
   0.0342677
   0.0293737
   0.0224426
   0.0362166
   0.0365254
   0.0344167
   0.0364887
   0.0355433
   0.0342402
   0.0361006
   0.0378298
   0.0369765
   0.0381567
   0.0375703
    0.029008
   0.0390273
   0.0379415
   0.0357649
   0.0396882
   0.0366366
   0.0342518
   0.0353944
   0.0366775
   0.0351247
   0.0394401
   0.0323975
   0.0334737
   0.0187999
   0.0198085
   0.0243939
     0.02338
   0.0207176
    0.016935
   0.0178436
   0.0213226
   0.0320009
   0.0316877
   0.0292941
   0.0136397
    0.039918
    0.041105
   0.0406326
   0.0130533
   0.0314041
   0.0288388
   0.0263474
   0.0310606
   0.0267429
   0.0343903
   0.0412706
   0.0319047
    0.037134
  0.00998145
   0.0355562
   0.0376854
    0.023792
   0.0230627
   0.0292665
   0.0286184
   0.0185826
   0.0361291
   0.0421837
   0.0279158
   0.0404758
   0.0199248
   0.0161799
   0.0422964
   0.0415155
   0.0402264
   0.0398296
   0.0386307
   0.0227614
   0.0266827
   0.0306352
   0.0130638
   0.0143437
  0.00856172
   0.0064862
   0.0102236
   0.0421484
   0.0345398
   0.0351484
   0.0324702
    0.030234
   0.0300782
   0.0136729
   0.0175963
   0.0334878
   0.0258346
   0.0258636
   0.0330106
   0.0159799
   0.0239527
   0.0320291
   0.0337304
   0.0384172
    0.025619
   0.0295152
   0.0386784
   0.0383006
   0.0345685
    0.031804
   0.0399818
   0.0215592
    0.014997
    0.026554
   0.0266492
   0.0122772
   0.0188611
   0.0332141
   0.0394432
   0.0366189
  0.00351186
   0.0318834
   0.0268433
   0.0386067
   0.0418682
   0.0304759
   0.0328585
  0.00951327
   0.0299655
   0.0275119
   0.0410627
   0.0241329
   0.0276364
   0.0332242
   0.0259465
   0.0382318
  0.00683588
   0.0413719
    0.039835
    0.038716
   0.0347613
 0.000318548
   0.0295706
   0.0214825
   0.0419966
   0.0342601
    0.037032
    0.016258
    0.027044
   0.0428202
   0.0370118
  0.00723673
   0.0356664
  -0.0217754
   0.0127503
 -0.00569927
  0.00633293
  -0.0176786
   -0.027736
   0.0189125
  -0.0182934
  0.00571317
   0.0218593
  -0.0120725
  -0.0299904
   0.0144853
   -0.025572
 0.000291102
   0.0223924
 -0.00654612
  -0.0309499
   0.0185354
   0.0159752
   0.0119735
   0.0135233
  0.00937752
   0.0109376
   0.0066983
  0.00821319
  0.00400914
  0.00536157
  0.00121785
  0.00257424
 -0.00159712
-0.000205813
 -0.00445344
 -0.00573371
 -0.00312518
 -0.00855986
 -0.00979005
  -0.0125799
  -0.0137961
  -0.0112653
  0.00273521
  -0.0109182
  -0.0148952
  0.00661244
  0.00119918
 -0.00178917
  -0.0152741
  -0.0138734
  -0.0177633
  -0.0187735
  -0.0120093
  0.00244874
-0.000486791
  -0.0047116
 -0.00334473
 -0.00753458
  0.00380431
 -0.00615885
 -0.00791653
  -0.0214362
  -0.0223279
   0.0123736
  -0.0177261
  -0.0163036
  -0.0195767
 -0.00881769
    -0.01924
  -0.0217764
  -0.0130605
  0.00550326
  -0.0102085
 -0.00181556
  -0.0047586
 -0.00452607
  -0.0231035
   0.0170421
 -0.00994157
 -0.00382181
  -0.0245044
   -0.022807
  -0.0115651
-0.000481831
 -0.00973103
  -0.0138978
  -0.0142363
  -0.0127389
  -0.0181089
  -0.0251534
  -0.0198493
  -0.0105172
 -0.00507121
 -0.00111478
 -0.00132045
  0.00221955
   0.0103825
 -0.00332885
 -0.00803996
 -0.00938533
  0.00316741
  -0.0248405
   0.0149302
   0.0109236
   0.0130129
   0.0086409
  0.00902537
   0.0105938
  -0.0305595
  -0.0278693
  -0.0290914
   0.0171041
   0.0203306
   0.0180562
  0.00807952
  0.00430774
  -0.0220814
   0.0230973
  0.00789968
  0.00506972
   0.0104312
  0.00230022
 -0.00888299
  -0.0158591
 -0.00725047
 -0.00687927
  -0.0200534
  -0.0165994
 0.000905851
  0.00386901
  0.00954551
   0.0135311
   0.0152874
 -0.00283999
   0.0202221
  -0.0166963
 -0.00598436
  -0.0203885
  -0.0278714
 -0.00874262
 4.66143e-05
   0.0151588
  -0.0262471
  0.00706932
 -0.00264035
  -0.0289223
   -0.025182
   0.0241764
-0.000798027
  -0.0126956
  -0.0148666
  -0.0145986
    0.016948
  -0.0152953
  0.00608101
   0.0197071
 -0.00608203
  -0.0209293
  -0.0234598
  -0.0252497
  -0.0273313
  0.00177724
 -0.00427551
  -0.0312835
   0.0252252
 -0.00162053
   0.0153254
  -0.0167597
  0.00215129
  -0.0184126
  0.00702863
  -0.0254127
  -0.0227419
   -0.011087
  -0.0274316
  0.00500701
  -0.0259487
   0.0081149
   0.0297548
   0.0432407
   0.0258518
   0.0205581
   0.0409426
   0.0325183
   0.0226503
   0.0293715
   0.0418826
   0.0172802
   0.0373616
   0.0347967
    0.015355
   0.0390864
   0.0305613
   0.0108931
   0.0324478
   0.0353979
   0.0242367
   0.0275473
   0.0291155
   0.0306415
   0.0320895
    0.033499
   0.0318773
    0.034601
   0.0328068
   0.0353653
   0.0370035
   0.0375824
   0.0357884
   0.0378145
   0.0389851
   0.0348096
   0.0358637
   0.0376754
   0.0394399
   0.0391245
   0.0336715
   0.0407052
   0.0402188
   0.0335689
   0.0312336
   0.0371761
   0.0299636
    0.041587
   0.0418605
   0.0409353
   0.0393714
   0.0310476
   0.0285557
   0.0285919
   0.0256656
   0.0257461
   0.0399078
   0.0229401
   0.0425393
   0.0426197
   0.0227769
   0.0195915
   0.0332234
   0.0357436
   0.0256798
   0.0372238
   0.0380293
   0.0363079
    0.038446
   0.0398465
   0.0331568
   0.0363952
   0.0417341
    0.042288
    0.030677
   0.0381418
    0.037419
   0.0384941
   0.0344103
   0.0255611
   0.0412762
   0.0307635
   0.0400845
    0.032591
   0.0229554
   0.0343846
   0.0223028
    0.041631
   0.0424218
   0.0249868
   0.0401343
   0.0358699
   0.0348928
   0.0385626
    0.032253
   0.0431056
   0.0428316
   0.0414014
   0.0272843
   0.0428641
   0.0339328
   0.0429661
   0.0420772
   0.0274342
   0.0251929
   0.0256614
    0.030105
   0.0198569
   0.0394111
   0.0385029
   0.0223701
   0.0189739
   0.0284072
   0.0304229
    0.035226
   0.0407085
   0.0142301
   0.0180893
    0.014662
   0.0156041
   0.0192438
   0.0350168
   0.0360105
   0.0288938
   0.0360952
   0.0334427
   0.0339915
    0.039183
   0.0393899
   0.0408112
    0.035557
   0.0412462
    0.038431
    0.036554
   0.0420468
   0.0311601
    0.036303
   0.0432213
   0.0313798
   0.0382861
   0.0349192
   0.0321258
    0.040531
   0.0284276
   0.0427478
   0.0309143
    0.037115
   0.0108337
   0.0257368
   0.0279744
   0.0400082
   0.0340022
   0.0421655
   0.0325468
   0.0271221
   0.0406425
   0.0125591
   0.0368861
   0.0412059
   0.0303184
   0.0280265
   0.0237886
   0.0337622
   0.0284737
   0.0228554
   0.0300687
   0.0351065
  0.00782163
   0.0408626
   0.0400358
   0.0201469
   0.0402124
   0.0221853
   0.0320028
   0.0367526
   0.0325177
   0.0303982
   0.0208176
  -0.0184984
  -0.0214481
  -0.0426374
   -0.040475
  -0.0286005
  -0.0141474
  -0.0245795
  -0.0413097
  -0.0128655
  -0.0276447
    -0.03208
 -0.00826551
  -0.0367449
 -0.00676113
  -0.0385393
  -0.0321458
  -0.0344707
 -0.00274201
  -0.0422638
  -0.0417115
  -0.0418653
  -0.0407514
  -0.0406998
  -0.0393781
  -0.0392526
  -0.0376794
  -0.0373765
  -0.0356285
  -0.0357619
  -0.0335294
  -0.0332204
  -0.0309434
  -0.0335222
  -0.0391286
  -0.0304411
  -0.0280909
  -0.0284223
  -0.0254358
  -0.0326099
  -0.0256515
  -0.0225332
  -0.0296494
  -0.0316451
  -0.0250118
  -0.0387747
    -0.02258
  -0.0256232
  -0.0193171
   -0.019198
  -0.0286034
  -0.0305093
  -0.0333099
  -0.0319327
  -0.0346271
  -0.0158828
  -0.0329627
  -0.0224266
  -0.0253793
  -0.0356435
  -0.0333359
  -0.0402626
  -0.0385037
  -0.0411907
  -0.0371457
  -0.0363233
  -0.0375638
  -0.0351663
  -0.0339262
  -0.0264606
  -0.0363062
  -0.0284327
  -0.0281361
  -0.0254536
  -0.0156386
  -0.0189407
  -0.0124081
  -0.0383739
  -0.0371533
  -0.0309515
  -0.0367399
  -0.0128185
  -0.0233383
  -0.0304718
  -0.0369974
  -0.0380624
  -0.0304863
  -0.0274792
  -0.0390558
  -0.0325969
  -0.0152288
  -0.0184716
 -0.00877701
  -0.0180235
  -0.0220208
  -0.0191213
  -0.0300568
   -0.042597
  -0.0240867
  -0.0109377
  -0.0248657
  -0.0265617
  -0.0207888
  -0.0227744
  -0.0260784
  -0.0400578
  -0.0263113
  -0.0304044
  -0.0332697
  -0.0415553
  -0.0387385
  -0.0421676
  -0.0415985
 -0.00545923
   -0.010007
  -0.0286599
  -0.0306138
  -0.0315672
  -0.0344076
  -0.0363365
   -0.033468
  -0.0348957
  -0.0404246
  -0.0375923
  -0.0351616
  -0.0394991
  -0.0349271
  -0.0311521
  -0.0285317
  -0.0274188
  -0.0161774
   -0.022276
  -0.0119709
  -0.0193692
   -0.034415
  -0.0218573
  -0.0187095
  -0.0410048
  -0.0355257
   -0.024268
  -0.0399952
  -0.0311541
  -0.0358608
  -0.0158467
  -0.0365422
 -0.00364525
  -0.0293985
  -0.0291279
  -0.0380397
  -0.0332715
  -0.0212218
  -0.0161406
  -0.0386567
  -0.0398099
  -0.0327243
  -0.0349719
 -0.00886917
  -0.0131104
  -0.0221532
  -0.0240248
  -0.0403999
  -0.0357164
  -0.0273753
  -0.0279115
  -0.0348127
-0.000180936
  -0.0295519
  -0.0320162
  -0.0102399
  -0.0293037
  -0.0310355
  -0.0395147
   -0.020701
 -0.00590766
  -0.0374605
  -0.0155688
  -0.0314865
    0.018419
  -0.0164589
 -0.00130349
  -0.0133726
   0.0229417
   0.0145994
  -0.0239397
 -0.00780089
   0.0112342
  -0.0272518
    0.010017
   0.0245156
  -0.0216151
   0.0189541
 -0.00177119
  -0.0279782
  0.00436895
   0.0251858
 -0.00555297
 -0.00320329
  0.00109801
-0.000761609
  0.00351479
  0.00167966
 -0.00262279
-0.000142645
 -0.00440873
 -0.00194845
  0.00235158
 0.000536248
 -0.00372932
 -0.00129029
  0.00475938
  0.00590787
 -0.00555009
 -0.00310373
  0.00115854
 -0.00063958
 -0.00795542
  0.00361428
     0.00186
 -0.00977401
  -0.0120935
 -0.00242114
 0.000167698
 -0.00681671
  -0.0137106
  -0.0160114
  -0.0143475
  -0.0113998
  -0.0183861
  -0.0163973
      0.0043
  0.00264099
  -0.0202181
 -0.00410283
  -0.0181218
   -0.022438
  0.00772626
   0.0100523
 -0.00748082
  0.00823525
   0.0122882
   0.0140833
   0.0162191
   0.0144308
  0.00536913
  0.00778176
  0.00949645
   0.0181025
 -0.00679484
  -0.0087754
  -0.0149511
   0.0158512
  -0.0141712
   0.0118422
   0.0134663
    0.010097
   0.0111117
  0.00664769
  -0.0108858
 -0.00848847
  -0.0217063
   0.0195365
   0.0048706
 0.000832757
   0.0149649
   0.0174119
  -0.0159072
  -0.0123664
    0.018123
  0.00349072
  -0.0129056
   0.0142672
 -0.00603281
    0.018896
  0.00291668
   -0.019305
  -0.0217261
  -0.0206892
 -0.00472433
  -0.0258453
 -0.00971426
  -0.0171823
   0.0123407
   0.0238135
    0.020695
   0.0153019
    0.024992
   0.0217474
  -0.0115637
  -0.0286621
  -0.0252859
  -0.0266551
     -0.0239
  -0.0199248
  0.00712856
  0.00534105
  0.00756557
 -0.00505656
  0.00410719
 -0.00615234
   0.0118739
   0.0105069
  0.00296081
  0.00599706
 -0.00497009
   0.0158741
  0.00711232
   -0.001535
 -0.00735799
  -0.0102766
   0.0105678
 -0.00911774
   0.0202975
  0.00949711
  0.00648675
   0.0166126
   0.0136086
   0.0217148
  -0.0124543
 -0.00317461
 0.000798347
   0.0226287
  -0.0299435
  0.00878792
  -0.0196484
  -0.0157851
  -0.0105456
   0.0083908
   0.0174585
   0.0124685
 -0.00879832
  -0.0126997
   0.0127172
  -0.0247905
  0.00865563
  -0.0111862
-0.000683291
   0.0225268
  -0.0184774
  -0.0172587
  -0.0228456
    0.003152
   0.0254864
  -0.0309705
   0.0160266
  -0.0139163
  0.00690969
  -0.0245344
   0.0211826
    -0.01403
  -0.0151373
  0.00120315
   0.0202146
  -0.0228887
