eigs

3.18297e-14
  0.0829557
   0.115603
    0.13877
   0.265568
   0.278036
   0.326799
   0.394675
   0.417039
   0.519276
   0.537377
   0.609915
   0.654108
   0.716519
   0.812211
   0.848672
   0.849636
   0.873603
    0.98761
    1.02251
     1.0862
    1.20764
    1.21135
    1.27082
    1.27413
    1.35622
     1.4504
      1.453
    1.46682
    1.54933
    1.66479
    1.68167
    1.72554
    1.78628
    1.85241
    1.90797
     1.9768
     2.0165
    2.08375
    2.10653
    2.15235
    2.20958
    2.23042
    2.29543
    2.32172
    2.40887
    2.45761
    2.60069
    2.61503
     2.6711
    2.71366
     2.7447
    2.84289
     2.8802
    2.88757
    2.91705
    2.95068
    3.04731
    3.06679
    3.08144
     3.2813
    3.30278
    3.31001
    3.34584
     3.4867
    3.53151
    3.59299
    3.60926
    3.63431
    3.64915
    3.65844
    3.78405
    3.80043
    3.92808
     4.0086
    4.02593
    4.04168
    4.05316
    4.07453
    4.28515
    4.31293
    4.35794
     4.3671
    4.37792
    4.39489
    4.44167
    4.55439
     4.6095
    4.71429
    4.74159
    4.85121
    4.85342
    4.86961
    4.87936
    5.00984
     5.1474
     5.1539
    5.15999
    5.16894
    5.18003
