eigs

8.07163e-17
2.69339e-09
7.62892e-07
1.54524e-05
2.30915e-05
7.45132e-05
0.000138948
0.000188958
0.000369329
0.000400029
0.000500781
0.000560404
 0.00069522
0.000733672
0.000889967
0.000949404
 0.00110853
 0.00114993
 0.00120761
 0.00121961
 0.00129679
  0.0014787
 0.00173869
 0.00181664
 0.00187598
 0.00193951
 0.00197486
  0.0022156
 0.00243266
 0.00246187
 0.00249822
 0.00261492
 0.00273483
 0.00275167
 0.00309427
 0.00312251
 0.00315518
  0.0032577
  0.0033725
 0.00349425
 0.00353131
 0.00357549
 0.00368944
     0.0037
 0.00380348
 0.00404025
 0.00423134
 0.00464337
 0.00471677
 0.00482175
