eigs

      1
1.11463
1.11464
1.42475
1.43424
1.89165
1.89167
2.02917
2.08767
2.14779
2.14782
2.24347
2.24349
2.47249
2.48024
2.48382
2.51344
2.71313
2.74917
3.06576
3.06583
3.18324
3.18328
3.57436
3.57442
 3.8213
3.83335
4.01389
4.02101
 4.7299
4.74868
4.76137
 4.7614
4.98242
4.98252
5.19746
5.20682
5.33097
5.33119
5.34201
5.34214
5.68328
5.71228
5.78488
5.80863
5.85148
5.85971
6.07715
6.08492
6.13551
6.13566
6.41895
6.41913
6.47751
6.47778
7.08876
7.08891
7.31507
7.31553
7.36138
7.39247
 7.5169
7.54693
7.65735
7.66917
8.46372
8.46963
 8.6111
8.61132
8.68384
8.69134
8.99032
8.99061
9.28044
9.28073
 9.9864
9.98679
 10.097
10.1161
10.2001
10.2006
10.5378
10.5514
10.6722
10.6724
10.6864
10.6876
10.8786
10.9117
10.9929
10.9947
11.0005
11.0183
11.2042
11.2245
11.6484
11.6531
11.7774
 11.778
11.8275
