FiniteElementSpace
FiniteElementCollection: H1_2D_P1
VDim: 1
Ordering: 0

0.032719584
-0.0283605
-0.032717634
0.028359086
0.0023450737
-0.0023450892
0.029766894
0.026545184
0.023066355
0.019366315
0.015479953
0.01144341
0.0072977323
0.003081744
-0.0011652054
-0.0054000522
-0.0095838113
-0.013673876
-0.01762969
-0.021417963
-0.025003272
-0.031423397
-0.034180441
-0.0366188
-0.038703566
-0.040414747
-0.041738856
-0.042660977
-0.043171316
-0.043262482
-0.042940804
-0.042207636
-0.041060643
-0.039520523
-0.037603144
-0.035322632
-0.029766489
-0.026544871
-0.023065947
-0.01936607
-0.01548004
-0.011442534
-0.007296546
-0.0030806018
0.0011655343
0.0054002013
0.0095827804
0.013673442
0.017632643
0.021421342
0.02500235
0.031413761
0.034180805
0.03661675
0.038703346
0.040420042
0.041738749
0.042658714
0.043171816
0.04326519
0.042941091
0.042203619
0.041061876
0.039524142
0.037604414
0.035321959
-0.027984125
-0.027348343
-0.026445862
-0.025290811
-0.023893177
-0.022265774
-0.020424357
-0.018386048
-0.016170405
-0.013799238
-0.011295977
-0.0086825504
-0.0059846805
-0.0032306457
-0.00044580131
0.005110789
0.007829052
0.010471812
0.013013717
0.015430047
0.017698306
0.019795981
0.021702246
0.023399616
0.024871563
0.026105522
0.027086187
0.027803352
0.028258219
0.028441436
0.027976195
0.027341828
0.02644464
0.025292841
0.023898904
0.022269287
0.020423418
0.018386913
0.01617235
0.013799176
0.011294158
0.0086814369
0.0059851791
0.0032309537
0.00044567973
-0.0051111156
-0.0078287491
-0.010470852
-0.013013141
-0.015431093
-0.017697335
-0.0197942
-0.021702243
-0.02339949
-0.024871744
-0.026106387
-0.027088139
-0.027805136
-0.028255621
-0.028435457
0.032315447
0.031617665
0.030614203
0.029316673
0.027736561
0.02588988
0.023793513
0.021467352
0.018934437
0.016219585
0.013349574
0.01034956
0.0072490639
0.004080626
0.00087269496
-0.0055375377
-0.0086787833
-0.01173665
-0.014681153
-0.017484245
-0.020118126
-0.022560021
-0.024786576
-0.026766694
-0.028493217
-0.029946209
-0.031107814
-0.031971949
-0.032530673
-0.032774153
-0.032313896
-0.03161634
-0.030612685
-0.029316704
-0.027740102
-0.025890149
-0.023793067
-0.021468827
-0.018935708
-0.016220012
-0.013348383
-0.010349075
-0.0072499906
-0.0040810241
-0.0008728273
0.0055381822
0.0086791708
0.01173602
0.014680219
0.017483283
0.020118501
0.022558368
0.024782273
0.026769561
0.02849452
0.029948684
0.031113475
0.031975328
0.032531869
0.032775777
-0.043327597
-0.028161129
-0.023476465
-0.028071339
-0.021101626
-0.04270244
-0.041180264
-0.032821065
-0.016935626
-0.037741268
-0.04034062
-0.01558595
-0.030132114
-0.03458074
-0.011944564
-0.031864688
-0.036608391
-0.0094285773
-0.025298781
-0.026957853
-0.025083628
-0.028399019
-0.026406266
-0.02960571
-0.031458384
-0.0325178
-0.034216047
-0.035114487
-0.033252636
-0.035689568
-0.037375233
-0.037776353
-0.033698582
-0.027477485
-0.039284494
-0.039491021
-0.0378
-0.039324479
-0.038699287
-0.037440889
-0.038786684
-0.040416988
-0.039644039
-0.040813252
-0.033005622
-0.036718615
-0.035194276
-0.037881438
-0.039763185
-0.041143339
-0.040165046
-0.03848657
-0.038829728
-0.036953154
-0.038672043
-0.037190218
-0.034300105
-0.032608182
-0.035085749
-0.0353995
-0.02416366
-0.025094491
-0.028539064
-0.028296849
-0.025784879
-0.022460147
-0.023035475
-0.026200216
-0.041736656
-0.019465293
-0.033348752
-0.030596862
-0.042235982
-0.040365518
-0.041253578
-0.039104922
-0.019008331
-0.034699326
-0.031199789
-0.035556886
-0.037291048
-0.042601025
-0.0388588
-0.016064088
-0.03255884
-0.028318646
-0.027521991
-0.032304895
-0.023541084
-0.041713311
-0.042398294
-0.037144469
-0.043077801
-0.031552843
-0.033074048
-0.024797404
-0.021493448
-0.026061656
-0.041643991
-0.02971401
-0.02376531
-0.043010424
-0.042308011
-0.041522831
-0.039571094
-0.035703151
-0.036477482
-0.034157973
-0.032633566
-0.032679883
-0.026759554
-0.029915201
-0.018387301
-0.019762404
-0.014438544
-0.012547738
-0.016212089
-0.033859319
-0.038643282
-0.019276551
-0.022972696
-0.030115048
-0.030547592
-0.036619138
-0.021646043
-0.028785425
-0.035920591
-0.035752592
-0.04046736
-0.036683831
-0.040804922
-0.035693962
-0.040594366
-0.037755822
-0.041900808
-0.029952201
-0.020630395
-0.031171002
-0.01816455
-0.03372594
-0.036468276
-0.041755716
-0.031513507
-0.035122387
-0.0095541825
-0.040366045
-0.034149829
-0.03142506
-0.042617095
-0.034337105
-0.015510201
-0.031470805
-0.035181352
-0.028821991
-0.030227138
-0.039070506
-0.042968161
-0.042478655
-0.029728788
-0.012903703
-0.041524932
-0.040107855
-0.034627465
-0.0065659756
-0.026170576
-0.035725362
-0.038332626
-0.021422655
-0.031929964
-0.030548123
-0.043027448
-0.037433189
-0.013211738
-0.03361462
-0.043202775
-0.037270458
-0.030208491
-0.030177394
-0.023421648
-0.0053754208
0.014121845
0.019633989
-0.02656252
-0.016745638
0.0072647724
0.007185308
-0.017431348
0.015389703
-0.029179659
-0.01088048
0.023027716
0.0016380839
-0.024795881
0.024982108
-0.030360809
-0.0047927971
0.024107545
0.020563123
0.019423708
0.016821399
0.015927303
0.012923582
0.011428382
0.0087920605
0.0074692172
0.0047186889
0.003273353
0.00056600609
-0.00089015415
-0.0036036893
-0.0050292555
-0.0023180223
-0.0077531154
-0.0064374145
-0.0036418452
-0.0077541327
-0.0049396667
-0.01050694
0.0098995519
-0.00078914847
-0.0020907254
0.0019868344
-0.0063106308
-0.010424902
-0.011805504
-0.014453421
-0.0062251977
-0.0033553512
0.0020667624
-0.0089329278
-0.012985777
-0.014416332
-0.016923917
-0.01830961
-0.011470856
-0.020727206
0.0033568294
-0.0074110385
-0.0045104656
0.010043237
-0.015739271
-0.018363813
-0.00044122108
0.0064025831
-0.012993697
-0.016956733
0.0048796676
-0.0044239639
-0.022001198
-0.019398678
-0.022979893
0.0078045143
-0.001378375
0.018232419
-0.013128027
0.0046729524
-0.0085302008
-0.013988892
-0.019478931
-0.021699201
0.0094819558
0.0076627734
-0.023006657
-0.025323339
-0.023494759
-0.017299386
0.0032324916
0.012169486
0.010905678
0.0117004
0.014621054
0.015262722
0.021757199
-0.025019491
-0.026634433
-0.029792559
-0.021146254
-0.0011191195
-0.0032110398
0.00087338093
-0.0075516126
-0.0013927519
0.0028802474
-0.0095615384
-0.021264135
-0.0078362596
-0.0070891909
-0.013792534
0.0031395428
0.011405739
0.013026448
-0.013588606
-0.015002284
-0.011605834
0.0045825666
0.019286953
-0.015707395
0.01817605
0.016943564
-0.024117117
0.00076092748
-0.0091551301
0.00051447467
-0.019575543
-0.0090490337
-0.0020671009
0.0060873457
0.0073260195
0.014069346
0.0018828637
0.020970946
0.0036034209
-0.011834905
-0.010174475
-0.0033766941
-0.015747905
0.0060146976
-0.01264001
0.0051265579
-0.028036817
-0.00078790326
0.022976501
-0.00092061862
0.008501413
-0.017042399
-0.028291701
0.0091865299
0.0098531135
-0.020459181
-0.0072536261
0.017087027
0.013279878
-0.028054647
-0.025720413
-0.011139843
-0.0057944947
-0.0099569805
-0.030788866
-0.0024711089
0.025825643
0.017262862
0.010687744
-0.018515122
0.0061685386
-0.021097202
-0.00056710182
-0.014700734
0.0017186761
-0.02665019
-0.019772624
-0.0045783366
0.011727114
-0.0037111194
0.018958367
0.017554433
-0.017688513
0.0049778327
-0.0075102246
0.024445665
0.012318225
-0.022741051
-0.011056013
0.017146483
-0.024660864
0.0064205684
0.027487014
-0.016015521
0.02433415
-0.0063491689
-0.022907975
-0.00029876935
0.02959495
0.00073643921
0.0025611891
0.0067717926
0.004334886
0.0085202001
0.0060492661
0.0018388546
0.0035342544
-0.00068913058
0.00099941027
0.0052118089
0.0026620509
-0.0015592006
0.00010076793
0.0068174593
0.01019936
-0.0041146887
-0.0024443956
0.0017760589
-0.00077356541
-0.0057631991
0.0034505395
0.00089817295
-0.0082919211
-0.009909338
-0.0033232651
-0.0016500755
-0.0023531386
-0.012288262
-0.013797286
-0.011410123
-0.010645052
-0.015342361
-0.012785371
0.0025264782
1.8264162e-05
-0.016580618
-0.0058595092
-0.014022158
-0.018378991
0.012620031
0.014249084
-0.0016731909
0.011764261
0.015751006
0.018163813
0.019584829
0.017091767
0.0059843998
0.0076361512
0.010128929
0.022002181
-0.0075018906
-0.010226794
-0.014366078
0.020360509
-0.010037258
0.011746071
0.014193944
0.0092132053
0.012469782
0.0041840387
-0.011455673
-0.0048219082
-0.018821592
0.023918189
0.0016279322
-0.0024945491
0.016411667
0.018168077
-0.011281869
-0.0075160235
0.020657069
-0.00044156341
-0.014099347
0.013443411
-0.0086160834
0.0205491
0.0091615678
-0.019779443
-0.021357877
-0.01943294
-0.0087638117
-0.023915955
-0.0034476449
-0.011816609
0.0094803429
0.02610272
0.023702285
0.020917133
0.028715566
0.025502981
-0.013759046
-0.025198045
-0.021869903
-0.022357756
-0.019005153
-0.015205395
0.013230652
0.010920095
0.0032434527
0.0001254242
0.0076913148
-0.0031903066
0.016609827
0.013214816
0.0043049297
0.0050465532
-0.004980714
0.015859485
0.0084345457
-0.0041941292
-0.0066075622
-0.0073531988
0.008260304
-0.0090086812
0.020231102
0.014915144
0.0092685307
0.014988797
0.018744345
0.02240936
-0.0088874771
-0.0065892665
-0.0041789524
0.027660025
-0.025610454
0.010796334
-0.017481215
-0.016142986
-0.0062699182
0.006710095
0.022387337
0.010877745
-0.0037133026
-0.012704184
0.014724837
-0.019258292
0.0056376946
-0.0056055352
-0.0046588661
0.026942752
-0.018132086
-0.015950758
-0.020778859
-0.0022046686
0.030307286
-0.026127115
0.018113931
-0.014612948
0.0032120624
-0.021814271
0.023397268
-0.0088300702
-0.016882757
-0.0031801083
0.025081171
-0.019475237
-0.042920775
-0.025280782
-0.022136708
-0.015299471
-0.040828063
-0.042262577
-0.017094691
-0.031112706
-0.027241713
-0.011109019
-0.040002524
-0.037373912
-0.0098865196
-0.029419847
-0.033444918
-0.0051034746
-0.036187594
-0.03257735
-0.02002202
-0.023617147
-0.025685167
-0.027003575
-0.028957813
-0.030156379
-0.028064081
-0.031076489
-0.028841426
-0.031709296
-0.033792463
-0.034267378
-0.032024777
-0.034422966
-0.036163537
-0.031967677
-0.032028487
-0.034264722
-0.036495079
-0.036158836
-0.029466948
-0.038221119
-0.037704589
-0.029322903
-0.026618818
-0.03546493
-0.03683533
-0.025734135
-0.026405862
-0.023610229
-0.023675573
-0.028928193
-0.020471576
-0.020512152
-0.038871225
-0.03783897
-0.017362415
-0.034421208
-0.017189715
-0.013679287
-0.030634892
-0.033480732
-0.021285542
-0.034667998
-0.036016236
-0.034662086
-0.037028916
-0.038160073
-0.038376485
-0.039917738
-0.039883545
-0.035449212
-0.032888122
-0.031530598
-0.026083603
-0.03303322
-0.020390831
-0.041232949
-0.041002945
-0.041070498
-0.039504718
-0.039693775
-0.030112423
-0.026376836
-0.017415255
-0.033622923
-0.038475372
-0.036456788
-0.040477437
-0.041725139
-0.016799363
-0.019991214
-0.03904849
-0.03708944
-0.028529069
-0.042205428
-0.032864734
-0.040723208
-0.024100363
-0.022540663
-0.019929667
-0.020391698
-0.032387617
-0.013981658
-0.01764715
-0.013422746
-0.041345159
-0.039249657
-0.037886933
-0.028473642
-0.035166668
-0.035663641
-0.029166597
-0.0080831142
-0.011931335
-0.0087386588
-0.0099175051
-0.013584441
-0.025775083
-0.027514243
-0.038266313
-0.024802974
-0.033029018
-0.029329191
-0.03198038
-0.036957204
-0.036488864
-0.039553279
-0.03375366
-0.042150276
-0.03818848
-0.035603354
-0.031718646
-0.026641438
-0.041161729
-0.031114444
-0.04262589
-0.029016859
-0.035549098
-0.042784134
-0.030299024
-0.041926299
-0.023567675
-0.03410199
-0.033987971
-0.030471934
-0.004939959
-0.037683077
-0.020523157
-0.025750826
-0.023295344
-0.040553745
-0.031265054
-0.041868242
-0.022638474
-0.028402816
-0.038895313
-0.0068907686
-0.04011277
-0.018887302
-0.034934717
-0.033451652
-0.023066114
-0.023526207
-0.017301217
-0.034238261
-0.030195371
-0.0019261822
-0.039584687
-0.027593835
-0.038849925
-0.014189848
-0.039646336
-0.016816912
-0.026425996
-0.035238191
-0.031669973
-0.014921037
0.00037891469
-0.016579067
0.022717421
0.016346304
-0.0073089932
0.013119418
-0.0098510704
0.028046382
-0.02173817
-0.0046228671
-0.015718838
0.021326954
0.010768322
0.029574319
-0.023954451
0.0047481004
-0.022948215
0.02826459
0.0077575311
0.0067123053
0.0096492199
0.0055824537
0.0084628138
0.0043625085
0.0072113599
0.0030831693
0.0059069127
0.0017574342
0.004515165
0.00038037972
0.0031539501
-0.00098575317
0.0017972969
0.0059232017
-0.0023692673
0.004544287
0.0086843479
0.007248301
0.011353497
0.0030992702
0.0097679538
0.012749161
0.015352633
-0.0024124966
-0.0051473362
-0.006518842
0.0057743105
0.0016328953
0.013900158
0.01782096
0.01667247
-0.009166603
-0.010564705
-0.0078067427
-0.011831752
-0.0090060239
-0.013310847
-0.012994427
0.013991487
0.016236688
0.020080485
0.00021637842
0.004242106
4.5699245e-05
0.021568937
0.017923816
0.0083898519
0.0068740983
0.02041514
-0.0076829989
-0.010099959
-0.01596332
-0.016849402
0.015295247
0.024014433
0.003299707
-0.001044543
0.011269129
0.018198404
0.010808049
-0.0061400126
-0.019756351
0.021754014
0.023932275
-0.0070198093
-0.010875641
-0.0035858716
0.0097322959
0.025584051
0.025169905
0.018980305
0.015848605
0.01897612
0.015638726
0.013623557
-0.02054577
-0.017426186
-0.019336113
-0.022928258
0.0053748631
-0.014455229
-0.012568894
-0.010444585
-0.014493427
-0.0086578644
-0.0057584729
0.024929637
0.02312151
0.017514299
-0.012241284
-0.0072100204
-0.0030414511
-0.020289275
-0.017855923
0.029071271
-0.0018208561
0.012382222
0.011724085
-0.018508206
0.018514526
-0.013886441
0.019168412
0.00037829806
0.010028165
0.0027163828
0.0098605648
-0.014857882
-0.0035474992
-0.0010517158
-0.0038678791
0.001034268
0.0072909786
0.0028525576
0.022802293
-0.0037665157
0.012324215
0.02686546
-0.0050893594
0.0085373955
-0.0080351934
0.015842719
-0.016994036
-0.024590116
0.030265228
0.02661491
0.00086377165
0.012451368
-0.0024118552
-0.011773224
0.026926181
-0.0057617261
-0.0033135591
-0.011247192
-0.00060829908
-0.021039833
-0.003123369
0.014443328
0.021705497
0.019659653
0.013149626
-0.025828135
0.030801736
0.0026140213
0.021758131
-0.002423216
0.025439961
-0.019074661
-0.00057234779
-0.0055041863
0.012762044
0.026862416
-0.014120724
0.0094617949
0.01478449
0.024570952
-0.010772283
-0.005372496
-0.020196625
0.017920541
0.022697584
-0.012484206
-0.013097472
0.0076447054
0.011495023
-0.026209402
0.015859484
-0.0063704662
-0.02109193
0.024711078
-0.028630796
0.0066629185
0.025339198
-0.00021946333
-0.027878658
0.019706215
0.015885905
0.013948044
0.011894647
0.009877961
0.0077531855
0.0097225059
0.0055388493
0.0074714415
0.003256366
0.0013024933
-0.0010013288
0.00095736647
-0.003311397
-0.0029064692
0.0056938799
-0.0013541723
-0.0055720934
-0.0075224755
-0.0097593149
0.0029122749
-0.011648213
-0.013838231
0.00061521853
0.0048547337
-0.0077688666
0.011565134
-0.015674847
-0.013409908
-0.017802377
-0.015886538
0.0025164649
0.0067455033
0.0090482583
0.010939668
0.013155603
-0.019772238
0.014815747
-0.017368152
-0.015028974
0.017097676
0.018582186
0.0077632741
0.0035644889
0.017713778
0.0014549585
-0.00068636593
0.0014160087
-0.0028367568
-0.0048394201
-0.0016865156
-0.00068499508
-0.011043119
-0.012559518
0.0002048973
-0.017781191
-0.01382372
-0.02146172
0.0034242845
0.015248395
-0.008574714
0.0093027008
-0.023200267
-0.0039309917
0.012492884
0.001407986
0.019299997
-0.010108769
-0.013986265
0.017143404
-0.0070312078
-0.015559144
-0.011566582
-0.025507513
-0.0089863265
-0.018909108
-0.02107506
-0.010966263
0.015891949
-0.017769496
-0.017452654
-0.016489787
-0.015146982
-0.00072386161
0.0034269485
0.0059126514
0.0091038015
0.012010346
-0.0094568343
-0.0054795966
0.021390987
0.023019493
0.013776603
0.011865365
-0.024626393
-0.027494656
0.01963411
0.01778707
0.021578584
0.022805769
0.0209757
-0.0033756345
-0.0023592696
0.013783158
0.0035152747
0.005184027
0.0056240775
-0.002639612
-0.0052221521
-0.0093683804
-0.0036185316
-0.021366982
-0.011865339
-0.019406576
-0.019430618
0.0071127428
-0.009818885
-0.02246192
0.0097502346
-0.0006712654
-0.0058140816
0.0074872297
-0.0069650082
0.011225496
-0.02449398
0.0037132037
-0.029277726
0.023179233
0.0084288203
0.013237966
-0.0047194182
-0.0077718474
-0.022944832
0.0051941865
0.015325075
-0.0065025506
0.025947773
-0.023083601
-0.024652354
-0.0024607087
0.0016902687
0.019310317
0.0002392822
0.0041677044
0.010290347
0.0022395878
-0.030459741
0.026041136
-0.008043044
-0.026062111
0.014416802
-0.0091456932
0.020456518
-0.0058641029
-0.026156242
0.0035503526
-0.0092363195
0.015779708
0.022358256
0.042602636
0.024983782
0.017187317
0.042300378
0.025917362
0.015217937
0.030802311
0.039215512
0.010014718
0.039998922
0.028617352
0.01096722
0.03511347
0.033270408
0.0054053657
0.036226111
0.030086059
0.022563514
0.025910638
0.028261324
0.029021372
0.031245219
0.031872413
0.029501485
0.032204574
0.029684692
0.032238508
0.034602479
0.034477462
0.031950119
0.034030587
0.03663199
0.033943589
0.031347902
0.033260819
0.035781213
0.034848392
0.029112651
0.037200899
0.036092206
0.028358325
0.025990501
0.032178556
0.026879413
0.038270901
0.039194937
0.036984865
0.034633948
0.025189757
0.022733284
0.023381944
0.019924125
0.020558108
0.035349672
0.017142877
0.040076421
0.040809203
0.017571914
0.01370435
0.03316898
0.035695249
0.023279708
0.036311464
0.037889027
0.037095965
0.039110922
0.039681761
0.027347507
0.038105132
0.039738844
0.041152477
0.024194774
0.032831274
0.031952161
0.033425615
0.035991714
0.021038594
0.039902928
0.026933932
0.035758219
0.026237159
0.016628372
0.03677756
0.017796
0.041131265
0.042183567
0.021187993
0.040725906
0.02985789
0.028814876
0.033887134
0.025531835
0.041495767
0.040584706
0.041864875
0.027215584
0.042911887
0.027542552
0.042028209
0.042801449
0.019897929
0.017668457
0.018681346
0.032182548
0.012501523
0.041341924
0.040140569
0.019877732
0.014815212
0.029133082
0.030347183
0.029383091
0.037369132
0.0073911554
0.01142357
0.0086415156
0.010389707
0.014301569
0.038315584
0.038540157
0.026532158
0.03442233
0.029577153
0.034744273
0.038269669
0.03636961
0.037946665
0.030437714
0.037512322
0.033579253
0.030750005
0.038945405
0.0266116
0.030790293
0.041894358
0.032083292
0.036600017
0.029288114
0.033556582
0.038321287
0.023858324
0.040736653
0.034368802
0.032647556
0.0046373742
0.019390629
0.024161592
0.038408238
0.027840429
0.039290726
0.034691491
0.024082035
0.039853827
0.0077220446
0.0314197
0.037702438
0.023281873
0.020929849
0.020590965
0.036829183
0.022017888
0.015991469
0.034236655
0.030220816
0.0019151505
0.040838339
0.035978116
0.013269567
0.041417501
0.018262126
0.025245318
0.031594279
0.035229662
0.023190806
0.01446137
0.025399179
0.042951293
0.026021747
0.031429409
0.01919986
0.028188245
0.042675572
0.039505151
0.018433318
0.040377319
0.030104668
0.014493527
0.033865422
0.012675249
0.03550983
0.035070017
0.031590557
0.0091386795
0.028144356
0.029262498
0.027067218
0.030138663
0.027813658
0.030759047
0.03293698
0.033403734
0.035421532
0.035722267
0.033537258
0.035688781
0.03770121
0.037490731
0.033356673
0.028292402
0.039322754
0.038924985
0.036910528
0.038163779
0.039345887
0.035966147
0.037040029
0.040776239
0.040607143
0.039054462
0.03774758
0.034790263
0.04181331
0.041432763
0.040041275
0.041779673
0.040688796
0.039084483
0.035585624
0.036089724
0.039591865
0.039577899
0.03776802
0.038333206
0.025224921
0.025561113
0.031148381
0.028511668
0.025649781
0.022576054
0.022549653
0.025478241
0.034537954
0.033423456
0.031836674
0.019237609
0.040688952
0.041080089
0.042594882
0.019364277
0.037081966
0.030559332
0.028816177
0.031991632
0.029996939
0.033831196
0.041887307
0.037065238
0.040974356
0.016091851
0.034219609
0.03632496
0.026896654
0.025478684
0.035505922
0.034912993
0.022463478
0.033864004
0.042163019
0.028866644
0.03979999
0.023146778
0.023705049
0.043314968
0.043207095
0.042747707
0.037628236
0.041672849
0.029888919
0.033407721
0.029236457
0.016901252
0.018852783
0.015550696
0.011843507
0.015700523
0.041175585
0.038693878
0.039341842
0.037430536
0.03605013
0.036064037
0.021142119
0.024614685
0.030734414
0.032168107
0.031100748
0.037544501
0.022357653
0.02842024
0.035305745
0.034709168
0.039988982
0.027314201
0.032802779
0.038107126
0.04055179
0.038996891
0.031181568
0.041389201
0.023412985
0.021926769
0.031116163
0.026918231
0.019095542
0.021444753
0.03828947
0.038083794
0.033087109
0.0098302156
0.036688797
0.030787335
0.041911678
0.042978557
0.036212218
0.033067833
0.016073618
0.030176816
0.033783656
0.042359479
0.027911274
0.033899256
0.0318833
0.032605569
0.036093466
0.012721055
0.043118966
0.042473871
0.041943393
0.030700528
0.0065962491
0.034704457
0.025093131
0.042600006
0.032267945
0.040739476
0.019931135
0.033631444
0.04230156
0.034122039
0.013509458
0.039837519
