FiniteElementSpace
FiniteElementCollection: H1_2D_P1
VDim: 1
Ordering: 0

-0.032241596
-0.022543758
-0.032236842
-0.022550237
0.054790831
0.054787219
-0.033263687
-0.034137599
-0.034726194
-0.035044051
-0.035070187
-0.034777107
-0.03422813
-0.033421389
-0.032320305
-0.031075335
-0.029704339
-0.028210706
-0.026664944
-0.025182964
-0.023771104
-0.021443664
-0.020564806
-0.019972644
-0.019663333
-0.019654151
-0.019930951
-0.020493674
-0.021332139
-0.02237032
-0.023631448
-0.025038828
-0.026503853
-0.02801533
-0.029508313
-0.03090963
-0.03326654
-0.034135631
-0.034732279
-0.035047306
-0.035079205
-0.034782859
-0.034210902
-0.033400501
-0.032333669
-0.03108114
-0.029687255
-0.028198149
-0.026689944
-0.025201902
-0.023772137
-0.021413798
-0.020563067
-0.019965118
-0.019657303
-0.019658977
-0.0199295
-0.0204781
-0.021324045
-0.022381036
-0.023633169
-0.025026822
-0.026505652
-0.028024229
-0.029514667
-0.030906275
-0.021514147
-0.019037475
-0.015215349
-0.010192046
-0.0041625931
0.0026488831
0.009975326
0.017535055
0.025038944
0.032200327
0.038757496
0.044428208
0.048992174
0.05231311
0.054244981
0.053685021
0.051222803
0.047405032
0.042389204
0.036359401
0.029551486
0.022226428
0.01466568
0.0071534826
-1.27862e-05
-0.0065486742
-0.01221751
-0.016806401
-0.020122072
-0.022065587
-0.021503524
-0.019024443
-0.015209235
-0.010193977
-0.0041574076
0.0026495748
0.0099597771
0.017530008
0.025044923
0.032195601
0.038732741
0.044409976
0.04900679
0.052329118
0.054237264
0.053673439
0.051212892
0.047393531
0.042386025
0.036370358
0.029550626
0.02221921
0.014666636
0.0071558079
-8.3884058e-06
-0.0065444729
-0.012218485
-0.016805325
-0.020122906
-0.022056606
-0.031566332
-0.029274668
-0.025437988
-0.020185145
-0.013725328
-0.0063081486
0.0017847735
0.010243386
0.018736569
0.026944463
0.03456038
0.041265102
0.046804791
0.051006902
0.053688244
0.054055051
0.051782335
0.047951563
0.042706403
0.036249945
0.028823964
0.020740058
0.012290531
0.0037759824
-0.0044241459
-0.01202897
-0.018743684
-0.024298999
-0.028492215
-0.031165647
-0.031566067
-0.029283592
-0.025439934
-0.020191194
-0.013729765
-0.0063125063
0.0017739547
0.010238621
0.018735783
0.026945184
0.034549466
0.041263314
0.046823125
0.051009005
0.053665529
0.054075955
0.05180083
0.047956715
0.04270612
0.036248373
0.028834098
0.020734927
0.012280936
0.0037841048
-0.0044334464
-0.012040504
-0.018746301
-0.024310461
-0.028495763
-0.031171432
-0.021401332
0.0082571964
0.018904865
-0.0023999267
0.032491542
-0.023651756
-0.01936703
-0.015032038
0.039506881
-0.019440127
-0.026645869
0.045124403
-0.01402488
-0.0256092
0.049068094
-0.020689337
-0.029594676
0.052505616
0.011417265
0.014850847
0.022163857
0.017410707
0.024441865
0.018985643
0.012148472
0.013090982
0.0065935856
0.0069790309
0.013161148
0.0065326233
0.00085229297
-1.1814549e-05
0.012244712
0.025636955
-0.0050649671
-0.0062167038
-0.0014757596
-0.0078971409
-0.0044720044
-0.0034445505
-0.010026407
-0.0096086986
-0.0092285785
-0.011831713
0.005448992
-0.0059200902
0.0013231295
-0.012545764
-0.015850967
-0.013368118
-0.013078133
-0.0093161664
-0.013370583
-0.0098576123
-0.018302798
-0.01391536
-0.0015321457
0.0062337086
-0.010857105
-0.015539885
0.031119437
0.0318438
0.0075839595
0.025652847
0.031307398
0.037394538
0.0362338
0.029599406
-0.014124576
0.042283435
0.0088263954
0.014157625
-0.016776391
-0.02069864
-0.018535639
-0.022835411
0.042391799
-0.0057816752
0.016341199
0.00047535344
-0.020621303
-0.017628352
-0.016327687
0.046670526
-0.0072863177
0.021752015
0.019257324
-0.0018718951
0.033481913
-0.022477419
-0.020657801
-0.025204602
-0.021601088
0.0029629363
-0.0046828772
0.028028041
0.026288865
0.016650444
-0.025178623
0.011091694
0.024784105
-0.020421009
-0.019764139
-0.018233711
-0.019267396
-0.019885525
-0.018204817
-0.018973257
-0.016414911
-0.012250956
0.0041995218
-0.0084801346
0.0394709
0.040482776
0.044916009
0.049528136
0.046237435
-0.020805184
-0.028183322
0.033240579
0.029246013
0.010333804
0.019507026
0.0010375602
0.037237761
0.024675687
0.0053169683
0.0035610454
-0.013651116
-0.015123274
-0.010488074
-0.0087344512
-0.024278583
-0.0044779567
-0.01510106
2.4273261e-06
0.035755407
0.019034264
0.04147118
0.010815067
-0.005074082
-0.016633925
-0.0079206956
-0.028795969
0.052163309
-0.016106655
-0.00051946149
0.017820573
-0.018812737
-0.011699971
0.046232052
0.0040304756
-0.017703853
0.023221691
-0.017949696
-0.026096616
-0.019430599
-0.018812549
0.0010997118
0.049975518
-0.016260357
-0.018062306
-0.030799175
0.053838227
0.027821532
-0.022432834
-0.0181911
0.035374305
-0.019073527
-0.0038766745
-0.019933971
-0.02778296
0.049213404
-0.020541457
-0.022706459
-0.016488708
-0.021697934
-0.020602289
0.0054655617
-0.032910195
0.019600342
-0.0022182255
-0.0093539551
0.031030018
-0.029518882
0.040873793
-0.034209044
-0.026621105
-0.022953886
0.04486991
-0.013885985
0.050065378
-0.033602301
-0.021388538
-0.030830016
0.052666028
-0.018370034
-0.017607386
-0.012661281
-0.016779105
-0.010366903
-0.015861301
-0.0095816045
-0.015012521
-0.008718433
-0.014251641
-0.007674593
-0.01353244
-0.006696283
-0.012908988
-0.0059133602
0.00079666027
-0.012430185
0.0016079851
0.008678437
0.009395114
0.016622151
0.0019737516
-0.0030432757
0.015481168
0.023381188
-0.019510845
-0.018755244
-0.018470379
0.0095761747
0.0019390905
0.024265172
0.030830532
0.021711694
-0.023821133
-0.023726071
-0.018165757
-0.023490839
-0.017847155
-0.028421814
-0.023252874
0.01365516
0.031169061
0.03736881
-0.02026666
0.0092083179
0.0013304161
0.036421386
0.019258964
0.017034049
0.016502567
0.027148533
-0.023979129
-0.017537301
-0.028186965
-0.027687276
0.011303992
0.042860107
-0.020472242
-0.0052874468
0.0057025377
0.036780588
0.023766515
-0.011449586
-0.031545309
0.02405935
0.031521179
-0.010897516
-0.016958706
-0.0033579065
0.023578677
0.040981117
0.027797406
0.01575766
0.0075719159
0.01067628
0.0024560359
-0.0083046006
-0.030994
-0.026674722
-0.027505539
-0.034038594
-0.031952555
-0.030292562
-0.029295618
-0.031020504
-0.026685984
-0.024833252
-0.033595136
0.015699638
0.049519555
0.046014784
0.038891486
-0.030815427
-0.028076103
-0.025288631
-0.034011434
-0.031902996
-0.032148601
0.046119324
-0.025109631
-0.028404072
0.0058693709
-0.0045492259
-0.022616132
0.029346764
-0.0054481635
0.0074395606
0.0084241308
0.017065737
-0.018742799
-0.019953565
-0.024333751
-0.021318862
-0.00033719145
-0.022018398
0.034342841
-0.01213189
0.024224735
0.049994024
-0.011941153
-0.0018344862
0.034600575
-0.028009372
-0.032907474
0.052874584
-0.023674285
0.04744691
0.0037715977
-0.005246555
-0.016919224
-0.026841121
0.034899682
-0.0047615003
-0.027458316
-0.024036879
-0.0037239235
-0.030132474
-0.0010071319
0.030202099
0.04216134
0.041075141
-0.032368624
0.054132294
-0.022785036
0.01297067
-0.023904571
-0.032125822
0.03684564
0.001725306
-0.022766693
0.028895713
0.045321164
-0.021760281
0.024380671
-0.028050329
0.0015827588
0.046125763
-0.0080706734
0.0140291
0.018281034
-0.033500345
-0.030141132
-0.011012671
0.029925422
-0.0044625199
0.038854984
-0.034728168
-0.015840894
0.043149937
-0.024013233
-0.02707778
-0.034125368
0.048451806
-0.024332815
0.051210258
-0.031518407
-0.032547175
-0.031435982
-0.032216559
-0.029026787
-0.029666037
-0.025360598
-0.024695241
-0.020027599
-0.019411251
-0.013864135
-0.014449423
-0.0075450785
-0.007130855
-0.00023055371
-0.0082020281
-0.025909165
-5.6563378e-05
0.0072537706
0.0069550687
0.014650994
-0.0070206218
0.01414531
0.021866052
-0.00030113866
-0.0072157255
0.021911746
0.029041842
-0.023940762
-0.00095680879
-0.0077760173
-0.013408897
0.0062171924
-0.013749625
-0.018677553
0.028569468
0.035469275
-0.018539881
0.028519106
-0.022754786
-0.021871679
-0.030117019
-0.026320748
-0.030482721
-0.021083643
-0.021491684
-0.026620785
-0.021830898
-0.01597151
0.0061206624
0.013019258
0.0047659279
-0.026951798
0.02111416
0.027078665
0.0052526591
-0.030476022
-0.023149166
0.011304103
0.0028830478
0.019568399
-0.0030503102
0.034124997
0.019650746
-0.018853487
-0.014021113
-0.03052344
0.040543842
0.040982778
-0.0045861634
0.00051371179
-0.026420191
-0.02669818
-0.016076829
0.046315177
0.023678496
0.017014053
0.034208479
-0.008695066
-0.034175679
0.0099044842
0.0025233202
-0.0028351165
0.044302944
-0.010916968
-0.031431927
-0.028429879
0.036983415
-0.018228325
-0.02180781
-0.034562622
-0.028469693
-0.027507096
0.032077863
-0.019706655
-0.019275607
-0.02254081
-0.024892729
-0.025596682
-0.034600435
-0.032763781
0.04810181
-0.02822792
-0.020567572
-0.013453783
-0.030427795
-0.015658562
-0.00076359737
0.020993332
0.014473104
0.0087230513
-0.0016876716
0.035270522
0.0069599731
-0.013279952
0.03248459
0.01364856
0.0048920296
-0.03310117
-0.014989262
0.02227338
-0.033131973
-0.0032905045
-0.01863613
0.040312728
0.051685299
-0.03334638
-0.022220697
-0.0090374191
-0.0083333267
0.011830172
-0.023252853
0.027176477
-0.032936734
0.025055426
-0.027314547
0.012426943
-0.0099808108
-0.025947807
0.038957982
-0.02948478
0.045374163
-0.030962326
0.0047746851
-0.001505201
-0.0096339135
0.053480595
-0.03275034
-0.023172656
-0.011317023
0.017525872
0.04398009
-0.015210311
-0.015619948
-0.028518207
0.025210889
0.049017561
-0.032701547
-0.018124869
-0.021320246
0.0055987374
0.014053619
0.035218596
-0.019160732
-0.023824642
0.03114849
-0.016643969
-0.0065623889
0.04436299
-0.026756375
-0.019090363
0.046722868
-0.016231607
-0.026451199
0.05257301
-0.029477905
-0.020271798
0.021515428
0.017429742
0.010136227
0.012839099
0.0058240114
0.0078724512
0.014731393
0.009133018
0.015745223
0.0095514915
0.0033548437
0.0032595753
0.0091715931
0.0024306232
-0.0023104909
0.0012813235
0.0079804182
0.00087309956
-0.0041084326
-0.0058971116
0.015168982
-0.010185264
-0.012105036
0.013572695
0.021026855
-0.0081105347
-0.014397079
0.021525803
0.018881213
0.026398262
0.028018282
0.011170655
0.033460023
0.034310184
-0.017462445
-0.019748016
0.039296893
-0.010694694
0.039617521
0.044725937
-0.00080558362
-0.0047844163
0.024688911
-0.0032716389
-0.0086547896
-0.010083793
-0.013159757
-0.012181104
-0.0086807142
-0.013918253
-0.012646661
-0.014476422
-0.0036957636
-0.006435232
0.015684153
-0.011834359
0.03382751
-0.016937119
-0.015859443
-0.018310998
-0.01183673
-0.021648902
0.00073023491
0.022165421
0.037656852
-0.015828874
-0.023704605
-0.021916488
-0.01527887
-0.018204171
0.038544293
0.032440899
-0.015719582
-0.026352771
-0.0012249552
-0.020255183
-0.013423717
-0.017468269
0.0066812311
0.014910212
0.023202351
0.027430582
-0.022272068
0.038605671
0.028686483
0.041270156
-0.025260841
-0.018950858
-0.01703662
-0.012012825
-0.019541824
-0.017565005
-0.0093540814
0.04902236
0.045890113
0.049859392
0.048567285
0.04396489
-0.00027409667
0.0030668158
-0.028288012
0.019933844
0.0027084844
0.015836715
-0.0067953803
-0.0075685227
-0.0028850838
-0.015471229
-0.0012140975
-0.019093387
-0.0077020369
-0.016868172
0.0060715687
0.022066868
-0.023155639
0.0035396709
-0.020291614
-0.003410676
-0.0024142772
-0.022509395
-0.0091331309
-0.019590726
0.028462051
-0.019459716
-0.02949065
-0.01933285
0.052287011
-0.0072574575
0.030949605
0.011102474
0.027724169
-0.019890916
-0.013891597
-0.021621201
0.026218827
0.0079375915
-0.011633052
0.050173749
-0.024759984
0.031190531
-0.02424251
-0.01845577
0.019128083
0.023206243
0.035170752
-0.030997719
-0.021147634
0.053967994
-0.014705969
0.0047865382
-0.026243431
0.041628907
-0.017875634
0.036165229
-0.0017476953
-0.027465355
-0.016847469
0.042284195
-0.03161793
0.012739955
0.0076536583
0.031921671
-0.029390744
-0.034056925
0.034686712
-0.016389422
-0.0081165534
0.046104548
-0.026482006
-0.034079839
0.044892054
-0.027541378
-0.018192872
0.052686249
-0.023758919
-0.032934701
0.049583516
0.045859946
0.040515012
0.040919745
0.034936848
0.034821434
0.028370841
0.02781424
0.021063236
0.020186279
0.013255327
0.01214917
0.0053281478
0.0042246604
-0.0023766895
-0.0016525078
-0.003460659
-0.008948503
-0.0084389645
-0.015204076
-0.014912686
-0.015573016
0.021200439
-0.0081108124
-0.014744486
0.018589916
0.0026833499
-0.0048736694
-0.021125236
-0.021272082
-0.020804992
-0.020700768
-0.007989274
0.00072665477
-0.0065260404
-0.011750544
-0.013078447
-0.017785884
-0.0013362966
-0.01862138
-0.00079273623
-0.025733582
-0.025603221
0.033671894
-0.025990529
-0.025900947
-0.020549945
-0.00049883241
-0.025963059
-0.030020764
-0.0081062481
0.0092037363
-0.022628726
-0.014454025
-0.019382166
0.0071833563
-0.025446513
0.045519146
-0.016015029
0.0065748849
-0.029493049
-0.029717036
-0.022121108
-0.015852375
-0.00053516781
-0.0083428131
-0.02623498
-0.026111503
-0.029147826
-0.032499412
-0.019742195
-0.0012461335
0.0076807412
0.015058836
0.015822785
0.022874442
0.038922102
-0.019976719
-0.023502528
-0.025065125
-0.013593445
-0.032996022
0.020348888
0.015242038
0.022574939
0.0073332945
0.016515942
0.023580514
-0.033632417
-0.032020538
-0.034247182
0.027769944
0.040886936
0.041731571
-0.0019145005
-0.005886524
-0.022568263
0.050170602
0.03415751
0.027905082
0.0051821186
0.02399552
-0.022862318
-0.014669988
-0.0096179825
-0.0010925654
-0.029709342
-0.020937668
-0.0086625863
0.010536095
0.026436342
0.031592269
0.040534899
0.0060965034
0.049843518
-0.01470054
-0.010579961
-0.025735377
-0.031021155
-0.016799144
0.013829135
0.029825357
-0.032327386
0.00050161623
-0.02139417
-0.030845758
-0.027776609
0.05287435
0.014274866
-0.021602323
-0.02800142
-0.0092948347
0.036435362
-0.02589816
0.0059305778
0.046710982
-0.0229243
-0.031072779
-0.029346447
-0.029307375
-0.032400803
0.020795684
-0.022812784
-0.032281577
0.054162413
0.016049536
0.036959074
-0.013966652
-0.011102767
-0.028809257
0.015792999
-0.03211265
-0.024094785
-0.025395179
-0.034049566
0.028933539
-0.029389833
0.011381864
-0.033572419
0.004715303
0.017277236
-0.0042689248
0.029670074
-0.034573109
-0.030117447
0.03835307
-0.01836789
-0.027132241
0.043154621
-0.034517992
-0.016009794
-0.028551893
0.048282551
-0.022207291
0.051629545
-0.03342102
0.0096579472
0.01151623
0.019063381
0.012703473
0.02012676
0.013162176
0.0058603847
0.0058274421
-0.0011805823
-0.0015997517
0.0052844557
-0.0024677818
-0.008865226
-0.0099371435
0.0041219768
0.020385524
-0.015696934
-0.016806005
-0.011173536
-0.018041221
-0.014700854
-0.012502478
-0.019304846
-0.020729122
-0.019739586
-0.022845376
-0.0011779195
-0.013936933
-0.006470527
-0.02056831
-0.025117432
-0.024732067
-0.023615702
-0.018788019
-0.022676247
-0.017909025
-0.026111673
-0.021702152
-0.0081524563
-0.00018614154
-0.017183373
-0.021592405
0.027274584
0.027251307
0.0041074375
0.019779343
0.026277479
0.033531998
0.032112318
0.024468062
-0.02585057
0.039215915
0.0014548813
0.0081171729
-0.028701292
-0.029736145
-0.028871975
-0.030264026
0.039658611
-0.012387677
0.0095700366
-0.007637233
-0.026757736
-0.029674376
-0.025330349
0.044602754
-0.011949617
0.016256468
0.014601548
-0.0069988829
0.029349025
-0.032571417
-0.031822232
-0.030399498
-0.033374997
-0.0021797852
-0.0098444296
0.023866725
0.024783288
0.013249995
-0.034660275
0.0061011148
0.02160566
-0.032575743
-0.031443412
-0.029411933
0.043942287
-0.028591366
0.036968065
0.037626276
0.002411652
-0.010993354
0.03190583
0.02643572
-0.034120986
-0.024010771
-0.025664294
-0.024907508
-0.02345548
-0.020132546
-0.016657681
0.048093183
0.044028531
0.0053275036
0.012879396
-0.008058484
0.033943498
0.01854261
-0.0037038676
-0.0050452567
-0.021764679
-0.021632223
-0.023986481
-0.032888142
-0.015417285
-0.013882634
-0.027803943
-0.0035479529
0.033300988
0.011967727
-0.026755175
0.039382453
0.0028622706
-0.013279586
-0.011500256
0.051481422
-0.03156608
-0.024292964
-0.026488471
-0.0073191565
0.010698705
-0.030581454
-0.016773885
0.044535588
-0.0011878593
0.017214461
-0.019056575
-0.032881214
-0.022596889
-0.031637415
-0.030742419
-0.0024129149
0.048507366
-0.027652807
-0.027991879
0.053461011
-0.032705785
-0.023248111
0.022894223
-0.026903107
-0.026521314
0.032172067
-0.0074260611
-0.032015372
-0.032733548
0.047874049
-0.034395735
-0.024062319
0.013349349
-0.020245048
0.006703439
0.030899569
-0.023786203
-4.9462481e-05
0.035431914
-0.016060237
-0.018979476
0.046535625
-0.026767152
-0.012241033
0.044579236
-0.019505878
-0.026261833
0.052073605
-0.029787731
-0.019566955
0.015143577
0.011220893
0.0029919306
0.0070222964
-0.00089175435
0.0026692481
0.010470001
0.0056368575
0.013201262
0.0078921636
0.00076004988
0.0025868866
0.0094087033
0.003694702
-0.0038416425
-0.0047867534
0.010109003
0.004075766
-0.0017845169
-0.0016873622
0.016245397
-0.0068399378
-0.0069345018
0.016465104
0.022843831
0.0037319092
0.018238975
-0.011272884
-0.011505628
-0.011504464
-0.0075445003
0.022338757
0.028788457
0.028828195
0.034869478
0.034189095
-0.012194074
0.03982321
-0.015004377
-0.015508772
0.038692227
0.044672477
-0.0083096776
-0.011607583
0.019478601
-0.0084918202
-0.014594603
-0.017534131
-0.019692879
-0.01709831
0.015691431
-0.022441832
-0.012169784
-0.016379737
0.020830873
-0.0086530317
-0.0031737567
-0.013215918
-0.020483681
0.032141046
-0.013218998
0.020545764
-0.015680738
0.013921788
0.03953724
-0.024864278
0.036150356
-0.017610002
-0.019766193
0.029360227
-0.0210894
-0.0045746331
0.0016057965
-0.017352525
0.0066809515
-0.017984214
-0.01756754
-0.021219191
-0.0015292005
-0.021218029
-0.0070308529
-0.018699981
-0.022389618
0.021557727
0.028653422
0.031693528
-0.021869445
0.041761801
-0.025245731
-0.024087209
0.02332551
0.038207782
-0.009210477
-0.0049028532
-0.016552866
-0.019067663
0.050285075
0.04694437
0.050045997
0.0476333
0.042377997
-0.028297461
-0.025968273
0.015087395
-0.0016842857
0.015084076
-0.014965494
-0.011834701
-0.0024956196
-0.0072663498
0.0099858912
-0.01502107
-0.0021675034
-0.010102894
-0.014784672
0.022154657
0.0027734417
-0.01955299
-0.012069223
-0.0058244345
0.009015492
-0.018300989
-0.0081614986
0.027657254
-0.019114095
-0.029301363
-0.020103208
0.052787638
0.033830412
0.025337468
-0.0096623694
0.0075671226
-0.017389736
-0.023390784
0.022308893
-0.014869989
0.048687523
-0.014712965
-0.017576875
0.017737402
0.024897528
0.026930661
-0.02775852
0.027266006
0.038243221
-0.030999984
-0.021187133
0.05399048
-0.018862552
-0.018019335
0.043640665
-0.023408516
0.032707551
0.01167972
-0.017876603
-0.026503877
0.0065905651
0.043320471
0.010874224
-0.020295787
0.01675921
-0.0074236862
0.033123453
-0.0027672356
-0.023748616
-0.01919113
0.039327951
-0.026628825
-0.013775335
0.044996701
-0.021114638
0.049341542
-0.019884803
-0.028625356
-0.02005587
0.052344773
0.0083536671
0.012216277
0.020359692
0.01531988
0.02308577
0.017542148
0.0099540733
0.011737694
0.0044813241
0.0058922607
0.012718632
0.0065391545
0.00019053752
0.00058268289
0.01281319
0.02481625
-0.0051469963
-0.0049350017
0.00035366821
-0.0052914562
-0.0059163959
-0.00049116512
-0.0061824195
-0.010485967
-0.011555409
-0.010223463
-0.011105346
0.0024142425
-0.01511825
-0.016331872
-0.012985376
-0.014194192
-0.018022637
-0.014719902
-0.0075707966
-0.012377983
-0.019717326
-0.014280605
-0.016707321
-0.022408474
0.030359734
0.031493228
0.004026982
0.025430022
0.031417063
0.03734196
0.03649499
0.030183263
0.0057758449
0.0043776387
0.011117745
0.042338919
-0.013841587
-0.017095814
-0.017722959
0.042322366
-0.010626472
0.0091236961
0.016237688
0.0023229295
0.017770168
-0.0091193042
-0.016806529
-0.002474103
-0.021843659
0.046680134
-0.013807991
-0.016033325
0.022806939
0.020980049
-0.012937293
-0.0065353873
0.034059578
-0.017447037
-0.018889469
0.0068219218
-0.017427696
0.029046331
0.024949263
-0.021312155
-0.022439224
-0.021695859
-0.019438208
-0.025242078
0.00016237943
-0.014575017
-0.0086908209
0.039642723
0.040693588
0.045060744
0.049276948
0.046208258
-0.019380022
-0.02806624
-0.025476127
-0.026931862
-0.02413957
-0.019001356
0.032563725
0.028149746
-0.017699571
0.0074020456
0.018793369
-0.00081377577
0.036912901
0.025064718
0.0064548608
-0.0019429395
-0.0098008665
0.013868928
0.0122315
-0.015048174
-0.0098435101
-0.0071997906
-0.0059838024
-0.013732927
0.018900264
0.035211699
0.019121899
0.0037555806
0.041312557
0.026169352
-0.0089579872
-0.017812927
-0.02067521
0.052329322
-0.029485632
0.018664659
-0.020251909
-0.019444989
-0.0044123699
-0.0037519986
0.046279743
9.4017268e-05
0.00027318192
-0.016909335
0.024080849
-0.025428863
-0.011153164
-0.0033723469
-0.018529353
0.049921116
-0.020615542
-0.018834872
-0.023145053
-0.021533356
0.053877249
-0.03074019
0.028556699
-0.018747472
-0.015063363
-0.02462326
0.03599701
-0.0091509602
-0.019966259
-0.01944714
0.049305848
-0.022939017
