FiniteElementSpace
FiniteElementCollection: H1_2D_P1
VDim: 1
Ordering: 0

-0.019380973
-0.024827256
0.019380597
0.024825554
-0.029830796
0.029831015
-0.021709615
-0.023840336
-0.025740278
-0.027393289
-0.028783027
-0.029893399
-0.030718667
-0.031250712
-0.031471219
-0.031394853
-0.031019496
-0.030339564
-0.029364736
-0.028111982
-0.026592567
-0.02280217
-0.020558117
-0.018123198
-0.015513071
-0.012753067
-0.0098707936
-0.006893264
-0.0038489628
-0.00076751852
0.0023209035
0.0053873695
0.0084008457
0.011333304
0.014157309
0.016845315
0.021711043
0.023841982
0.025741278
0.027394049
0.028783799
0.02989177
0.030714994
0.031245301
0.031471573
0.031394631
0.031015233
0.030338233
0.029369575
0.028116718
0.026591464
0.022795379
0.02055845
0.018121798
0.015512248
0.0127538
0.009870462
0.0068929447
0.0038493243
0.00076815022
-0.0023203154
-0.0053862948
-0.0084007093
-0.011334113
-0.014157997
-0.016844931
-0.027622033
-0.030160048
-0.032403045
-0.034336013
-0.035938921
-0.037196233
-0.038096781
-0.038630219
-0.03879093
-0.038578132
-0.037996285
-0.037045865
-0.035734228
-0.034082471
-0.032104623
-0.027239748
-0.024402584
-0.021329508
-0.018051206
-0.014598646
-0.011005877
-0.0073068311
-0.0035370749
0.00026663274
0.0040675247
0.0078296061
0.011515833
0.015089192
0.018519951
0.021773704
0.027613816
0.030152301
0.032400812
0.034337697
0.035946747
0.037201486
0.038093976
0.038631247
0.038795312
0.038577885
0.037991607
0.037042716
0.035738792
0.034087533
0.032104105
0.027239396
0.024401714
0.021328298
0.018051021
0.014599894
0.01100557
0.0073062951
0.0035371038
-0.00026653713
-0.004067328
-0.0078294164
-0.011516269
-0.015090262
-0.018519011
-0.021769721
-0.016354949
-0.013182241
-0.0098821292
-0.0064867893
-0.0030286701
0.00045849774
0.0039414068
0.0073863655
0.010760089
0.014030065
0.017165925
0.020135192
0.022907778
0.025464155
0.027776727
0.031568222
0.033021583
0.034156622
0.034961484
0.035429526
0.035554727
0.035340626
0.034788894
0.03389012
0.032671577
0.031139647
0.029304523
0.02718943
0.024814278
0.022199529
0.016355682
0.013182938
0.0098819866
0.0064867487
0.0030288738
-0.00045816906
-0.0039406677
-0.0073859414
-0.010759539
-0.014029166
-0.017163551
-0.020133512
-0.022909298
-0.025463656
-0.027772033
-0.031571179
-0.03302396
-0.034156476
-0.034960488
-0.035428194
-0.035555826
-0.035337656
-0.034781831
-0.033893393
-0.032672232
-0.031141037
-0.029309225
-0.027192841
-0.024816344
-0.022200816
0.00054247403
0.03212485
0.0070543674
-0.0042023613
0.0333934
0.0064330195
-0.0088384873
0.028057007
0.017861994
-0.014328458
0.012470069
0.032369257
-0.011853891
0.023830985
0.02417819
-0.019140172
0.017699463
0.030237612
0.0032707302
0.0066949046
0.010480085
0.010050609
0.013796364
0.013318139
0.0095159039
0.012728423
0.008872452
0.012032874
0.015828946
0.015068514
0.011204713
0.014180508
0.018715687
0.016998306
0.010260654
0.013167701
0.017018691
0.015937738
0.0072300582
0.019710975
0.018538331
0.0062436172
0.0031807829
0.012061027
0.0056643266
0.022226426
0.023296105
0.020956954
0.017177018
0.0022653753
-0.00076396507
0.00010829163
-0.0039384907
-0.0029531652
0.019500281
-0.0068400861
0.025700355
0.026651995
-0.0059525231
-0.010269467
0.017408525
0.020520945
0.0028211444
0.020026415
0.023450941
0.023839838
0.02665714
0.02610911
0.0051966206
0.026946598
0.024137025
0.027356897
0.0013638393
0.01563243
0.013257218
0.017873628
0.024016597
-0.0018860521
0.024740213
0.0050069166
0.021553254
0.0042950305
-0.0075828613
0.026857997
-0.0050214151
0.027852707
0.030350109
-0.0010121838
0.029105696
0.011444003
0.0089982475
0.02045069
0.0047376486
0.028930162
0.027845929
0.030633302
0.010805944
0.032854458
0.0097526069
0.029742572
0.03322466
-0.002948024
-0.0058814614
-0.0051780024
-0.011824276
-0.016650332
-0.012823272
-0.01536691
-0.012979593
-0.0090199978
-0.00055418499
-0.0075682646
0.033026108
0.030094189
0.021181049
0.03150203
0.029528808
0.026080086
0.015065689
0.014399319
0.014171925
0.0062271906
0.016458431
0.0081421293
0.020833118
0.022790589
0.017937799
0.020688655
0.014710917
0.023065867
0.0092332533
0.024441287
0.013942674
0.0041482504
0.0081552974
0.031123616
0.017654432
0.019390089
0.020990599
0.021449879
0.0010254973
0.010761974
0.029766224
0.021337962
0.027295552
-0.0045765927
0.0019766236
0.022118481
0.0068902618
0.026449974
0.024099604
0.0027244164
0.024978206
0.025364623
-0.015561906
0.0163929
0.00082682331
-0.0023328581
-0.0008411968
0.028884995
-0.0014618638
-0.0082494649
0.019570231
0.029128694
0.02812247
0.02337171
-0.011082352
0.031447003
-0.016421842
-0.0038246975
0.0036281989
0.018257647
0.026265092
-0.018974987
0.0024738113
-0.009746724
-0.0217765
-0.019035112
0.036386715
0.033439101
0.040501939
0.03841823
0.034077932
0.037489149
0.033621321
0.03907053
0.030578442
0.032260029
0.030083981
0.036528571
0.034933777
0.036598866
0.027394511
0.030406708
0.02543149
0.034284276
0.03279707
0.035168087
0.037075278
0.037183359
0.038987407
0.038852601
0.040510931
0.040135125
0.041495844
0.040990193
0.042171496
0.041462904
0.042448831
0.041538364
0.042324052
0.043028148
0.041209629
0.042695512
0.043199393
0.04266015
0.042954457
0.041952576
0.041658432
0.043287383
0.042832916
0.040072534
0.040225492
0.039699072
0.041708718
0.040817591
0.042292759
0.041966023
0.042957986
0.038571673
0.037842505
0.038803005
0.036753286
0.037526745
0.036455618
0.035282135
0.043204492
0.041259989
0.040739731
0.038396673
0.040357295
0.039247942
0.041241199
0.042639867
0.041063107
0.039456039
0.042219311
0.038913074
0.035901711
0.034189842
0.032682445
0.042645543
0.039717781
0.035177237
0.040856637
0.043031903
0.039966325
0.040085539
0.037961554
0.031337829
0.041608495
0.041085806
0.036228666
0.034081881
0.036387872
0.03849732
0.039999645
0.040234849
0.041825031
0.041740736
0.040790143
0.040494776
0.036700973
0.029754494
0.030837307
0.028001942
0.029147147
0.033816894
0.035809403
0.036019162
0.03540845
0.037782893
0.038198398
0.032777956
0.037076574
0.03558897
0.037670497
0.037143572
0.033856859
0.033093527
0.034940648
0.031834912
0.033649349
0.03410468
0.037925268
0.031176372
0.035421896
0.039363555
0.039343437
0.033680106
0.042304496
0.041784036
0.043324889
0.038587078
0.042206119
0.040431126
0.039401702
0.037495442
0.036706379
0.042951886
0.032871764
0.041370086
0.040473933
0.041388563
0.036697803
0.039369903
0.042460902
0.038894112
0.035960127
0.025579846
0.034640014
0.029774445
0.038051288
0.042385895
0.03953269
0.031987287
0.035434079
0.039739015
0.038032558
0.03737076
0.033762112
0.040712327
0.028023468
0.034876641
0.040318094
0.039336064
0.03836906
0.022974775
0.032764037
0.028041898
0.0395725
0.036674176
0.032351288
0.040401704
0.037854386
0.039253082
0.039011422
0.038764937
0.032253892
0.036790434
0.037194936
0.041528091
0.038370971
0.038074531
0.0072074082
0.0042652041
-0.028375225
-0.02870048
-0.0032128991
0.013561112
-0.0075050165
0.014871308
-0.025558804
-0.014931761
0.019398268
-0.010273557
-0.0272646
-0.022453635
0.021163174
-0.024819164
0.023871677
-0.016703938
-0.028733689
-0.02575419
-0.025196443
-0.022503863
-0.021815915
-0.018997861
-0.01958556
-0.015986551
-0.016488465
-0.012811125
-0.012239526
-0.0090036797
-0.009522568
-0.005670416
-0.0084019482
-0.018211279
-0.0061325824
-0.002253277
-0.0017705549
0.0016436072
-0.0099668213
0.0021394414
0.0055298032
-0.0065413314
-0.010332144
0.0050153835
0.0088949789
-0.019964677
-0.0068979253
-0.010662091
-0.014014121
-0.0031550418
-0.014279365
-0.01756855
0.0093335765
0.012673031
-0.017615547
0.0083424715
-0.020923375
-0.020514118
-0.020914014
-0.017233539
-0.026103998
-0.014426535
-0.013372486
-0.016105661
-0.012174087
-0.0094703834
-0.0012697545
0.0026380962
-0.00076664343
-0.014916001
0.0044440068
0.0077431055
-0.003429337
-0.01859853
-0.020720897
0.0031289014
-0.00028925583
0.0064927737
-0.0040117643
0.012813532
0.0038848915
-0.016833172
-0.014312733
-0.017381673
0.016039655
0.015676061
-0.0033556568
0.00015932878
-0.024127508
-0.02350443
-0.0080801134
0.019565573
0.0064512093
0.0068095669
0.011614252
-0.0038107741
-0.027674623
0.00012109432
-0.0036804315
-0.0072339481
0.018213918
-0.01142939
-0.02891724
-0.027397136
0.016559042
-0.0068703342
-0.010425669
-0.024090756
-0.013492265
-0.013956621
0.011218406
-0.01836048
-0.018162025
-0.021578196
-0.024240861
-0.024139766
-0.026762942
-0.024386741
0.022032885
-0.022967541
-0.015282575
-0.013276383
-0.019862417
-0.010661122
-0.0051345209
0.0059723622
0.0011354337
0.0034784951
-0.0045657061
0.012130297
-0.0027360768
-0.013665309
0.013228037
0.0006310481
0.0035949991
-0.023407944
-0.011487245
0.010473607
-0.022146364
0.0001890358
-0.017207934
0.015192188
0.024150099
-0.02019487
-0.021522975
-0.0077299129
-0.010772018
0.00035245173
-0.020189668
0.0096956178
-0.020719467
0.010071926
-0.023136243
0.00020668371
-0.0069294405
-0.027007337
0.016202186
-0.026246693
0.018578404
-0.016765549
-0.0031412195
-0.0069567392
-0.011171971
0.026606366
-0.019111314
-0.02389558
-0.0063694391
0.0031777337
0.018800673
-0.014862905
-0.0065530088
-0.026144824
0.0080485407
0.021523634
-0.019644085
-0.017287458
-0.0045930293
-0.0072978282
-0.036625383
-0.036630269
-0.013632168
0.0014252209
-0.017582311
0.0028523968
-0.033463867
-0.023576211
0.0073544126
-0.019312192
-0.034634559
-0.029795737
0.0093959577
-0.031535291
0.012265561
-0.024017389
-0.036959067
-0.034799411
-0.034246539
-0.032291641
-0.031566945
-0.029444137
-0.03001983
-0.027028797
-0.027466898
-0.024344319
-0.023781976
-0.020981381
-0.021434207
-0.017968908
-0.020331441
-0.028572003
-0.018308238
-0.014756108
-0.014337006
-0.011065734
-0.021695752
-0.010573477
-0.0072644516
-0.018476464
-0.021763547
-0.0077136125
-0.0038576151
-0.03029114
-0.018486295
-0.021695633
-0.024833858
-0.015181514
-0.02463717
-0.027673029
-0.0034238721
1.9687551e-05
-0.027244459
-0.0042835695
-0.030224966
-0.029285201
-0.030535566
-0.027412031
-0.035046823
-0.025298866
-0.024011639
-0.026001088
-0.022481046
-0.020457595
-0.01377882
-0.0099565849
-0.01309767
-0.024400046
-0.0080973005
-0.0046177318
-0.015085226
-0.027678575
-0.030477401
-0.0092268325
-0.012320815
-0.0060662861
-0.015976071
0.00020305336
-0.0083615093
-0.027645276
-0.024174864
-0.026026305
0.0035852676
0.0032329299
-0.014981113
-0.01145
-0.03299061
-0.032835562
-0.018726797
0.0074200071
-0.0055564143
-0.0054357183
-0.00076816141
-0.014862507
-0.035891732
-0.011019986
-0.014344444
-0.017908487
0.0062818206
-0.020793053
-0.037009976
-0.035318801
0.0044165694
-0.016634788
-0.020273924
-0.031739206
-0.021706232
-0.022894986
-0.00073428733
-0.026194708
-0.02678604
-0.029324661
-0.03197258
-0.032524411
-0.034854531
-0.033356957
0.010196679
-0.032699612
-0.026291324
-0.024687734
-0.029249672
-0.021920759
-0.017439259
-0.006765643
-0.01144807
-0.0085049855
-0.016759215
-0.00045899668
-0.015055337
-0.024839182
0.00079392103
-0.011715011
-0.0078298949
-0.03220146
-0.022941905
-0.0015491606
-0.030700321
-0.010791239
-0.027723466
0.0028769611
0.012689041
-0.027253129
-0.028472542
-0.019505162
-0.021336335
-0.011303141
-0.030317812
-0.0029453575
-0.028946234
-0.0023256547
-0.032750637
-0.01181812
-0.018445193
-0.033851133
0.0038420914
-0.035004465
0.0064471916
-0.024824024
-0.014347169
-0.018142578
-0.021169695
0.015496148
-0.0255868
-0.029985417
-0.017542645
-0.0087395599
0.0066044643
-0.024114145
-0.016886825
-0.034704227
-0.0036064874
0.0096667411
-0.027519622
-0.02652295
-0.034094904
-0.03991948
-0.036760753
-0.037512307
-0.03385348
-0.031886638
-0.039801264
-0.032257353
-0.036735455
-0.037925683
-0.032180615
-0.028973216
-0.036583647
-0.028220883
-0.032978066
-0.03429422
-0.029645391
-0.025217766
-0.035597539
-0.037860592
-0.038663193
-0.039730403
-0.040368801
-0.041244319
-0.041682659
-0.04235617
-0.042590904
-0.043060895
-0.043095935
-0.043351958
-0.0431729
-0.043224386
-0.042835682
-0.042577028
-0.042683533
-0.042032888
-0.041572773
-0.040828127
-0.04016659
-0.041093397
-0.041766258
-0.040711602
-0.039110285
-0.043112102
-0.042863567
-0.042115615
-0.039687838
-0.039769226
-0.038372439
-0.037130712
-0.039463394
-0.042106491
-0.041149766
-0.040969339
-0.039793025
-0.039414862
-0.040926749
-0.038048457
-0.04087218
-0.036278596
-0.034866017
-0.041713255
-0.038163648
-0.038038381
-0.035539845
-0.039405683
-0.037902493
-0.036095976
-0.037843212
-0.04267649
-0.037489593
-0.038139275
-0.036310786
-0.040562098
-0.032936719
-0.038667494
-0.040964851
-0.041861347
-0.034053648
-0.035866256
-0.038674228
-0.036138599
-0.037492468
-0.035884164
-0.036588107
-0.035307082
-0.0354754
-0.034024682
-0.033444165
-0.035301751
-0.038923395
-0.040059541
-0.038451526
-0.03945167
-0.03723215
-0.034216014
-0.033984579
-0.031156591
-0.035061411
-0.033398573
-0.04026622
-0.041339015
-0.041482197
-0.040872098
-0.042340051
-0.042456436
-0.027229903
-0.030159737
-0.030472341
-0.040210149
-0.039067318
-0.039789975
-0.038095295
-0.038849869
-0.030280683
-0.036465857
-0.039112126
-0.040469808
-0.039201681
-0.037734571
-0.03602381
-0.037690901
-0.042091175
-0.041918029
-0.036211245
-0.039230857
-0.03962298
-0.04321179
-0.042616822
-0.041782048
-0.040363506
-0.042710494
-0.03687292
-0.035909055
-0.041730138
-0.037328416
-0.028439881
-0.040394435
-0.042440819
-0.041265555
-0.033078074
-0.039704951
-0.030763535
-0.02553611
-0.030346364
-0.034644919
-0.041381384
-0.039414183
-0.032939655
-0.033787906
-0.040604997
-0.03760189
-0.04181739
-0.038371312
-0.032070752
-0.033361879
-0.035306726
-0.032614764
-0.031634052
-0.040703656
-0.028019096
-0.023143302
-0.032700302
-0.036645382
-0.040986981
-0.034395059
-0.037556196
-0.036365194
-0.042907346
-0.0339357
-0.031494506
-0.034285424
-0.031917759
-0.038968522
-0.030939708
-0.04196452
0.028302324
-0.0034789992
-0.0037631192
0.007385136
-0.013495731
0.026619677
0.028690796
-0.014645656
0.006909416
0.027284096
-0.019362608
0.02392022
0.015062376
0.013612184
-0.021056142
0.021411578
-0.024522918
0.02050011
4.2083684e-05
-0.00013635982
-0.0038837326
-0.00027414192
-0.004005621
-0.00037365121
0.0033593655
0.0032526378
0.0069696566
0.0068382885
0.00309687
0.0066654134
0.01036733
0.010157812
0.0029675404
-0.0040945427
0.01381029
0.013527239
0.0098283138
0.013142113
0.013968131
0.0093682621
0.012639125
0.01733927
0.017426234
0.016754053
0.0070358319
0.0088088829
0.0054947977
0.012027283
0.015791628
0.02061545
0.020559576
0.017329042
0.020458568
0.017049223
0.015119136
0.020092968
0.00490549
0.001566307
0.016607615
0.020230198
-0.007693495
-0.0077673284
0.0035911461
-0.0041262971
-0.0077702638
-0.011373975
-0.011331175
-0.0077221821
0.02051766
-0.015009833
0.0021588792
-0.0017925877
0.023531588
0.018810785
0.019400663
0.018003144
-0.014785793
0.013407481
-0.0011792952
0.010544552
0.014277552
0.023274426
0.023194781
-0.018214586
0.012874718
-0.0050895246
-0.0057617615
0.0099927659
-0.010994381
0.022486221
0.022990728
0.016661112
0.026101017
0.00096136679
0.0042272512
-0.0094467976
-0.0074876011
-0.0068896147
0.025254369
-0.0023729485
-0.010173626
0.028852779
0.028909561
0.026264811
-0.018012521
0.0281364
-0.016535772
-0.015274412
0.0037341943
0.01167445
-0.011141345
-0.0075922394
0.022412943
0.010262404
0.026171974
0.023893394
0.022674518
0.018909309
0.016042497
-0.022066714
-0.018546322
0.0034469783
-0.00044563076
0.010478313
-0.011342234
-0.0041755376
0.0064350376
0.006038948
0.01710236
0.011315529
0.016321898
0.021600082
0.0082092227
0.014002878
0.019797634
-7.6061373e-05
-0.011209307
-0.00052803455
0.020139721
-0.014666364
0.0026539356
0.013926736
0.0034797961
-0.023836375
0.016809636
0.024939038
0.023489336
0.010410276
-0.00070788228
0.022962856
0.0074892406
-0.017988719
0.0068393416
-0.0044395699
0.017622723
0.020424669
0.010557964
0.026080126
0.026492527
0.0070123204
-0.021383247
0.023588194
0.025901086
-0.026566462
0.018984698
0.024020031
-0.0078552233
0.013236528
0.025245581
-0.013423522
0.0098275036
0.025327046
0.019409983
-0.020547679
0.028587342
0.022474746
0.036564738
0.0079485915
0.007758311
0.017483312
-0.0013712898
0.03477932
0.036614473
-0.0026523983
0.016645485
0.034673706
-0.0073109701
0.031581278
0.02367245
0.021825632
-0.0092932167
0.028474184
-0.013020087
0.027397116
0.011187583
0.011543714
0.0081255465
0.011831487
0.0083725648
0.012043662
0.015444912
0.015590784
0.018917102
0.018979748
0.015569801
0.018881695
0.022193903
0.022000188
0.01545202
0.008535349
0.025206034
0.024885067
0.021574906
0.024348397
0.025291083
0.020911155
0.023585819
0.028177181
0.028137191
0.02752182
0.018678196
0.020037317
0.017265121
0.022605231
0.026037547
0.030809848
0.030587583
0.027812609
0.030188891
0.027207343
0.024944369
0.029470716
0.016305237
0.01345204
0.026348696
0.029030687
0.004838089
0.0049539845
0.014824873
0.0086332251
0.0050191027
0.0013158336
0.0013658943
0.0050133128
0.030770988
-0.0024821628
0.014353745
0.01046328
0.033133106
0.028254409
0.029215766
0.027010907
-0.0023110259
0.023908519
0.011323755
0.021997159
0.023642019
0.032898093
0.032154571
-0.0059565426
0.022882703
0.0074086704
0.0064351218
0.020698827
0.0015932342
0.031426457
0.032246745
0.025101444
0.034777564
0.012420433
0.015163003
0.0029638826
0.0043075558
0.0048868152
0.033201552
0.0095153815
0.0018427684
0.037045439
0.03700772
0.035003127
-0.0060866906
0.035801994
-0.0043902438
-0.0028358555
0.014388928
0.021195199
0.00080652101
0.0046315036
0.029688912
0.01929666
0.0332132
0.031935476
0.03031006
0.027183075
0.025250731
-0.010237461
-0.006306921
0.015165566
0.012163341
0.022175146
0.001218539
0.0085931364
0.018608108
0.018063036
0.027960199
0.021457983
0.026885433
0.030177429
0.019027442
0.025143376
0.029883866
0.01088926
0.0011053753
0.012150244
0.030375308
-0.0023696408
0.015047021
0.024776866
0.013871006
-0.012304209
0.024201906
0.031542202
0.0327608
0.021533904
0.011928589
0.03250103
0.017816167
-0.0058270946
0.018112188
0.0082354203
0.025419688
0.028575674
0.020190681
0.035042043
0.035333693
0.017727099
-0.0094473156
0.033082599
0.034401321
-0.015450529
0.025433649
0.030098017
0.0047515498
0.022158178
0.033441893
-0.0010551752
0.020046946
0.034380938
0.027068462
-0.0085876047
0.036519257
0.031183536
-0.0029806658
0.0032367917
-0.032867611
-0.029853353
-0.01426683
0.0044028234
-0.0062760985
0.011693597
-0.033055221
-0.012368757
0.011651301
-0.021290086
-0.026021354
-0.031587563
0.016759457
-0.021568934
0.017939536
-0.027296969
-0.032126165
-0.030065754
-0.030596035
-0.027691605
-0.028068676
-0.025012977
-0.024508697
-0.021710585
-0.021094837
-0.018193419
-0.018712646
-0.015106462
-0.014506763
-0.01134834
-0.015554718
-0.02526173
-0.010667994
-0.007457616
-0.0080913174
-0.004173476
-0.013783697
-0.0047670703
-0.0008428416
-0.0098898595
-0.012944273
-0.00023907014
0.0031135729
-0.023760316
-0.0090569026
-0.012088899
-0.015871349
-0.0060250319
-0.014911382
-0.01865712
0.0024755677
0.0064260162
-0.017512469
0.0037059025
-0.021241997
-0.019482776
-0.028171332
-0.025252671
-0.029280676
-0.02220359
-0.022079977
-0.025015082
-0.021729807
-0.018773204
-0.0086473667
-0.0052908174
-0.0091281617
-0.024637311
0.00035572847
0.0043578859
-0.0051705962
-0.027626628
-0.022273315
-0.0057461834
-0.0095567246
-0.0019101826
-0.012722388
0.0055219748
0.00095564861
-0.020300399
-0.013824437
-0.027139369
0.0093983572
0.010098877
-0.012926454
-0.0099325405
-0.024864152
-0.025434969
-0.018163291
0.013515464
0.0042486749
-0.0025310163
0.007719119
-0.014155475
-0.033234534
-8.0484687e-05
-0.0031678764
-0.0071349926
0.014415872
-0.0094751371
-0.031177602
-0.027479285
0.0080516067
-0.017954095
-0.020855103
-0.032460836
-0.024359586
-0.024335352
0.0088449255
-0.015200645
-0.016226211
-0.019026906
-0.02247571
-0.023651738
-0.033321974
-0.030824632
0.015132288
-0.027045892
-0.022066282
-0.017523145
-0.028050322
-0.019076767
-0.011898952
-0.0014410601
-0.0035387601
-0.0062777043
-0.012343168
0.0069992547
-0.006782177
-0.016730765
0.0049711946
-0.0028935077
-0.0070150946
-0.030803226
-0.01897006
0.00075930925
-0.030433557
-0.010688384
-0.019491214
0.010729646
0.019268494
-0.030094238
-0.017769312
-0.015839449
-0.011037005
-0.0010230824
-0.022888932
0.0018180247
-0.029813652
0.0012381657
-0.026177348
-0.0022153684
-0.015936376
-0.024697126
0.0085797662
-0.028331152
0.013632417
-0.027032216
-0.0037179139
-0.0079918669
-0.0103211
0.021329981
-0.029435522
-0.019551287
-0.016091733
0.0012240872
0.011813411
-0.013312164
-0.0172225
-0.027316691
0.0066842121
0.016261926
-0.029283996
-0.016269447
