eigs

      1
3.00465
3.00465
3.00467
 7.0277
7.02788
7.02823
7.02827
7.02836
13.0977
13.0983
13.0984
13.0986
13.0989
13.0991
13.0995
21.2555
21.2568
21.2571
21.2579
21.2591
21.2594
21.2607
21.2621
21.2628
 31.558
31.5604
31.5613
31.5627
31.5646
31.5667
31.5682
31.5701
31.5714
31.5743
31.5774
44.0761
44.0785
44.0841
44.0865
44.0904
44.0922
44.0946
 44.097
44.0987
44.1007
44.1048
44.1126
44.1133
58.8848
58.8996
58.9076
 58.916
58.9211
58.9251
 58.928
 58.931
58.9339
58.9404
58.9441
58.9508
58.9526
58.9561
 58.966
76.1104
76.1265
76.1348
76.1458
76.1483
76.1633
76.1671
76.1693
76.1759
76.1791
76.1984
76.2049
76.2054
76.2149
76.2175
76.2254
76.2511
95.8428
 95.857
95.8847
95.8873
 95.895
 95.905
95.9143
95.9264
 95.952
95.9628
95.9776
95.9887
95.9997
96.0109
96.0232
 96.028
96.0395
96.0548
 96.092
