FiniteElementSpace
FiniteElementCollection: H1_2D_P1
VDim: 1
Ordering: 0

-0.020856309
-0.021464592
0.020856492
0.021463664
0.031413865
-0.03141315
-0.022848288
-0.024631282
-0.026175641
-0.027469123
-0.028498736
-0.029251688
-0.029725584
-0.029915611
-0.029808384
-0.029419813
-0.028750827
-0.027799514
-0.026577632
-0.025104488
-0.023392905
-0.01931286
-0.016974091
-0.014478504
-0.01184308
-0.0090932892
-0.0062564053
-0.0033591747
-0.00042940742
0.0025045385
0.0054141201
0.0082721188
0.011049364
0.01372052
0.016260523
0.01864345
0.022848882
0.024631958
0.026176851
0.027470987
0.028501478
0.029252469
0.029724219
0.029912463
0.02980977
0.029419829
0.028746614
0.027797796
0.026581613
0.025108535
0.023392272
0.019306042
0.016974168
0.014478106
0.011843634
0.0090954725
0.0062574989
0.0033599751
0.00043014236
-0.0025040522
-0.0054139318
-0.0082714581
-0.011049543
-0.01372104
-0.016259715
-0.018641403
-0.018275689
-0.01491885
-0.011416325
-0.0078052214
-0.0041194604
-0.00039400249
0.0033352193
0.0070322769
0.010661663
0.014188372
0.017579626
0.020800592
0.023817831
0.026608132
0.029144326
0.033349518
0.034980791
0.036273909
0.037218525
0.03780439
0.038027025
0.037883024
0.037373069
0.036503207
0.035282177
0.033723627
0.03183733
0.029641292
0.027166072
0.024429701
0.018270742
0.014915173
0.011415634
0.0078055827
0.0041202635
0.00039430133
-0.0033345008
-0.0070317623
-0.010661843
-0.014187205
-0.017576358
-0.020797691
-0.023819812
-0.02661101
-0.029142736
-0.033347689
-0.03497856
-0.03627206
-0.037219269
-0.037809698
-0.038027328
-0.03788158
-0.037374329
-0.03650378
-0.035282248
-0.033723579
-0.031838579
-0.029643133
-0.027163969
-0.024424859
-0.023822482
-0.026571016
-0.029062879
-0.031275273
-0.033186054
-0.03477815
-0.036034962
-0.036943503
-0.037496383
-0.037688307
-0.037519635
-0.036986664
-0.03609399
-0.034861057
-0.033292866
-0.029200227
-0.026726705
-0.023995228
-0.021031372
-0.017864606
-0.014525132
-0.011046953
-0.0074625585
-0.003804072
-0.00011059191
0.0035839686
0.007243365
0.010833258
0.0143196
0.017667942
0.023823551
0.026571626
0.02906204
0.031275343
0.033189814
0.034777831
0.036033547
0.036945617
0.037498542
0.037689603
0.037517775
0.036986451
0.036098419
0.034861393
0.033288154
0.029204085
0.026729427
0.023995482
0.021031006
0.017864286
0.014525966
0.011046505
0.0074615232
0.0038047338
0.00011095499
-0.0035838192
-0.0072445329
-0.010834562
-0.014320308
-0.017668081
-0.0013817002
-0.0073896873
-0.035766164
-0.03277056
-0.017872274
0.0039189215
-0.010232136
0.0037950061
-0.035699825
-0.0157848
0.0097846975
-0.0242829
-0.028831738
0.010723337
-0.03395034
-0.022294776
0.014998674
-0.029608446
-0.035060846
-0.033291587
-0.033778718
-0.031181296
-0.031500417
-0.028736984
-0.028273275
-0.025691451
-0.0250976
-0.022393232
-0.022870746
-0.019452251
-0.018884714
-0.015839589
-0.019833857
-0.028910396
-0.015176955
-0.012080393
-0.012670317
-0.0088577224
-0.018139726
-0.009417167
-0.0055537381
-0.014360638
-0.017235645
-0.0082164141
-0.027530532
-0.0060636369
-0.0098902419
-0.0021716468
-0.001646053
-0.013443303
-0.016275835
-0.019942469
-0.018855159
-0.022468734
0.0017482281
-0.021190874
-0.0064946719
-0.010281704
-0.024760627
-0.022855952
-0.031512402
-0.028791937
-0.032514401
-0.026034939
-0.025784092
-0.028409616
-0.025272314
-0.02260588
-0.010465116
-0.027840796
-0.013583285
-0.013958151
-0.0096251471
0.0022737862
-0.0011086113
0.0055079238
-0.030688161
-0.025916338
-0.017137559
-0.024286713
0.004840993
-0.0066872836
-0.017632101
-0.030003947
-0.028181237
-0.017363579
-0.014184089
-0.028884665
-0.021864129
0.0028528093
-0.00046171237
0.0090687979
-0.00024009949
-0.0068457432
-0.0031465688
-0.018094434
-0.036076143
-0.011013714
0.0070438623
-0.010585618
-0.014538223
-0.0044873103
-0.0073557131
-0.01129751
-0.013152249
-0.018081494
-0.019591686
-0.021851902
-0.02541185
-0.027031577
-0.034108507
-0.030481115
-0.021240575
-0.02419239
-0.034971228
-0.027024126
-0.027302324
0.0072027691
0.01257142
-0.036075476
-0.033934246
-0.030560299
-0.025990683
-0.021723218
-0.031263524
-0.023049981
-0.016342676
-0.013147707
-0.0049778431
0.0010194864
-0.011330628
-0.0027503901
0.0060442229
-0.020888395
-0.007498245
-0.003678595
-0.033806144
-0.023060382
-0.03330868
-0.016782738
-0.023412205
-0.0043845132
9.3823669e-05
0.013830388
-0.03232186
-0.015106279
-0.026628821
-0.020061394
-0.0037908071
0.00050816276
-0.032530901
-0.029690402
0.0040970608
-0.020121325
-0.02688911
0.0091285264
-0.0055893976
-0.0082877611
-0.031539794
-0.029648423
-0.012334664
-0.014208599
0.017199536
-0.031421977
-0.020053749
0.0073948363
-0.016919353
-0.020752609
-0.024253983
-0.030501416
-0.0035060802
0.011946354
-0.031844368
-0.019693407
0.0021785918
-0.019838496
-0.02216047
-0.02460933
-0.0029093674
0.027079342
-0.0064731998
0.0044515609
0.0037445963
-0.013965913
0.02640065
-0.017368979
0.02532351
0.024546107
0.011065345
-0.020673421
0.011358224
-0.02322247
0.022686721
0.018182964
0.017612703
-0.026106995
0.014932422
0.014833108
0.011301368
0.014640996
0.010360029
0.014277636
0.010403876
0.013856365
0.010111076
0.013328004
0.009532069
0.012671691
0.0087968169
0.011902983
0.0079682585
0.0048259052
0.01103685
0.0039657
0.00079477949
-7.4443636e-05
-0.0032518406
0.0030918476
0.0067870484
-0.0023835093
-0.0064097438
0.016440261
0.014909752
0.013983971
-0.00095356608
0.0021895498
-0.0072505487
-0.010379669
-0.0055201855
0.017682123
0.016728212
0.012909443
0.015586888
0.011679709
0.020518728
0.014332533
-0.001472045
-0.011071452
-0.014146003
0.017459709
-0.0018287094
0.0013190214
-0.013393929
-0.0045811339
-0.0049783674
-0.0059688574
-0.0085916224
0.018625429
0.010328273
0.018298689
0.016844358
-0.00060764606
-0.01736027
0.017567263
0.0061892433
0.0025090014
-0.014480794
-0.0087668325
0.0076904433
0.020675984
-0.007692026
-0.011531677
0.0061446648
0.0087481675
0.0018026742
-0.0099122328
-0.016459534
-0.010640941
-0.0034646673
0.00078455958
-0.0015918176
0.0028740964
0.0077014604
0.019194218
0.014835011
0.014391704
0.02414708
0.027120823
0.024236523
0.02413043
0.023880186
0.021220066
0.020350821
0.026723306
-0.0073998206
-0.023499957
-0.020260024
-0.017614351
0.026911371
0.025587993
0.022118922
0.026109225
0.022864853
0.024096628
-0.020513818
0.023157141
0.019469334
6.2555035e-05
0.0065814014
0.012785903
-0.0094812884
0.007095583
0.00165556
-0.0027721543
-0.0040861609
0.015523097
0.017051826
0.020503525
0.018329851
0.0056204445
0.019001593
-0.012465171
0.010093828
-0.007951662
-0.022873213
0.009049923
0.006378559
-0.014390597
0.023683754
0.020988217
-0.026070431
0.021565784
-0.020722491
0.003250538
0.0051293425
0.0074390943
0.023233007
-0.014256558
0.0037600454
0.020718508
0.021172743
0.006763764
0.017470366
-0.00053725495
-0.011390409
-0.017287349
-0.017566125
0.020059153
-0.028272134
0.020610734
-0.0037899055
0.020477606
0.022159
-0.014427951
0.00010287686
0.018374596
-0.011845149
-0.019310667
0.011283072
-0.011583387
0.021772862
0.0040276027
-0.019802457
0.008318344
-0.038991161
-0.039373168
-0.032414755
-0.031623308
-0.035665247
-0.039304428
-0.036146812
-0.039210192
-0.030542898
-0.032383788
-0.038243516
-0.031920971
-0.029665193
-0.027985309
-0.037307752
-0.02720655
-0.036219381
-0.0269155
-0.032471605
-0.034795737
-0.034638984
-0.036815673
-0.036496917
-0.038511093
-0.038647853
-0.040157282
-0.040103809
-0.04141968
-0.041275776
-0.042338831
-0.042280318
-0.042995404
-0.041994594
-0.038010955
-0.042733727
-0.043240088
-0.043295544
-0.043330221
-0.041810384
-0.043177798
-0.043005149
-0.042059852
-0.040933834
-0.042948923
-0.042414678
-0.038424156
-0.041010189
-0.039702626
-0.039418941
-0.041917858
-0.037959209
-0.037526934
-0.042276102
-0.041474593
-0.035984624
-0.042153859
-0.035301352
-0.033514093
-0.035829448
-0.037152601
-0.034585613
-0.039164931
-0.038122173
-0.035928851
-0.036721753
-0.038703581
-0.042933789
-0.042608272
-0.042159505
-0.034257687
-0.042480658
-0.041428208
-0.040768444
-0.033458062
-0.036746234
-0.041627836
-0.040974582
-0.041876788
-0.0413369
-0.041217138
-0.041638248
-0.039673257
-0.03633976
-0.03170572
-0.040255375
-0.040359861
-0.039992895
-0.039375187
-0.034218448
-0.035650535
-0.03725216
-0.038715013
-0.04049365
-0.04066334
-0.040889736
-0.038005637
-0.032103878
-0.038590079
-0.037556245
-0.038081668
-0.038364648
-0.034312444
-0.032128215
-0.031490451
-0.038939795
-0.033931049
-0.034799836
-0.029358284
-0.029547304
-0.032168281
-0.039586592
-0.030126861
-0.032734177
-0.030244602
-0.030518671
-0.032662253
-0.031448642
-0.034153983
-0.037206713
-0.036783531
-0.039848103
-0.041161123
-0.034782175
-0.039898634
-0.042846635
-0.042657224
-0.04306507
-0.040211546
-0.04229184
-0.041426689
-0.04277226
-0.040494111
-0.040463217
-0.042412969
-0.038185898
-0.033314704
-0.04077538
-0.039320538
-0.032220396
-0.03712385
-0.03879918
-0.040081863
-0.035765727
-0.026600723
-0.027574216
-0.041280106
-0.038189808
-0.040241097
-0.037861039
-0.041733006
-0.030804443
-0.040753209
-0.036486376
-0.041454526
-0.040186707
-0.027890079
-0.03982164
-0.034054672
-0.038904266
-0.029538038
-0.039264072
-0.039717864
-0.036378651
-0.034152186
-0.02438217
-0.024993865
-0.038856172
-0.040683596
-0.038924055
-0.034392207
-0.035893116
-0.033427179
-0.039106675
-0.0374925
-0.02937973
-0.034648955
0.0039224093
0.034476061
0.0069421827
0.017433019
-0.0050835557
0.0095140043
0.03576089
0.030062627
-0.004175228
0.034656231
0.014968778
-0.010462651
0.024141637
-0.011225294
0.025925092
0.029345076
0.020502804
-0.015532151
0.010623739
0.010527714
0.0068536239
0.010370921
0.0066608763
0.010148994
0.013809468
0.013529759
0.01712422
0.016770588
0.013102839
0.016271613
0.019859501
0.019273415
0.012563939
0.0063982701
0.022768853
0.022079715
0.018486136
0.021197556
0.023249839
0.017505217
0.020118658
0.026045151
0.026409993
0.023708375
0.022529335
0.017313642
0.028994583
0.029183344
0.026505795
0.028498391
0.029219661
0.026332896
0.018877162
0.02115052
0.028918474
0.026007483
0.025910315
0.028934353
0.0028914788
0.0025936215
0.014079308
0.0060915304
0.0022660005
-0.0012437086
-0.0015736937
0.001902971
0.014710187
0.0136515
0.010797049
-0.0052154552
0.027059877
0.029399308
0.031171992
-0.0046617404
0.023134703
0.0096703303
0.006757478
0.012460588
0.0079220705
0.017411145
0.030041466
0.020484495
0.03149483
-0.0084227775
0.019635743
0.023235028
0.0039400495
0.002599196
0.022570245
0.020037631
-0.0016997161
0.021205545
0.032166233
0.0082413338
0.028271664
-0.00066652184
0.0032391064
0.035366812
0.035739054
0.033816002
0.028123755
0.035388552
0.014091897
0.021310813
0.012232983
-0.0078449907
-0.005829816
-0.0078220104
-0.013089335
-0.0091198646
0.032098191
0.033599076
0.031940376
0.030732075
0.027567196
0.025266383
-0.00049631525
0.0031147608
0.01761949
0.013968474
0.009851076
0.020244598
-0.00093924053
0.0056851606
0.015605695
0.016393561
0.024677794
0.0054625748
0.011817406
0.024732324
0.025430089
0.023514321
0.013554968
0.027820821
0.00071192484
-0.00063307982
0.009428853
0.0067655379
-0.0043168525
-0.0021552034
0.023574196
0.026614317
0.02371759
-0.014469131
0.032329907
0.0088466527
0.031676696
0.03299588
0.020439636
0.015018811
-0.0079661288
0.010971793
0.017158614
0.030541011
0.0050135039
0.026177892
0.015953034
0.017245287
0.024841767
-0.011995286
0.033795842
0.031579616
0.033652924
0.021574241
-0.01767237
0.031246341
0.0015073682
0.032254605
0.018007643
0.033120476
-0.0045197287
0.019781473
0.034166502
0.023293391
-0.010838842
0.03086575
-0.026816217
0.0033815577
0.0037417776
0.014332544
-0.02612167
-0.026310302
0.014103664
-0.0072230134
-0.007588295
0.020507076
-0.02443412
-0.024198071
0.020636704
-0.014475095
-0.014788615
0.026106227
-0.02176361
-0.021084377
0.023519799
0.0200416
0.017092972
0.016444918
0.013378884
0.012659302
0.0095293858
0.0087556055
0.0055816296
0.0047734691
0.0015422947
0.00071242484
-0.0024960654
-0.0032822604
-0.006481983
-0.0056737824
-0.0072592408
-0.0096289342
-0.0087378921
-0.012673395
-0.011737253
-0.013485399
0.0063112775
-0.0077465974
-0.010706739
0.0039362317
-0.0040487794
-0.0080027055
-0.016480764
-0.017198801
-0.014637958
-0.013551605
-0.0066765634
-0.004811412
-0.0086930945
-0.011867763
-0.012520767
-0.015669981
-0.0054102768
-0.016236012
-0.0036876686
-0.017320593
-0.016156157
0.011832972
-0.02014087
-0.020806162
-0.012319118
-0.0024066606
-0.019313383
-0.023024475
-0.0055573533
-0.00049784494
-0.01930407
-0.013066714
-0.016668102
0.00067605409
-0.014791242
0.01930673
-0.01417468
-0.00065291412
-0.019717136
-0.02182603
-0.018619429
-0.013568979
-0.0010330263
-0.004348423
-0.02218673
-0.022698429
-0.024671482
-0.025049291
-0.010381299
0.00012129569
0.0021601951
0.0048410131
0.0064204809
0.0088621757
0.017555114
-0.016943502
-0.020548489
-0.023123314
-0.011162106
-0.02716237
0.0070425979
0.0035765509
0.0070919013
-0.00032013343
0.0034574434
0.0067655485
-0.02273387
-0.020861082
-0.02539272
0.010646836
0.01737623
0.016954104
-0.0040468515
-0.007199723
-0.010831715
0.023397108
0.01402937
0.010279859
-0.00035852968
0.010686065
-0.019732937
-0.0095825926
-0.010409796
-0.004721874
-0.023700769
-0.015611295
-0.0094610665
-9.5435428e-05
0.0079381277
0.010920287
0.01584741
-0.0016219975
0.022674859
-0.0083696921
-0.011163533
-0.01828959
-0.01871141
-0.01491742
0.0023874264
0.010620328
-0.023118377
-0.0035718216
-0.018170363
-0.017643453
-0.015756213
0.026060174
0.003450003
-0.017906866
-0.025618608
-0.0035270777
0.014064436
-0.02132725
-0.0017469218
0.020191141
-0.020168155
-0.027500464
-0.020596652
-0.018562241
-0.022191776
0.0069599953
-0.020650793
-0.019844626
0.028335559
0.0078779207
0.013887131
-0.006917168
-0.010295997
-0.023577072
0.002701326
-0.023747899
-0.012824854
-0.022441766
-0.027763343
0.01189529
-0.017797016
0.0010957559
0.03242558
0.038214902
0.0393079
0.03619537
0.039273289
0.031651129
0.031601003
0.03916399
0.033840022
0.029733781
0.038279102
0.029376607
0.03228346
0.029571727
0.037314921
0.027939762
0.035759698
0.026109774
0.038625371
0.04034916
0.040876949
0.041701773
0.042036124
0.042666661
0.042128573
0.042889004
0.042145741
0.042701054
0.04323725
0.042840803
0.042099195
0.042030982
0.043167696
0.042796143
0.04108684
0.040824641
0.04156373
0.040158539
0.040952026
0.040709058
0.03910702
0.039743443
0.039411907
0.039236697
0.041197488
0.039462187
0.040873154
0.037667787
0.037131964
0.03806728
0.037579125
0.038707695
0.036633432
0.037638281
0.03550771
0.035453189
0.039430882
0.040648077
0.036227278
0.033575461
0.041966499
0.042516069
0.039414575
0.04314517
0.04265812
0.041824165
0.041764666
0.04239202
0.038164797
0.040681221
0.041880926
0.04146813
0.03642084
0.034792433
0.036237144
0.033101076
0.040621026
0.038315034
0.042491778
0.041022206
0.03373067
0.036369975
0.034434074
0.039323706
0.036632355
0.041859048
0.040643352
0.038548865
0.041350261
0.033661294
0.034903658
0.030871419
0.033436438
0.039012827
0.03766053
0.040890753
0.039646991
0.038953346
0.030629432
0.040038075
0.039341764
0.032365495
0.03213861
0.033992545
0.038379469
0.030726984
0.038956681
0.040234016
0.037530236
0.034863066
0.039580021
0.04101419
0.027761064
0.031908197
0.028452593
0.031505197
0.030010764
0.0316635
0.034399654
0.037177499
0.039129964
0.040970762
0.043222275
0.041761363
0.041476498
0.043081787
0.042568272
0.041910169
0.039685952
0.035993479
0.038384989
0.032205302
0.037886962
0.040421627
0.037310877
0.037090087
0.04074103
0.043358136
0.037959374
0.040115368
0.042721093
0.039502968
0.035609871
0.036046375
0.027222624
0.02684346
0.035459468
0.03995877
0.043101626
0.035948145
0.036021043
0.039107717
0.039982114
0.042638881
0.029905052
0.030493089
0.034063764
0.034552007
0.034288093
0.038180507
0.037722131
0.036147005
0.03321636
0.034181221
0.024291508
0.024969085
0.041862641
0.031997136
0.03216437
0.040191257
0.036927314
0.034682113
0.028590326
0.038000109
0.031249254
0.033536244
-0.0066114132
-0.00073919725
-0.0345782
-0.035762207
-0.0093450231
0.0002668449
-0.017540172
-0.030392862
0.0079867216
-0.024033249
-0.015023758
0.0079430089
-0.034634771
0.01302041
-0.026186664
-0.032277607
-0.019923653
0.014929706
-0.035295736
-0.032791328
-0.031860475
-0.029958189
-0.028865715
-0.026807013
-0.027762482
-0.024479673
-0.02530916
-0.02190621
-0.020964507
-0.018277092
-0.019132211
-0.015401043
-0.017273943
-0.025579912
-0.016166789
-0.012399249
-0.011549819
-0.0084833562
-0.019807943
-0.0076095899
-0.004497715
-0.016773107
-0.020308341
-0.0092940985
-0.028431002
-0.0035858484
-0.006679577
-0.00044566031
-0.0013511218
-0.017198752
-0.020671097
-0.023654133
-0.023904886
-0.026778675
0.0027107328
-0.026787351
-0.0026281431
-0.0056993828
-0.029621084
-0.029178372
-0.027492459
-0.024093176
-0.033438322
-0.022045864
-0.02044781
-0.022387801
-0.018640087
-0.016689674
-0.013587287
-0.020516639
-0.0096763948
-0.0087010844
-0.014008582
0.001813701
-0.0022380745
0.0057091976
-0.024046351
-0.029423111
-0.012576348
-0.025891549
0.0064212448
-0.010408059
-0.023855685
-0.02214844
-0.032246403
-0.011476942
-0.007613528
-0.03165619
-0.014736711
0.00090756601
-0.0030918356
0.010102435
-0.0042310032
-0.0016279174
0.0013452591
-0.010872562
-0.033476587
-0.0036728046
0.0043613592
-0.004678571
-0.0065957207
-0.010567689
-0.014078673
-0.017480774
-0.028399205
-0.021019562
-0.012257798
-0.016156327
-0.035747418
-0.034830671
-0.032099312
-0.030614893
0.011578993
0.010474153
-0.026882585
-0.027011685
-0.029790237
-0.032152624
-0.032229346
-0.017494325
-0.018813263
-0.030754363
-0.023376126
-0.02264995
-0.025895533
-0.018447107
-0.014494962
-0.010620127
-0.013081278
0.0033538565
-0.005376981
0.0048277982
0.0003496074
-0.023223088
-0.0061839798
0.0022329969
-0.029136199
-0.019794922
-0.0099382453
-0.027341301
-0.013563432
-0.026394993
0.005188956
-0.023398083
0.015124312
-0.029394042
-0.020746249
-0.028848603
-0.016164165
-0.0068989191
0.0041937541
-0.025322771
-0.031172302
-0.01490235
-0.034249426
0.0086793903
0.0070228659
-0.010455481
-0.013900465
-0.033785062
-0.020812535
-0.017333374
-0.020990291
-0.021612273
0.017827647
-0.031141286
-0.013662223
0.0095895796
-0.02419139
-0.012680636
-0.033812732
-0.0076474691
0.012114466
-0.023719617
-0.0026468578
-0.026404501
0.035014944
0.0049279712
0.011054378
0.0001686
0.036165891
0.032646929
-0.0042343264
0.013481337
0.021153845
-0.0097669336
0.028932553
0.03488904
-0.0074273827
0.026860033
0.018354244
-0.013616564
0.02368341
0.032426551
0.0074373506
0.010918313
0.014521188
0.014293246
0.017837119
0.017541268
0.013920494
0.017092696
0.013397047
0.016495721
0.020110079
0.019424918
0.01572376
0.018568184
0.02290667
0.020999558
0.014793271
0.017556456
0.021244941
0.020130245
0.011866082
0.023728231
0.022507181
0.010872784
0.0078892754
0.018808272
0.021086507
0.010207138
0.0069424586
0.0039721324
0.0048526661
0.0098311975
0.00081038988
0.0017813419
0.024634589
0.023140958
-0.0021216562
0.017290669
-0.0012725034
-0.0056257512
0.021208769
0.024262098
0.0071845455
0.023950555
0.027096423
0.027284655
0.029989283
0.029626429
0.02473318
0.027099555
0.027975623
0.030051943
0.014935472
0.013131725
0.0061079112
0.027232748
0.0027885762
0.030212963
0.030951869
0.029197918
0.028596407
0.026537355
0.011078627
0.0096462663
-0.0028609805
0.029735743
0.024895618
0.02139859
0.031447567
0.033649737
-0.00042842914
0.0035666686
0.03232733
0.023476415
0.0090856333
0.03225176
0.015353356
0.033836258
0.014604641
0.0016069321
-0.0013038985
-0.00048880404
0.01597358
-0.0072192428
0.0037318331
-0.0031068725
0.030983149
0.035668775
0.033035061
0.024173959
0.033862899
0.032274418
0.010336077
-0.012273743
-0.0082172699
-0.010788006
-0.0086395457
-0.0044350589
0.017959253
0.017991906
0.026564835
0.010630347
0.020622117
0.012742819
0.024354379
0.026603628
0.022162946
0.025934857
0.016347224
0.033083919
0.025514936
0.019445231
0.013722606
0.0088432647
0.029706495
0.012533583
0.035816872
0.021218081
0.023480295
0.033981709
0.024268953
0.036142892
0.00573504
0.017710448
0.020314645
0.029645829
-0.014736903
0.026088215
0.00015758723
0.0054820636
0.0066094219
0.027976746
0.027062055
0.031105198
0.0072387761
0.0088772343
0.029087734
-0.010890147
0.028085689
0.0036129524
0.019757981
0.031423974
0.0023450074
0.003263982
-0.0035589631
0.021923011
0.031131674
-0.017068976
0.031455895
0.0077906231
0.026399691
-0.0064308948
0.034422947
0.00065804638
0.0065797093
0.021190253
0.028956404
-0.00506684
