eigs

      1
1.67993
1.96589
2.15004
3.14416
3.34775
3.74495
4.36107
4.37948
5.31056
5.42859
6.12325
6.69258
6.74534
7.92953
7.94527
8.14336
8.20253
9.27828
 9.7306
9.94872
11.0963
11.1255
11.6358
11.6623
12.7886
12.7944
13.1853
13.4995
13.9893
15.0169
15.0969
15.7954
15.8079
16.8045
16.8073
17.8091
18.0006
18.8588
18.9528
18.9549
19.7133
19.9096
20.6363
20.6415
21.5885
21.5965
23.1284
23.2278
23.8252
 23.829
24.5379
25.1877
25.6114
26.1681
 26.175
26.4474
26.4565
27.1634
 27.208
29.1355
29.1869
29.4798
29.4828
30.9985
31.4506
32.1991
32.2007
32.2081
32.4109
32.4136
33.5637
33.6918
35.3162
35.3228
 35.852
35.8736
35.9366
35.9534
38.2181
38.4872
38.7512
38.7563
39.3715
39.3788
39.6811
40.7848
41.1028
41.9704
 41.977
43.2476
 43.277
43.2927
43.3033
45.5875
 45.605
46.1137
46.1311
46.1653
46.3155
