FiniteElementSpace
FiniteElementCollection: H1_2D_P1
VDim: 1
Ordering: 0

0.011264798
-0.016474185
-0.011312346
0.0164345
0.0037664049
-0.0038047148
0.0041081575
-0.003692892
-0.01091401
-0.019517496
-0.019593662
-0.016715468
-0.0041724524
0.0036127197
0.010853071
0.019501882
0.019596628
0.016701625
-0.013774163
-0.0089758235
-0.0028187264
0.0097690256
0.014280432
0.016635344
0.01372705
0.0089310359
0.0027630078
-0.0097890449
-0.014300873
-0.016650225
0.0089637123
0.0052910898
0.00080152728
-0.0078327114
-0.010655948
-0.011896783
-0.0089877738
-0.0053009552
-0.00082333176
0.0077831613
0.010623999
0.011844883
-0.019573961
-0.015817709
-0.017556352
-0.014789681
-0.019799003
-0.018383594
-0.011087118
-0.019065775
-0.015291686
-0.00095952079
0.0064419884
-0.0039040452
0.0049955826
-0.005338225
0.00026363514
0.011034877
-0.0022990669
-0.0078323183
-0.0052101506
-0.001933755
-0.009922854
3.1200688e-05
-0.0081589372
0.0044928772
-0.013196294
-0.0047664438
-0.014385993
-0.014101309
-0.0096788106
-0.017249108
-0.0087110972
-0.01702419
-0.0037500809
-0.013560109
0.0038236977
0.0036127486
-0.0052340555
-0.0028063136
-0.0077831548
-0.011178858
-0.00084240951
0.0020657993
0.0075033597
-0.00070937449
0.010165717
0.0052033774
0.0017903119
0.01036244
0.0054267167
-0.0047370312
0.013674729
0.0047286474
0.014419702
0.01215447
0.0090913429
0.0083628985
0.017956809
0.016738142
0.013900329
0.0137059
0.017243627
0.0036786319
0.014085915
0.020106814
0.016222275
0.018880117
0.014977681
0.018297292
0.019163018
0.018271778
0.010511085
0.015700932
-0.017515594
-0.018122826
-0.015346987
-0.015766254
-0.01853353
-0.014591306
-0.015068049
-0.011495981
-0.012963916
-0.016555712
-0.020276346
-0.019945127
-0.020010813
-0.019928607
-0.019922204
-0.018787996
-0.017549966
-0.018888111
-0.011559661
-0.009563667
-0.013112951
-0.0094246142
-0.018501643
-0.019214198
-0.017315746
-0.01309606
-0.012275865
-0.018030929
-0.019511368
-0.016162088
-0.016609317
-0.013724879
-0.019487379
-0.013633376
-0.015453339
-0.0075895219
-0.005931998
-0.0069297635
-0.010550847
-0.018337034
-0.018034169
-0.011826916
-0.013479229
-0.014282774
-0.016878989
-0.016792917
-0.018185631
-0.019290499
0.0041240979
0.0028171247
0.0078288424
-0.0001460213
-0.00411122
-0.00027937219
0.0059580411
0.00094499631
0.0043791172
0.00055735263
-0.0067928833
-0.0031915751
-0.0045068808
-0.0080952306
-0.0088696706
-0.0080873723
-0.0046769472
0.0080907834
0.011064692
0.008121415
0.0073644306
-0.00034635483
0.0033977488
0.010308262
0.011539702
0.00023825081
-0.0016417631
-0.0099618254
-0.0059288599
-0.0051209395
-0.0060554814
0.008856628
0.0057738646
0.014008942
0.013905622
0.015370143
0.012513584
-0.0030986849
-0.0078887273
-0.0097020019
-0.00053135367
0.0026612072
-0.001839901
-0.0025666973
-0.0051168577
-0.00096965389
-0.0060886714
-0.010092701
-0.0077365417
-0.012381905
-0.0076909231
3.5711078e-05
-0.0022475171
0.0031016988
-0.0026371222
0.0027020048
-0.0051169035
-0.0091566305
-0.013635699
0.0046147037
0.0068109975
0.0023068133
0.0072581149
-0.011754386
-0.015095639
0.0011007262
0.00020934536
-0.0028570999
-0.0073529768
-0.0050457493
-0.0019985072
0.0012930799
-0.0059992278
0.0080476815
0.01030631
0.0078337901
0.0043434604
-0.015100906
-0.013958308
-0.012169514
-0.0074364753
-0.0096597785
-0.0015285278
-0.0043427957
-0.010796465
-0.013924423
-0.01590675
-0.012221108
-0.01017918
-0.012301027
-0.0076631069
-0.0072796464
-0.011954312
-0.017575194
-0.015927531
-0.016084136
-0.018731074
-0.011573149
-0.0093215038
-0.0054004463
-0.0031241836
-0.018884583
-0.018496739
-0.017473979
-0.0068321829
-0.0023137948
-0.014231668
-0.011595588
-0.011735969
-0.011380528
-0.014130701
-0.015287982
-0.015760613
-0.0089633612
-0.017101678
-0.015415208
-0.015555983
0.0014971507
1.2225897e-05
0.00048756195
-0.0033131702
-0.0060123005
-0.0058443575
-0.012601646
-0.010340553
-0.0063011873
6.8640126e-05
-0.00071877198
-0.0045377282
0.0074677194
0.0072448014
0.0038309295
0.0040359813
0.008014747
0.011441437
0.0015145578
-0.0030712281
0.0014088626
0.0058182353
0.0093794594
-0.0082380461
0.0058577279
0.0057137053
0.0097725853
-0.01409951
-0.01117447
-0.01094754
-0.0085024043
0.0058823441
0.0029738654
0.0049798601
-0.00037981637
-0.0083139653
-0.0018603898
-0.0053786514
-0.0043841291
0.00041067654
-0.0059756108
-0.0028573592
-0.012605161
0.011777057
0.0095285569
0.0028802755
-0.0065934157
-0.0095842945
-0.00037546724
-5.9121004e-05
0.0022861741
-0.0030612863
0.0071232132
0.010737625
0.0022240752
0.0027511382
0.0061251276
0.010384583
0.0078844354
0.0076735897
0.012254126
0.01246439
0.013890718
0.013714317
0.010384331
-0.0012061695
-0.0045035415
-0.0014898014
0.015752566
0.0053755282
0.0023812779
-0.0049611577
0.0019664033
0.0050144341
0.015302579
0.012034698
0.012383721
0.0073244946
-0.0027637562
0.00054824419
-0.0081919296
-0.0069404766
0.0068957978
0.0043110193
0.015283025
0.016851239
0.0036624749
0.0078948338
0.0079824861
0.0088730269
0.01074466
0.014316768
0.011867053
0.0091727045
0.011960094
0.0060338117
0.011554835
0.01280706
0.01610012
0.017603621
0.015462888
0.018500945
0.017019893
0.01843725
0.0046655835
0.0069333314
0.017148025
0.015650129
0.018312422
0.018565724
0.01426321
0.016406211
0.013186037
-6.9556046e-05
0.0022626187
0.0032540412
0.011561837
0.019927453
0.019069413
0.01902733
0.010410383
0.014249499
0.015453643
0.0061021792
0.016020643
0.014640312
0.013115274
0.015528104
0.011183494
0.0088321977
0.0064570233
0.017802115
0.012554766
0.011126686
0.020145248
0.020205981
0.013675214
0.015428871
0.014267951
0.018124621
0.019552057
0.016938309
0.018600667
0.016916741
0.016530735
0.017730824
0.019540524
0.018096703
0.014755184
0.016430228
0.019859622
0.016371108
0.013715262
0.01391252
0.017495724
0.0092394579
0.0072521053
0.01024221
0.012558036
0.014841694
0.019824083
0.018072197
0.01751844
0.012466143
0.019462625
0.019456172
0.018940116
0.017751992
0.018839164
0.016127728
0.012909979
-0.016019654
-0.016533537
-0.014886704
-0.016882734
-0.017907223
-0.018713706
-0.018968268
-0.017059981
-0.015660391
-0.018114125
-0.01916817
-0.017301327
-0.016742822
-0.015093433
-0.016290232
-0.017684205
-0.012706715
-0.013121343
-0.011125931
-0.013402371
-0.014902678
-0.016226995
-0.016418626
-0.013543578
-0.011754466
-0.015650251
-0.017160936
-0.01488668
-0.013864297
-0.011852152
-0.013952863
-0.015755532
-0.020045258
-0.020212655
-0.019877371
-0.020138035
-0.020233168
-0.020191315
-0.019936712
-0.019821653
-0.019906009
-0.020198198
-0.019916463
-0.020086006
-0.020162777
-0.019813098
-0.019854476
-0.019813666
-0.019437192
-0.018952589
-0.019402318
-0.018357197
-0.018222742
-0.017867455
-0.017231448
-0.017656172
-0.018266291
-0.013263273
-0.012372779
-0.01400551
-0.011401244
-0.010597124
-0.0097294242
-0.0087134869
-0.01036102
-0.012132412
-0.010545638
-0.0086606382
-0.01125827
-0.012320242
-0.010097559
-0.018700905
-0.017681547
-0.019354385
-0.019451942
-0.019145929
-0.017775606
-0.016611757
-0.018376587
-0.018730137
-0.019454067
-0.018855275
-0.017910977
-0.014552698
-0.014290222
-0.013890838
-0.01275134
-0.011490691
-0.011070981
-0.01336455
-0.019070991
-0.019589664
-0.018880608
-0.018327942
-0.017375335
-0.018599389
-0.019336717
-0.017122237
-0.017133807
-0.016489923
-0.016903634
-0.016481052
-0.015763711
-0.015991784
-0.014436047
-0.012832533
-0.015254839
-0.015879832
-0.014551174
-0.019799249
-0.019550436
-0.019618939
-0.019812449
-0.019325787
-0.014333022
-0.01515523
-0.014593616
-0.013407413
-0.012390696
-0.014785078
-0.015675647
-0.0057048191
-0.0067807783
-0.0048806902
-0.007790108
-0.0086179891
-0.0094001522
-0.0069249134
-0.0091155746
-0.010850703
-0.0087858
-0.0072804313
-0.0053771559
-0.0084141153
-0.010194083
-0.0174768
-0.018233301
-0.017308243
-0.018852789
-0.018985336
-0.019022395
-0.018625897
-0.01162137
-0.012685176
-0.012425696
-0.013665459
-0.012821867
-0.011918716
-0.014442727
-0.015584373
-0.015275321
-0.014893457
-0.013915781
-0.012843644
-0.016843584
-0.017523521
-0.018119294
-0.01750076
-0.016752655
-0.011861574
-0.012163114
-0.01340209
-0.017650852
-0.017097471
-0.016436458
-0.016175245
-0.015830426
-0.017428864
-0.017919598
-0.017592807
-0.016727214
-0.018342149
-0.018587573
-0.019148822
-0.018794254
-0.018883282
-0.01959699
-0.019632453
-0.019318739
-0.019680377
0.0066132205
0.0060157354
0.008424777
0.0053671318
0.0034887292
0.0015654612
0.00091559434
0.0046794495
0.0071605852
0.0017738417
-0.00021672937
0.0017004303
-0.0022063081
-0.0021424587
-0.0020641969
-0.0040250583
-0.0041611392
-0.0022574549
0.0025450503
-1.2564141e-05
0.0034846579
0.0050716969
0.0074970112
0.0043636897
0.0018788568
0.00020899341
-0.0017080913
0.0024826633
0.0021336062
0.0040083998
0.0047111609
0.0028163792
-0.0073754535
-0.0056680412
-0.0062242311
-0.0038890737
-0.0050174904
-0.006106128
-0.0042901638
-0.0020707821
-0.0027316351
-0.0074820482
-0.006724113
-0.0088161616
-0.0081335674
-0.0094180235
-0.0071391746
-0.0068088327
-0.0050264587
-0.0064314318
-0.0085034425
-0.010473816
-0.010069726
-0.0060089566
-0.0042990586
0.0065604784
0.0081296811
0.0065648059
0.0096427923
0.009613789
0.0095359133
0.010987187
0.011081134
0.0096237603
0.0077626774
0.009171085
0.0059090951
0.0062671474
0.0054890138
-0.010213772
-0.0098577321
-0.0085240951
0.0031184687
0.0049499511
0.0015402663
0.0012358748
-0.00065623517
-3.7361676e-05
0.0018236636
0.0084013202
0.0091161208
0.009742318
0.010975328
0.012100809
0.012704428
0.010266309
-0.00035121078
-0.0012991814
-0.00069447726
0.00059415997
0.0015167328
-0.001042736
-0.0019777028
-0.007024164
-0.0049182046
-0.007996077
-0.0090532132
-0.010963941
-0.0089111219
-0.0069080842
-0.0048278172
-0.0065059517
-0.0034082361
-0.0030801782
-0.0037088615
-0.0050994246
-0.0051158681
-0.0060169777
-0.00503336
-0.006967709
0.006971699
0.0053936844
0.0073391825
0.0085101297
0.0099892608
0.0076639897
0.0061259282
0.015308245
0.013996736
0.015254921
0.012548183
0.012597611
0.012571256
0.012423102
0.013327831
0.011800083
0.014009657
0.014729822
0.015982763
0.014610202
0.013160324
-0.0045265532
-0.0034680295
-0.0041346112
-0.0055450303
-0.0027059358
-0.0096620309
-0.0088175123
-0.010548785
-0.007915532
-0.0069961842
-0.0060407686
-0.0087900292
0.001136881
-0.00014865796
-0.0014333607
-0.0018196768
-0.0021949868
-0.010929834
-0.0098842405
-0.010790652
0.011452167
0.010745759
0.0096078117
0.0014569499
0.0030375679
0.0046001858
0.0042324583
0.0038499811
-0.00064628727
-0.0028897038
0.00041292072
0.0016168548
-0.0007808017
-0.003267493
-0.0036309105
-0.0022113375
-0.0011435433
-0.0039753441
-0.0017743319
-0.0014638635
-0.0028856952
-0.0076156106
-0.0056239853
-0.0080824299
-0.0035572985
-0.0030605965
-0.0025321221
-0.00046616468
-0.0014639376
-0.0040149291
-0.012330461
-0.011302944
-0.013429611
-0.010149059
-0.0089685843
-0.0076826446
-0.0064918847
-0.0088941387
-0.011196085
-0.0089345348
-0.0064757357
-0.010072032
-0.011253276
-0.0088064159
0.0027162214
0.001578596
0.0042278687
0.00043006496
-0.0011111269
-0.002643461
-0.0037666161
-0.00070884586
0.0019477002
-0.0038990659
-0.0012923528
-0.0052269409
-0.006456187
-0.0039580699
-0.00130829
3.3206683e-05
0.0013775436
0.0040277934
0.001354766
-0.0076543085
-0.009573808
-0.0071830971
-0.0056206653
-0.0035213782
-0.0066758445
-0.0086810359
-0.01183165
-0.013075788
-0.01417187
-0.014786124
-0.015259342
0.0023098133
0.0034713959
0.0011609307
0.004595107
0.0057425738
0.0068577499
0.0079217407
0.0056585333
0.0034284368
0.0059623918
0.0081575508
0.0050126018
0.0036778985
0.0062912157
-0.014429609
-0.015925575
-0.01351889
-0.012731637
-0.010872098
-0.012536392
-0.014179091
-0.00043597839
-0.00088267569
-0.0024006534
-0.0013296332
0.00065622782
0.002630282
0.0021898054
-0.0017730239
-0.0032914091
-0.0063820528
-0.005143271
-0.0062457341
-0.00754465
-0.0086038121
-0.0060651685
-0.0049194438
-0.0021276144
-0.00058665992
-0.003534891
-0.0036580037
-0.0034016711
0.00066983173
0.00016800072
0.0018048008
0.0029173217
-0.0003386066
-0.004002123
-0.0055794181
-0.0044467322
-0.0048481739
-0.0071118282
0.0097232723
0.00920593
0.01084126
0.0086014285
0.0074683313
0.0062872274
0.0096733256
0.0062232098
0.0044305128
0.0061209584
0.0079611029
0.0096123378
0.0059808607
0.0042345748
-0.016037192
-0.015863084
-0.015175406
-0.016058081
-0.014204584
-0.012481501
-0.013123167
-0.011563333
-0.013699063
-0.014564685
-0.015301349
-0.012717985
-0.0055681725
-0.0067415623
-0.0078675343
-0.0085781134
-0.009235255
-0.010325102
-0.008932199
-0.0026901686
-0.0029437764
-0.0040843695
-0.0031813591
-0.0017712493
-0.00035386706
-0.0045721816
-0.0071649243
-0.0058805607
-0.0056496915
0.0027338865
0.0028290541
0.0012002998
-0.01131192
-0.012040128
-0.010022977
-0.010484623
-0.0094929754
-0.010253705
-0.011519983
-0.01094674
-0.01187168
-0.013123003
-0.011009627
-0.014191167
-0.015020631
-0.015740286
-0.016646753
-0.015049529
-0.013262283
-0.0077705911
-0.0089743779
-0.0065021236
-0.010070418
-0.011305961
-0.012414668
-0.013431943
-0.01103257
-0.0087354685
-0.011122057
-0.013259028
-0.0097020923
-0.0087818627
-0.0063068073
-0.0081825557
-0.010514889
-0.018755849
-0.01814855
-0.017366945
-0.016833512
-0.016094622
-0.015236932
-0.016424179
-0.015094206
-0.016744872
-0.014320352
-0.013172158
-0.015287199
-0.016903018
-0.017561819
-0.018235597
-0.019248892
-0.018056082
-0.010807547
-0.0095342334
-0.010526186
-0.011937449
-0.012896533
-0.010166413
-0.0090453453
-0.0076180509
-0.0065614359
-0.0054288935
-0.0042902277
-0.0031088902
-0.0019703075
-0.0042478006
-0.018178861
-0.018237041
-0.017443968
-0.018114092
-0.01878327
-0.019333504
-0.019069833
-0.017809337
-0.017332646
-0.019491961
-0.019463622
-0.018901937
-0.0038705087
-0.001566598
-0.0046035369
-0.0061351762
-0.0083075246
-0.0052994063
-0.0030471615
-0.01424046
-0.013045804
-0.012985708
-0.011733413
-0.012969158
-0.014073992
-0.012756773
-0.010322141
-0.010386226
-0.013076979
-0.01429845
-0.01282591
-0.01169972
-0.010196751
-0.012510211
-0.013883666
-0.015653138
-0.016046898
-0.01480442
-0.015065406
-0.014454018
-0.016744738
-0.015916367
-0.016679839
-0.016451518
-0.014969583
-0.011693029
-0.010314073
-0.010387476
-0.0089996887
-0.0088668225
-0.016870205
-0.017776825
-0.018514245
-0.017888976
-0.017153706
-0.016406504
-0.016338914
-0.01557201
-0.016301012
-0.016025358
-0.014657234
-0.014694
0.0026555125
0.00075598717
0.0019173833
-0.001154659
-0.00041231998
0.00032591448
-0.0018935583
-0.0011851338
-0.0014225006
-0.0030705762
-0.0016591337
0.0002498712
0.0021547316
-0.0035411537
-0.0075444265
-0.007514047
-0.0074370309
-0.0059497528
-0.0044225109
-0.0043335436
-0.0073152421
-0.013475689
-0.011989197
-0.014015356
-0.014835894
-0.013130171
-0.0097031897
-0.010899895
-0.012045492
-0.011500511
-0.010881039
-0.014943741
-0.015738387
-0.015036403
-0.0065897539
-0.0050293449
-0.0078423371
-0.0080998263
-0.0075377477
-0.0060866401
-0.0048242092
-0.004591422
-0.0018504619
-0.0022532408
-0.0041264694
-0.0026444044
-0.00032916345
0.0019861716
0.0015901025
-0.0030189218
-0.0049104565
0.0056680303
0.0056732389
0.0038542246
0.0055955592
0.0074022646
0.0091421457
0.0089935353
0.0054327224
0.0037490506
0.002066021
0.0039465237
0.0021335759
0.00014200465
0.0040909798
0.0095159115
0.01107774
0.0098057759
0.0077820526
0.0059282174
0.010007161
0.01169923
-0.0019046011
-0.0041740174
-0.00078517652
0.00040114469
0.0026917461
0.000326305
-0.0019516697
0.0026797022
0.001482304
0.0026267353
0.002532222
0.00027427117
0.0068451608
0.0076325109
0.0086140663
0.0083517498
0.006566718
0.0047298568
0.010055632
-0.0067535541
-0.0064210815
-0.0060240769
-0.0078716392
-0.0096383318
0.0048878033
0.0047685429
0.0058088455
0.0049601224
0.0049853087
0.0067033977
0.0066324811
0.0089192175
0.010844665
0.0077906145
0.006879226
0.0086513682
-0.012688862
-0.012698855
-0.01120987
-0.012629553
-0.014070255
-0.015372574
-0.011074402
-0.010088791
-0.0087737663
-0.0097759794
-0.011312078
-0.0124219
-0.0093876617
-0.0081687399
0.0068740466
0.0054534695
0.0064116276
0.0040004857
0.0044408126
0.004835237
0.0033901892
0.0025286414
0.0035206574
0.001734783
0.0012991664
5.7452894e-05
-0.0016136627
0.00085571251
-0.0097419106
-0.0097929147
-0.008301453
-0.0067806576
-0.0097918128
-0.0013528545
-0.0031372361
-0.0026074751
-0.0049007519
-0.0036364196
-0.0023494205
-0.0040965559
-0.0066182855
-0.0061243737
-0.00072523429
-0.0012175056
0.00090886224
-0.00022497367
0.0020358543
-0.004450321
-0.0028487941
-0.0044407892
-0.0060146684
-0.007516807
-0.0043920096
-0.0028430271
-0.01479571
-0.014076767
-0.01341872
-0.011917427
-0.013228251
0.01157261
0.010679602
0.010443883
0.0097019387
0.010813985
0.011867681
0.0085408514
0.0068725761
0.0077285097
0.008702659
0.0043595236
0.0032619563
0.0039554611
0.0054156269
0.0024785137
-0.0059262696
-0.007475712
-0.0089789533
-0.00811796
-0.007217052
-0.0086995088
-0.01041677
-0.010292746
-0.011139104
-0.011809652
-0.0037414757
-0.0048519701
-0.0055052317
-0.0069657162
-0.007266389
-0.0057007181
1.9244115e-05
-0.0016062355
0.0012553334
0.0016496363
0.00085759588
-0.0016218295
-0.00038242005
-0.0016193895
-0.0027396269
-0.0015703149
-0.0042148195
-0.00039239875
0.0011194991
0.0026237246
0.0037787537
0.00077392871
-0.0018804145
0.0053905748
0.0072910874
0.0091231386
0.0089775728
0.0087346635
0.010504977
0.010854846
0.0010885935
0.0037471477
-0.00045333468
-0.0016016425
0.0006846655
0.0066507798
0.0082164778
0.0044837166
0.0049625063
0.0032011797
0.0022765556
0.003959058
0.010152182
0.0090585837
0.0087848101
0.0078515949
0.0091861405
0.010454918
0.0091654422
0.0065511772
0.0064648256
0.011483398
0.01143655
0.012448176
0.011353742
0.011050257
0.013341822
0.013420398
0.012197658
0.012207022
0.010404307
0.012138653
0.013843682
0.015384722
0.015276014
0.011991843
0.010303263
0.00031150622
-0.0013526334
0.00016786484
-0.0030080514
-0.0028671273
-0.0027156255
-0.0043475275
-0.0046347511
-0.0031383365
-0.00074416316
0.0012400925
0.00077569881
0.014866493
0.016273893
0.014207036
0.013242063
0.015081316
0.0023413529
0.00082229508
0.0038946505
0.003845246
0.0053028607
0.0054173483
0.0039278915
-0.0028298454
-0.0040334498
-0.005199944
-0.0061469022
-0.007035074
0.0036306161
0.0051214577
0.003502207
0.002098909
0.00055846256
0.0033665446
0.0048829841
0.012905175
0.011116922
0.013750963
0.014547502
0.016012065
0.014518856
0.012894254
0.011591155
0.011638654
0.012272325
0.011415948
0.013068025
0.0075192577
0.008579009
0.006215352
0.0063586159
0.0060323108
-0.0037731634
-0.0021323488
-0.00047455963
-0.0011108833
-0.001733587
-8.7384635e-05
0.0011801401
-0.0098166585
-0.0080627792
-0.0062294014
-0.0063770406
-0.0064827988
-0.0076051171
-0.005845893
-0.008682237
-0.0092930452
-0.0079960267
0.005339999
0.0056177713
0.0040505194
0.0058501291
0.0071359124
0.0083850407
0.0045392038
0.014631993
0.015922662
0.013899784
0.013195789
0.014528377
0.016821451
0.016136966
0.015370617
0.016106843
0.016718977
0.0017410869
0.0031495015
0.0029117704
-0.0059738176
-0.0048825896
-0.0038723081
0.0045687691
0.0030305078
0.0014728451
0.0021106598
0.0027284922
0.0070368448
0.0090689653
0.0058162622
0.0049079404
0.006671438
0.0091653739
0.009211982
0.0079636181
0.0067129439
0.0092078276
0.0066494224
0.0067035029
0.0079568086
0.0090440831
0.0098877651
0.0098546847
0.0081068505
0.0070914584
0.010576465
0.011506854
0.011759801
0.01042389
0.013154922
0.012985102
0.014079083
0.014430679
0.013211196
0.0091732972
0.010614047
0.010557503
0.01196674
0.010569686
0.0090896242
0.013258826
0.0060270299
0.004402738
0.0076377851
0.0075989744
0.0076104581
0.01159009
0.012080146
0.012237548
0.010984931
0.010273992
0.012772802
0.013419194
0.014954764
0.015842654
0.014633687
0.016604771
0.016919213
0.017109076
0.017847293
0.017230165
0.016169994
0.019146053
0.018551895
0.019093059
0.017817713
0.017828338
0.01767733
0.016934403
0.016953005
0.017644805
0.0050429836
0.0061259492
0.0058252025
0.0039025978
0.0027267733
0.0065615384
0.0076856777
0.015585933
0.01471839
0.016477357
0.016304359
0.016862534
0.017276244
0.01649819
0.017444868
0.017778446
0.017947092
0.018524675
0.019003961
0.019087406
0.017946851
0.01631183
0.017246296
0.015402765
0.015234949
0.014032111
0.014392646
0.015455467
0.011186576
0.012424236
0.01200086
0.012703511
0.013588151
0.00037134713
0.0015295247
0.0011007336
-0.00080043453
-0.0019650521
0.0018277697
0.0029839516
-0.00030031303
0.0016002302
0.0013692918
0.0030145209
0.0034767002
0.011805732
0.010352367
0.012968827
0.013159692
0.012688612
0.019807612
0.019554794
0.019342847
0.019143902
0.019577333
0.019855126
0.01941058
0.018579847
0.018560608
0.0096807096
0.011332149
0.0087128955
0.0079357412
0.0094115287
0.015561386
0.014919145
0.016122822
0.014203054
0.01356354
0.012800788
0.014707577
0.0053987706
0.0072665601
0.0042012503
0.0034754807
0.0048969895
0.015211991
0.015257802
0.015903638
0.015031273
0.016687618
0.014338422
0.013461558
0.013935788
0.015105386
0.015751526
0.013430708
0.012675018
0.013962758
0.01440672
0.015130725
0.016193154
0.014757782
0.016315022
0.015563897
0.016291413
0.010232108
0.0089901129
0.010045104
0.011406525
0.012498057
0.0097933804
0.0086210008
0.0074888259
0.0076695876
0.0063004847
0.0050707358
0.0078073131
0.018406679
0.018093716
0.018823791
0.011803957
0.012194352
0.010838966
0.004655594
0.0048792572
0.0062618553
0.01715672
0.017931005
0.016969894
0.016261905
0.017571376
0.018851092
0.01825883
0.01846382
0.010298605
0.0094800623
0.011896114
0.011018038
0.011624291
0.013382924
0.012675981
0.020155618
0.019986322
0.020275324
0.020128506
0.019905231
0.020212171
0.020245674
0.012187732
0.013179308
0.014060038
0.014612923
0.015032812
0.015900504
0.014817443
0.014037798
0.015317851
0.012921229
0.012615976
0.013098542
0.019021812
0.019581729
0.018931942
0.018272511
0.017347885
0.018735059
0.019411546
0.016023386
0.017004925
0.016004489
0.017843626
0.017845918
0.017694057
0.018513855
0.01852697
0.017687169
0.016807125
0.01724168
0.01721326
0.016207317
0.01545179
0.017486893
0.018085204
0.018373582
0.017466892
0.018911472
0.019103871
0.019645227
0.01928263
0.018571278
0.016748398
0.017427435
0.015669515
0.01590962
0.014924687
0.01447239
0.015305396
0.020060666
0.020040938
0.019793106
0.019906714
0.019564969
0.014020963
0.012529978
0.015118634
0.015379406
0.016580823
0.016075743
0.014781358
0.012905531
0.012901695
0.013879604
0.012780559
0.01485225
0.015990811
0.017040698
0.016529635
0.016913338
0.017951883
0.0065855562
0.0055127614
0.008284261
0.0075961974
0.0085262795
0.0099057507
0.0089323586
0.0086074585
0.010028319
0.0087902914
0.0070934885
0.010404233
0.013600884
0.014611155
0.01376465
0.012454049
0.011191305
0.013830828
0.014964687
0.01995987
0.019773408
0.020095879
0.020050937
0.019429531
0.017532512
0.0181861
0.017546488
0.017388427
0.018668026
0.017290683
0.017020154
0.017854982
0.018264613
0.016657455
0.010218164
0.010900241
0.011827491
0.013328359
0.011519708
0.019099095
0.018933696
0.019544625
0.019097283
0.018928381
0.019858198
0.019849807
0.019254535
0.018667539
0.019465727
0.019714247
0.019106571
0.017953922
0.018577477
0.018382428
0.018221163
0.018618049
0.018362431
0.017689046
0.017028749
0.018373448
0.018926809
0.016872715
0.015954772
0.016997038
0.017682075
0.016216767
0.015940104
0.015755209
0.0167851
0.019402459
0.019234853
0.019714453
0.015239415
0.015083665
0.014128419
0.013654643
0.012739741
0.013878981
0.013998014
0.011738799
0.012766938
0.011620412
0.01143738
-0.015177905
-0.015478767
-0.014606636
-0.015741121
-0.016297004
-0.016801953
-0.017050807
-0.015965178
-0.015134438
-0.017541256
-0.017421086
-0.018037288
-0.017257361
-0.016729026
-0.016150135
-0.017733148
-0.018154463
-0.018338773
-0.018478769
-0.018863292
-0.019188854
-0.01930264
-0.018574126
-0.016294883
-0.015522685
-0.016397898
-0.016993556
-0.017617039
-0.016456392
-0.015759192
-0.018963934
-0.019400432
-0.018682854
-0.018441246
-0.017836804
-0.018346644
-0.018878644
-0.016569989
-0.017043229
-0.016279596
-0.017465973
-0.017733602
-0.017956861
-0.017155095
-0.016401361
-0.015949921
-0.015582467
-0.014708397
-0.01544733
-0.017515583
-0.018134628
-0.017025781
-0.016819395
-0.016047823
-0.016491817
-0.017186005
-0.011692021
-0.011934933
-0.010901978
-0.012146312
-0.012930698
-0.013676537
-0.013876891
-0.012327051
-0.011324463
-0.014267411
-0.014172807
-0.01500383
-0.014042428
-0.013278734
-0.012476892
-0.014765049
-0.015443609
-0.015588485
-0.015696379
-0.016341269
-0.016934842
-0.017017792
-0.015767136
-0.012595075
-0.01163953
-0.01268016
-0.013491216
-0.014325408
-0.012728837
-0.011840342
-0.016713832
-0.017385522
-0.016443013
-0.015962598
-0.015139179
-0.016122918
-0.01688372
-0.013954987
-0.014393439
-0.013435276
-0.014788704
-0.015291042
-0.015755042
-0.014249933
-0.013301465
-0.012883263
-0.012301554
-0.011260234
-0.012421692
-0.015341566
-0.016178866
-0.014885755
-0.014439563
-0.013475332
-0.014393061
-0.015289275
-0.019814921
-0.019978822
-0.019723356
-0.020083777
-0.020159144
-0.020199896
-0.020261764
-0.020128984
-0.019973742
-0.020081758
-0.020202692
-0.020119824
-0.020262696
-0.020205609
-0.020114071
-0.020285325
-0.020273498
-0.020229408
-0.02012417
-0.02009469
-0.020031176
-0.019883343
-0.019957462
-0.020039192
-0.019988107
-0.019904993
-0.020010108
-0.019899721
-0.019712016
-0.019766073
-0.020078541
-0.01987118
-0.020096454
-0.020209663
-0.020261927
-0.020085042
-0.019933613
-0.020047069
-0.020148736
-0.020060778
-0.020220344
-0.020156976
-0.020044362
-0.02023462
-0.020128232
-0.020026427
-0.019944314
-0.01968609
-0.019894379
-0.019974462
-0.019882166
-0.01987534
-0.019985229
-0.019915302
-0.019746693
-0.019717162
-0.019654632
-0.019448363
-0.019616081
-0.019212956
-0.01920907
-0.019147777
-0.018898737
-0.01894923
-0.019159288
-0.017986839
-0.018317737
-0.017899558
-0.018621881
-0.0186684
-0.018658102
-0.018519033
-0.018360142
-0.018072548
-0.017758045
-0.017562916
-0.017314905
-0.016995596
-0.017416946
-0.018340591
-0.018589941
-0.017997784
-0.018019635
-0.017629683
-0.017630447
-0.017919712
-0.014054243
-0.013643615
-0.014413379
-0.013209234
-0.012828738
-0.012429769
-0.011975083
-0.012752214
-0.013571205
-0.010497012
-0.01100763
-0.010089031
-0.011500689
-0.011896476
-0.012274072
-0.011087549
-0.010657815
-0.01017081
-0.0096663968
-0.0092303849
-0.0087817175
-0.0082743236
-0.0091442201
-0.011776647
-0.012632679
-0.011262386
-0.01088879
-0.0099698678
-0.010734865
-0.011615013
-0.0092093625
-0.0082514464
-0.0096147891
-0.01015004
-0.011066718
-0.0099976632
-0.009052803
-0.012128138
-0.011803145
-0.012657333
-0.011448823
-0.010915563
-0.010356304
-0.011954044
-0.012807388
-0.013156097
-0.013622115
-0.010688533
-0.0097736382
-0.010991424
-0.011571508
-0.010393534
-0.0177889
-0.017213129
-0.01822322
-0.018305736
-0.018758439
-0.018615312
-0.018112328
-0.019674499
-0.019417166
-0.019711829
-0.019111318
-0.01905107
-0.018962887
-0.019143555
-0.019458611
-0.019720901
-0.019701756
-0.019263847
-0.018846909
-0.019516061
-0.01960909
-0.019396292
-0.016850105
-0.016223646
-0.017218292
-0.017431665
-0.017963327
-0.017559736
-0.016976597
-0.018824149
-0.018567648
-0.018987813
-0.018280461
-0.018090905
-0.017873204
-0.018441602
-0.018863723
-0.019122199
-0.019227108
-0.019528763
-0.019349189
-0.018157472
-0.017627646
-0.018411182
-0.018631667
-0.019049396
-0.018632686
-0.018164144
-0.015214005
-0.015123632
-0.014998175
-0.014438623
-0.013845074
-0.013709446
-0.014836684
-0.013102338
-0.013337448
-0.012529526
-0.013540141
-0.014107365
-0.014639651
-0.012940282
-0.012309758
-0.012135111
-0.011927199
-0.011298386
-0.010645291
-0.010435261
-0.011686135
-0.014408449
-0.014145573
-0.013642331
-0.01283652
-0.013855499
-0.019391592
-0.019593105
-0.019359361
-0.019131264
-0.018814185
-0.01930349
-0.019562534
-0.018482737
-0.01861607
-0.018190908
-0.018726616
-0.018987377
-0.019223949
-0.018442157
-0.018017036
-0.017876709
-0.017541313
-0.017019449
-0.017713261
-0.019120902
-0.019436084
-0.018994819
-0.018751069
-0.018326778
-0.018846935
-0.019213322
-0.017405007
-0.017358539
-0.017153191
-0.017401958
-0.017346875
-0.016876327
-0.0168837
-0.016351728
-0.01670732
-0.016544568
-0.017039188
-0.016817973
-0.016575466
-0.017238954
-0.017078524
-0.016716625
-0.016867272
-0.016609283
-0.016331782
-0.016251515
-0.016311658
-0.015905172
-0.016138543
-0.015972527
-0.015536405
-0.015651047
-0.013197858
-0.01236752
-0.013652149
-0.013998498
-0.01476208
-0.014090303
-0.013285965
-0.015955151
-0.015577716
-0.016255051
-0.01517979
-0.014855196
-0.01451085
-0.015483982
-0.016160345
-0.016532608
-0.016787034
-0.014912257
-0.014147242
-0.015292857
-0.015633939
-0.014934245
-0.019726177
-0.019545471
-0.019703627
-0.019851147
-0.0199176
-0.01965584
-0.019531199
-0.019594947
-0.019728139
-0.019674741
-0.0198357
-0.019721821
-0.019582896
-0.019924496
-0.01987179
-0.019729929
-0.019760425
-0.019484854
-0.019418893
-0.019361712
-0.019490605
-0.019208139
-0.014593257
-0.014979714
-0.014758051
-0.014177233
-0.013734966
-0.014906064
-0.015313466
-0.014125761
-0.014012588
-0.013528981
-0.013882258
-0.014471982
-0.015036384
-0.01326864
-0.012780043
-0.012909862
-0.012270931
-0.011742968
-0.01302207
-0.015148577
-0.015574224
-0.015242657
-0.01469784
-0.014221914
-0.01531948
-0.015757115
-0.0047493832
-0.0052984627
-0.0043415405
-0.0058363156
-0.0062503304
-0.0066538925
-0.0071904353
-0.0063610483
-0.0054122154
-0.0086884992
-0.0082093779
-0.0091018401
-0.0077094049
-0.007294713
-0.0068702711
-0.0081135287
-0.0085065331
-0.0090150438
-0.0095028361
-0.009890459
-0.010264653
-0.0073614501
-0.0064371004
-0.0078313646
-0.0082643261
-0.0073924063
-0.010136948
-0.010977497
-0.0099975283
-0.0092634416
-0.0083629486
-0.0098454501
-0.010708224
-0.0078678807
-0.008043449
-0.0071101445
-0.0082085752
-0.00895629
-0.0096807586
-0.0074402546
-0.006499913
-0.006335218
-0.005546939
-0.004587281
-0.0061599383
-0.0095040376
-0.010379218
-0.0093164501
-0.008604737
-0.0076824276
-0.0091201637
-0.0099965758
-0.016988547
-0.01740511
-0.016901119
-0.017791439
-0.01787157
-0.017927617
-0.018297068
-0.018145642
-0.017687008
-0.019193571
-0.018931003
-0.019254931
-0.018631861
-0.018560792
-0.018465986
-0.01867911
-0.018702589
-0.019015757
-0.019292109
-0.01930525
-0.019294755
-0.018750925
-0.018347691
-0.018998897
-0.019108109
-0.018866839
-0.011477984
-0.012032465
-0.011872611
-0.012571053
-0.012162714
-0.011738093
-0.012263734
-0.013090499
-0.012962487
-0.013711256
-0.01325166
-0.013285266
-0.012768776
-0.013186672
-0.013588334
-0.012335328
-0.011887218
-0.012377146
-0.012843779
-0.01238851
-0.011921479
-0.014062531
-0.013973401
-0.014511385
-0.014120324
-0.014884345
-0.016174917
-0.016046359
-0.015898908
-0.015439023
-0.014952422
-0.014791828
-0.015732288
-0.01420374
-0.014417221
-0.013706119
-0.014613363
-0.015093348
-0.015546737
-0.014108026
-0.013578622
-0.013390769
-0.013185468
-0.012643849
-0.012083239
-0.015342803
-0.015121432
-0.014676277
-0.016765618
-0.017127773
-0.017471242
-0.017193671
-0.016881557
-0.017217927
-0.017794693
-0.018098539
-0.017826972
-0.017778687
-0.017533272
-0.017832315
-0.018096892
-0.017200691
-0.016835877
-0.017142072
-0.017425906
-0.017042239
-0.016630508
-0.018376778
-0.018633508
-0.018383891
-0.010851247
-0.011041161
-0.011684741
-0.012488835
-0.011215375
-0.012916917
-0.012792701
-0.013527122
-0.012649884
-0.012021165
-0.011373619
-0.013258373
-0.013989355
-0.014114876
-0.014677912
-0.011515259
-0.011639145
-0.012286666
-0.018035102
-0.017791204
-0.017518438
-0.01738787
-0.017235976
-0.01695595
-0.017217483
-0.015957636
-0.016316313
-0.015827145
-0.016649292
-0.01678007
-0.016889325
-0.016497188
-0.016323662
-0.016013391
-0.015676771
-0.015506719
-0.015316523
-0.016535216
-0.016156928
-0.016067802
-0.017555894
-0.017748283
-0.017701905
-0.017307569
-0.017006373
-0.017822181
-0.018065901
-0.01721824
-0.017173999
-0.016773481
-0.017103288
-0.017524092
-0.017915854
-0.016654469
-0.016253885
-0.016302402
-0.015806933
-0.017982425
-0.018277923
-0.018021846
-0.017634922
-0.0183777
-0.018106589
-0.018441233
-0.018266499
-0.018399103
-0.018750604
-0.019234615
-0.018984043
-0.019056577
-0.018705351
-0.018881971
-0.019033315
-0.018503805
-0.018580026
-0.018853799
-0.018627104
-0.018643996
-0.019099152
-0.01928827
-0.01951453
-0.019387369
-0.019456615
-0.019711233
-0.019651417
-0.019559345
-0.019742871
-0.019802084
-0.019436409
-0.019321199
-0.019512499
-0.019500994
-0.019672883
-0.019490947
-0.019283007
-0.019828493
-0.019821937
-0.019654977
-0.019782635
-0.019099536
-0.018886434
-0.019116137
0.0078047029
0.0075299919
0.0086906094
0.0072398619
0.0063211344
0.0053823359
0.0050780857
0.0069336084
0.008136799
0.0041000184
0.0044359448
0.0031570018
0.0047623658
0.0056973486
0.0066121122
0.0038113258
0.0028484521
0.0025303843
0.0022035534
0.0012452281
0.00028740191
-3.2675679e-05
0.0018682393
0.0062771249
0.0075027765
0.0059314633
0.0050269764
0.0037561219
0.0055800182
0.0068049903
0.0027130521
0.0017344265
0.0026729584
0.00074526164
0.00078049431
0.00081755531
-0.0001820506
-0.00024922069
0.00071344746
-0.0031640855
-0.0021764792
-0.0031317791
-0.0011812742
-0.0012137787
-0.001243615
-0.0011461557
-0.0011091425
-0.0021046265
-0.0030932318
-0.0030492224
-0.0030021006
-0.0039683126
-0.004072649
-0.0022325463
-0.0012716918
-0.0032104074
-0.0031900179
-0.0041408331
-0.0041714841
-0.003229198
0.00077842699
-0.00049121642
0.0012652699
0.0020593929
0.0033383657
0.0017464797
0.0004677086
0.0047326392
0.0042823099
0.0055231861
0.003816878
0.0030208653
0.0022197032
0.004604919
0.0058495603
0.0063010543
0.007062506
0.0082324049
0.0067368301
0.0026823221
0.0014161749
0.0031308309
0.0039335762
0.0051654267
0.0035587973
0.002330305
-0.0018846378
-0.002823352
-0.00075332761
-0.00093064326
3.192164e-05
0.00038429486
-0.00057812757
0.0034370927
0.0023100982
0.0032623953
0.0011734338
0.0013487354
0.0015213371
0.00099601018
0.00195423
0.0030819185
0.0028975655
0.0038119014
0.0041980312
0.0026511273
0.0016912039
0.0037665761
0.0036050993
0.0045505095
0.004859943
0.0039240508
-0.0076214927
-0.0068037932
-0.0070478917
-0.0059582913
-0.006533068
-0.0070983815
-0.0062356634
-0.0050913823
-0.005375261
-0.0035495907
-0.004457417
-0.0041094729
-0.0053539611
-0.004785212
-0.0042081845
-0.0059131673
-0.0064613729
-0.0055676724
-0.0046611786
-0.0052022722
-0.0057297872
-0.0048236808
-0.0037450057
-0.003313657
-0.0036238867
-0.0024130243
-0.0029835969
-0.002632537
-0.0015103768
-0.0018377243
-0.0064260277
-0.006029761
-0.0071165044
-0.0067983955
-0.0071465371
-0.0077984357
-0.0074140168
-0.0091360298
-0.0084851196
-0.0087857831
-0.0078215882
-0.0081551995
-0.008469211
-0.0074688737
-0.0077629458
-0.0084147777
-0.0080254781
-0.0091264125
-0.0087643888
-0.0097680177
-0.009463721
-0.010051444
-0.0062410827
-0.006089604
-0.0051881796
-0.0059253711
-0.0069802325
-0.0080175391
-0.0078500617
-0.0057501729
-0.0048556994
-0.0072732178
-0.0074775118
-0.0083014361
-0.0076698992
-0.0066257435
-0.0055650379
-0.0086930101
-0.0096902657
-0.0095039514
-0.0093048411
-0.010277746
-0.011213704
-0.011009296
-0.0090934296
-0.0053704938
-0.0044910585
-0.0051664069
-0.0062259746
-0.0070571955
-0.0049510842
-0.0041024596
0.0057758466
0.0065693711
0.0057765759
0.0073557508
0.0073508468
0.0073341267
0.0081159731
0.0081315582
0.0073481228
0.010367346
0.0096345382
0.010348833
0.0088834716
0.0088944972
0.0088936235
0.0088605716
0.0088260867
0.0095807122
0.010316775
0.010271765
0.01021516
0.010926568
0.011033428
0.0096388802
0.0088810995
0.010364081
0.010372234
0.011080661
0.011065959
0.010344964
0.0093612946
0.010033195
0.0084788154
0.0086612025
0.0079357067
0.0075723317
0.0082792477
0.0051523915
0.0060956301
0.0053299516
0.0070245037
0.0068439406
0.0066467984
0.0071882494
0.0064227355
0.0054944066
0.0056441709
0.0057074361
0.0064323093
0.0047602047
0.004962504
0.0045430854
-0.011122592
-0.011005958
-0.010355961
-0.0095489174
-0.01086309
-0.0089908562
-0.0091982599
-0.0083197727
-0.0093846962
-0.010047386
-0.010694316
-0.0087075836
-0.0078371359
-0.0076361692
-0.0069425479
-0.010500728
-0.010284635
-0.0096467508
0.004816806
0.0057079493
0.0040427309
0.0039022621
0.0029706087
0.0032608123
0.004178302
0.00059885479
0.0013901786
0.00044436077
0.0021813267
0.0023303523
0.0024739959
0.0020272594
0.0010777216
0.00028760485
0.00012876952
-0.00080945875
-0.00050153185
0.0016852588
0.002611744
0.00089783304
0.00075045737
-0.0001914247
0.00011504951
0.0010379176
0.0074204925
0.007793779
0.0081480298
0.0087695129
0.0093664117
0.0097248741
0.0084834631
0.010656661
0.010371091
0.011270957
0.010060028
0.0094408164
0.0087988212
0.010654156
0.011221409
0.011552483
0.011858013
0.012415066
0.012940393
0.01323674
0.012137436
0.0090922559
0.0093610662
0.010018536
0.010914692
0.0096003028
-0.00065823378
-0.0011279317
-0.000827506
-0.00018098432
0.00029663774
-0.00099756379
-0.0014708724
-0.00022609865
-5.0469807e-05
0.0004166047
0.00012379181
-0.00052247828
-0.0011675041
0.00077043444
0.0012378755
0.0010585234
0.001697333
0.0021471133
0.00087917893
-0.0013368663
-0.001810976
-0.0015058932
-0.00086750569
-0.00040327858
-0.0016767151
-0.0021409631
-0.0054672387
-0.0044084426
-0.0059775834
-0.0065212153
-0.007560009
-0.0064803731
-0.0054262091
-0.0089928969
-0.0085291195
-0.0095149264
-0.0080510833
-0.007516344
-0.0069736754
-0.0085770809
-0.0095671118
-0.010025958
-0.010524506
-0.011441164
-0.010469951
-0.0074553747
-0.0064236044
-0.0079229385
-0.0084615608
-0.0094415564
-0.0083731107
-0.0073794127
-0.0063681985
-0.0071799472
-0.0056773122
-0.005529844
-0.0046707938
-0.0049778284
-0.005818289
-0.0025302489
-0.0032470555
-0.0023621389
-0.0039609255
-0.0041200221
-0.0042721555
-0.0037954074
-0.0029082728
-0.0021904363
-0.0020156196
-0.0035626565
-0.0044168443
-0.0028516849
-0.0026939198
-0.0030006715
-0.0046441571
-0.0046419582
-0.0051150693
-0.0046322111
-0.0046088454
-0.0055818926
-0.0055880519
-0.0059796867
-0.0055290482
-0.0054847878
-0.0050718985
-0.0055613672
-0.0060428064
-0.0045752248
-0.0045313901
-0.0049829342
-0.0044764448
-0.0064963632
-0.0065160322
-0.0069416599
-0.0064657477
-0.007407996
0.0059861107
0.0051955283
0.0061864074
0.0067733531
0.0075528478
0.0063784279
0.0055868915
0.0081044233
0.0079310694
0.0086887874
0.0077471168
0.0071603625
0.0065620234
0.008321009
0.0090747407
0.0092582883
0.009810913
0.010526109
0.0094316967
0.0067365743
0.005953787
0.0069009374
0.0075074706
0.0082665135
0.0070528916
0.0062893458
0.015896647
0.015291095
0.015869795
0.014644727
0.014671026
0.014677632
0.014012733
0.013961052
0.014598754
0.011821451
0.012582214
0.011845567
0.013313448
0.013288136
0.013243431
0.013319349
0.013305618
0.012594156
0.011852309
0.011841133
0.011810662
0.012495355
0.01317913
0.011721077
0.011780078
0.011642941
0.012202954
0.01142231
0.012578427
0.012958669
0.013685298
0.012936992
0.012164485
0.014707788
0.014386948
0.015060304
0.014045905
0.013678395
0.013277831
0.01437922
0.015037104
0.015376549
0.015655416
0.016229749
0.015695701
0.013599816
0.012845973
0.013901465
0.014320649
0.015007677
0.014180641
0.013454992
-0.0041768008
-0.0036414884
-0.0040004428
-0.0047090795
-0.0052325153
-0.0038150191
-0.0032867199
-0.0046344695
-0.0048428293
-0.0053374152
-0.005042347
-0.0043347459
-0.0036218991
-0.0057435418
-0.0062395755
-0.0060329243
-0.0067186695
-0.0034219146
-0.0029047995
-0.0032153164
-0.003926356
-0.0025032234
-0.010507935
-0.010110973
-0.010942839
-0.0096965786
-0.0092474135
-0.0087870316
-0.0083584118
-0.0092655318
-0.010134433
-0.0069937609
-0.0074608448
-0.0065316435
-0.0079160702
-0.0083731429
-0.0088191348
-0.0074487036
-0.0069717419
-0.0065225904
-0.0060615592
-0.0055848338
-0.0051021714
-0.0083590168
-0.0092532648
-0.0078874237
-0.0074463238
-0.0083146956
0.0019609254
0.0013252423
0.00068592374
0.00049461185
0.00030432965
-0.00034053981
4.4370417e-05
-0.0022680613
-0.0016277645
-0.0024607018
-0.00098490731
-0.00079178749
-0.00059749709
-0.0011763122
-0.0013659394
-0.0020086726
-0.0026490261
-0.00283275
-0.0030125821
-0.0012375893
-0.0018736247
-0.0020718729
-0.011449048
-0.010959298
-0.011432016
-0.011387709
-0.010454374
-0.0098058115
-0.010346127
-0.010252587
-0.010873688
-0.01041351
-0.0099360678
-0.011315675
-0.011216357
-0.010681654
-0.01109105
-0.0094059373
-0.0088653018
-0.0093429421
0.012641326
0.012325607
0.011784015
0.010890047
0.011993574
0.0098149886
0.010186234
0.0092384304
0.010544801
0.011105798
0.011646089
0.0099645267
0.0090123191
0.0086457659
0.0080391336
0.011284377
0.010910173
0.010373158
0.00085592706
0.0016433632
0.0024323825
0.0022483761
0.0020597803
0.00285127
0.0032197079
0.0051910056
0.0044185951
0.0050073616
0.0036381208
0.0038222902
0.0040022784
0.0034500459
0.0032587871
0.0040424873
0.0048185317
0.0046257374
0.0044312886
0.0047771023
0.0055408057
0.005368844
-0.0023004815
-0.0034042972
-0.0017738092
-0.0011774836
-4.5313268e-05
-0.0012446778
-0.0023671273
0.001539521
0.0010145977
0.0021411769
0.00048595151
-0.00011565702
-0.00071481141
0.0010886841
0.0022179354
0.0027404308
0.0033352862
-0.00018620504
-0.0013103924
0.0003385894
0.00093771749
-0.00025397487
-0.0035965258
-0.0037875829
-0.0030796138
-0.0025556602
-0.0039748009
-0.0031007603
-0.0029232772
-0.0023911054
-0.0027414239
-0.0034515847
-0.0041567165
-0.0020273518
-0.0014967213
-0.0016785574
-0.00096542979
-0.0004343287
-0.0018555793
-0.0043325196
-0.0045020023
-0.0038052369
-0.0032741923
-0.0046663207
-0.0013652381
-0.00121474
-0.0019250907
-0.0024845961
-0.0010613491
-0.0020175002
-0.0021762094
-0.0027277121
-0.0023320731
-0.001620277
-0.00090633663
-0.0030406256
-0.0035907575
-0.0034336282
-0.0041329893
-0.00075035772
-0.00059347125
-0.0013052535
-0.0088049603
-0.0078541116
-0.0090301704
-0.0068709256
-0.0066319371
-0.0063820486
-0.0053755368
-0.0058618545
-0.0070989644
-0.002267572
-0.0033131827
-0.002017723
-0.0043508668
-0.0045971597
-0.0048332812
-0.0040950671
-0.0038302005
-0.0028002191
-0.0017623322
-0.00150184
-0.0012352503
-0.00021521674
-0.0007183125
-0.0037917502
-0.0050584127
-0.0027449663
-0.0025106734
-0.0012186675
-0.0017036663
-0.0029668066
-0.013359452
-0.012896551
-0.013891033
-0.012396205
-0.01183353
-0.011237864
-0.010713243
-0.011859833
-0.012925043
-0.0089627336
-0.0095734715
-0.0083652088
-0.01015779
-0.010740525
-0.011290326
-0.0095449144
-0.008904308
-0.0083375456
-0.0077436079
-0.0071014191
-0.0064408797
-0.0058498533
-0.0071228696
-0.010691485
-0.011804132
-0.010068474
-0.0095321679
-0.0083283743
-0.0094287686
-0.010564067
-0.0070898745
-0.0058430933
-0.0077179902
-0.0083217184
-0.0095250328
-0.0083226337
-0.0070938037
-0.01119888
-0.010674599
-0.011782599
-0.010115854
-0.0095188913
-0.0089005265
-0.010689421
-0.011805773
-0.012338761
-0.012864845
-0.009448325
-0.0082628892
-0.0099620379
-0.010590722
-0.0093179649
0.0040290548
0.0034751829
0.0047709639
0.0029130899
0.0021496741
0.0013808707
0.00080832394
0.0023438531
0.003669973
-0.00091139487
-0.00033982623
-0.0016814728
0.00023412787
0.0010046119
0.0017698762
-0.00053818897
-0.0013091447
-0.0018800469
-0.002447939
-0.0032066006
-0.0039540812
-0.0045043655
-0.0030119766
0.0011942166
0.0025264848
0.00062082915
-0.00014216653
-0.0014783094
5.5412443e-05
0.0013696452
-0.0019178411
-0.00062321557
-0.0025976917
-0.0032193035
-0.0045144172
-0.0032727236
-0.0019655419
-0.0064944533
-0.0058487527
-0.0071044942
-0.0051879812
-0.0045692186
-0.0039397527
-0.0057930985
-0.0070459291
-0.0076949258
-0.0082624346
-0.0045949856
-0.003302746
-0.0052337373
-0.0058689758
-0.0045974419
-0.0033031234
-0.0026426404
-0.0019780186
-0.00063745284
-0.0019752076
0.001370179
0.00070468008
0.002042647
3.4640524e-05
-0.00063683649
-0.0013041975
0.00070796684
0.0020488603
0.0027119313
0.0033748698
0.0046714289
0.0033696124
-0.00063356722
3.1715751e-05
0.00069828321
0.0020290079
0.00068492753
-0.0088373493
-0.0097576858
-0.008632111
-0.007873863
-0.006878642
-0.008413987
-0.0093730418
-0.006159929
-0.0064086805
-0.005373201
-0.0066484405
-0.0074238444
-0.0081833784
-0.0058591954
-0.0048218393
-0.0045764615
-0.003773156
-0.0027215222
-0.0043217119
-0.0079412505
-0.0089256092
-0.0076893517
-0.006933213
-0.005902884
-0.0074310481
-0.0084243613
-0.010880222
-0.011532079
-0.012154598
-0.012471016
-0.012753197
-0.01337283
-0.012745094
-0.014994714
-0.014496097
-0.015298542
-0.013954561
-0.013643748
-0.013299976
-0.014231167
-0.014472871
-0.015040696
-0.015566091
-0.015796257
-0.015989213
-0.013815461
-0.014287096
-0.014656558
0.0011561661
0.001738115
0.00058903269
0.00231722
0.0028943043
0.0034661481
0.004046145
0.0028913299
0.0017351962
0.0057139819
0.0051721468
0.0062848583
0.0046154682
0.0040391613
0.0034576823
0.0051853578
0.0057476831
0.0063048294
0.0068465865
0.0073973621
0.007936129
0.0084540635
0.0073729196
0.0040132587
0.0028722693
0.0045542237
0.0051361857
0.0062386322
0.0050743103
0.0039715603
0.0075143015
0.0085747855
0.0070745286
0.0064175862
0.0052942185
0.0066175734
0.0077176184
0.003863734
0.0043506454
0.0031942904
0.0048280767
0.0054933954
0.0061453813
0.0041516746
0.0029969933
0.0025180428
0.0018380382
0.0056606218
0.006781689
0.0051671726
0.0045228171
0.00579087
-0.015608651
-0.016302921
-0.015204918
-0.014855085
-0.014048218
-0.014778964
-0.015522372
-0.012658329
-0.013140124
-0.012251925
-0.013603696
-0.013983834
-0.014332125
-0.013193071
-0.012295056
-0.011818843
-0.01136105
-0.010401392
-0.011324505
-0.013865994
-0.014647234
-0.013382503
-0.013036018
-0.012159067
-0.012883984
-0.013693815
-0.0011956496
-0.00141971
-0.0021670444
-0.0016464738
-0.00065847507
0.00033127501
0.00010933846
-0.0018723836
-0.002631131
-0.00056085634
-0.00033742289
0.00043301692
-0.00011390299
-0.0011067176
-0.0020957586
0.00087902232
0.0018684051
0.0016468349
0.0014248379
0.0024092332
0.0033809222
0.0031629855
0.0012028061
-0.0023157809
-0.0030775433
-0.0025324636
-0.0015513521
-0.00078463535
-0.0027478009
-0.0034973059
-0.0058115189
-0.0051806876
-0.0057690973
-0.0064344803
-0.0070403073
-0.0057170348
-0.0050982153
-0.0068115381
-0.0068990675
-0.0074543024
-0.0069753051
-0.0063190914
-0.0056558847
-0.007623641
-0.0081809895
-0.0080877963
-0.0087098346
-0.0092077432
-0.0079843367
-0.0055857549
-0.0049860842
-0.0055060831
-0.0061615262
-0.0067123981
-0.0054145551
-0.0048460984
-0.00064962505
0.00011390492
-0.0013570711
-0.0014187855
-0.0021886278
-0.0020643344
-0.0012921801
-0.0042951667
-0.0035982127
-0.0043550287
-0.0028957013
-0.0028335386
-0.002769021
-0.0029551915
-0.0037140428
-0.0044096345
-0.004459142
-0.003468846
-0.0027026325
-0.0041616488
-0.0042303611
-0.0040919127
0.00034731006
9.9776805e-05
0.00091771789
0.0014891938
-0.00015008414
0.00073263751
0.00098686539
0.0015499317
0.0012392694
0.00041948738
-0.00040026133
0.0020574547
0.0026194168
0.0023643617
0.003172659
0.0037157657
0.0021080708
-0.00064952174
-0.00089745818
-8.4290887e-05
0.00047620164
-0.0011458639
-0.0029661014
-0.0037665606
-0.0032028636
-0.0034328678
-0.0045636566
-0.0057950257
-0.0050170007
-0.005228217
-0.0042289576
-0.0047952669
-0.0053534513
-0.0036557948
-0.0038706775
-0.004654072
-0.004075666
-0.0042667078
-0.0054271089
-0.006132546
-0.0068977653
-0.0063521566
-0.006561666
-0.0076464864
0.010516393
0.010289313
0.011068063
0.010038623
0.0094756488
0.0088984096
0.0086335705
0.0097638498
0.010586813
0.0077159505
0.0080415856
0.0071490297
0.0083478228
0.0089141994
0.0094658098
0.0077679717
0.0071757384
0.0068831986
0.0065709872
0.0059837088
0.0053881989
0.0091460159
0.010001243
0.0088070499
0.0082695165
0.0093251151
0.005364882
0.0044650607
0.0053313594
0.0062602841
0.0071435612
0.0052892599
0.0043898703
0.0069865446
0.0070487999
0.0079025252
0.0071011565
0.0061766777
0.0052392818
0.008009544
0.0088539049
0.0087993266
0.0096723351
0.01046028
0.0087347754
0.0051815909
0.0042915759
0.005115757
0.0060558982
0.0069142178
0.0050400852
0.0041730234
-0.016319703
-0.01618908
-0.015968719
-0.016414229
-0.016470234
-0.015580539
-0.015499683
-0.015154781
-0.015628268
-0.015594194
-0.01606715
-0.015623683
-0.015157226
-0.016486752
-0.016463614
-0.016010353
-0.016401515
-0.01470058
-0.01466855
-0.014212348
-0.014693683
-0.01371176
-0.011703647
-0.012037655
-0.011242346
-0.01235667
-0.012810431
-0.01323476
-0.013555883
-0.012660799
-0.011873017
-0.014416983
-0.014147361
-0.01484172
-0.013860186
-0.013419541
-0.012949437
-0.014270124
-0.014648375
-0.014949656
-0.015233465
-0.015590808
-0.015912885
-0.013221687
-0.012451553
-0.013476353
-0.013961025
-0.01296732
-0.0046233465
-0.0052152007
-0.0057999506
-0.0061601936
-0.0065083981
-0.0070950252
-0.0063761636
-0.0087743516
-0.0082291809
-0.0091268715
-0.0076689736
-0.0073112111
-0.0069417603
-0.0080143761
-0.0083470765
-0.0089135569
-0.0094649125
-0.0097876612
-0.010095046
-0.010630638
-0.010000898
-0.0074944583
-0.0080315104
-0.0084085911
-0.0093030851
-0.0085491168
-0.0032574446
-0.0033899245
-0.0039461855
-0.0035200572
-0.00281844
-0.0021124909
-0.0022377444
-0.0036456931
-0.0042169
-0.0025921016
-0.0024780252
-0.0018869599
-0.0023598356
-0.0030649491
-0.0037657645
-0.0016515514
-0.00094135384
-0.0010626696
-0.0011799835
-0.00047350343
0.00023023772
-0.0038797621
-0.0044614118
-0.0039878296
-0.0032931357
-0.0046744025
-0.0085139244
-0.0078949299
-0.0077945716
-0.0070532793
-0.0072648563
-0.0051186936
-0.0057703795
-0.0049992756
-0.0064155808
-0.0065264408
-0.0066256676
-0.0062934317
-0.0055187284
-0.0048709807
-0.0047339023
-0.0059794111
-0.0053282675
-0.0052287298
0.0034366975
0.0034909106
0.002682902
0.0019195072
0.0035421903
0.0020631869
0.0020169869
0.0012476266
0.0019691135
0.002782643
0.0035899328
0.0011512371
0.0003817193
0.0004302548
-0.00038543759
0.0036340642
0.0036752323
0.0028735581
-0.012296386
-0.012632411
-0.011688686
-0.01193295
-0.011542656
-0.011063086
-0.011427031
-0.0096006665
-0.010262429
-0.0098276517
-0.010910087
-0.010674756
-0.010421726
-0.011127075
-0.010688451
-0.010037988
-0.010230139
-0.0097666992
-0.010150918
-0.0091002172
-0.0093580275
-0.0088262728
-0.0092198684
-0.0098816337
-0.0095989307
-0.0099629249
-0.010531598
-0.011854327
-0.011239875
-0.011566493
-0.010609004
-0.010894651
-0.011167335
-0.010310833
-0.010641419
-0.011265571
-0.010952938
-0.011786655
-0.012387348
-0.012128126
-0.010780649
-0.011453394
-0.010352469
-0.0120891
-0.012518836
-0.012923536
-0.013536638
-0.012684216
-0.01163467
-0.015083039
-0.014619064
-0.01549091
-0.014102678
-0.013681464
-0.013235123
-0.014497748
-0.014865793
-0.015394653
-0.015870468
-0.016220368
-0.016540053
-0.016967055
-0.016292483
-0.013738402
-0.012764744
-0.014190117
-0.014648666
-0.015491663
-0.014583665
-0.013710315
-0.0065295516
-0.007150221
-0.0059008551
-0.0077513515
-0.0083848534
-0.0089916264
-0.0095909606
-0.0083311248
-0.0070915695
-0.011210161
-0.010702617
-0.011820895
-0.010162015
-0.0095371987
-0.0088863358
-0.010758119
-0.011323266
-0.011877376
-0.012398501
-0.012939769
-0.013442794
-0.013934706
-0.012885818
-0.0094132154
-0.0082123993
-0.0099069556
-0.010570379
-0.011681727
-0.010360169
-0.0092275358
-0.012850982
-0.013849267
-0.012219987
-0.011785675
-0.010663843
-0.01155263
-0.012625589
-0.0085092414
-0.0092541784
-0.0080429837
-0.0099732916
-0.010426458
-0.010852413
-0.0094945602
-0.0082869721
-0.0075564916
-0.00705179
-0.0058036234
-0.0068003959
-0.010123252
-0.011249379
-0.0093700939
-0.0089527098
-0.0077413128
-0.0086001249
-0.0097563871
-0.019221835
-0.018978574
-0.018688634
-0.018474651
-0.018205435
-0.017888873
-0.018353138
-0.016683533
-0.017126626
-0.016400513
-0.017528858
-0.017778787
-0.017973792
-0.017225402
-0.01686967
-0.016489114
-0.016067514
-0.015686447
-0.015258822
-0.014826782
-0.015605324
-0.017552708
-0.017092493
-0.016914826
-0.016200996
-0.016596122
-0.016265769
-0.017018254
-0.015956439
-0.015433772
-0.014530694
-0.015612669
-0.016432705
-0.013340422
-0.013766929
-0.012751106
-0.014164077
-0.014722569
-0.015235989
-0.013563471
-0.012539438
-0.012125529
-0.011467566
-0.014828588
-0.015701401
-0.014393486
-0.013889453
-0.014845707
-0.015709218
-0.016127416
-0.016516752
-0.017257683
-0.016511738
-0.018186025
-0.017917295
-0.018504401
-0.017607361
-0.017251959
-0.01686018
-0.017925495
-0.018515451
-0.018783976
-0.019023416
-0.019444345
-0.019010526
-0.017170597
-0.017440425
-0.0178306
-0.018412233
-0.017665908
-0.010279476
-0.0096156262
-0.010185748
-0.010918905
-0.011524079
-0.010073049
-0.0094360234
-0.011070032
-0.011241411
-0.011765194
-0.011392821
-0.010676498
-0.0099422655
-0.012089582
-0.012611917
-0.012439047
-0.013088553
-0.013517646
-0.012246919
-0.0097937912
-0.0091911016
-0.009627375
-0.010356466
-0.010878539
-0.0094410983
-0.0088849892
-0.0086781055
-0.0081833539
-0.0076638074
-0.0071001644
-0.0065222358
-0.0059875773
-0.0071205689
-0.0042837401
-0.0048660075
-0.0037131164
-0.0054348668
-0.0060034002
-0.006556551
-0.0048532186
-0.0042601932
-0.0037040209
-0.0031334431
-0.0025473774
-0.0019560385
-0.0013921056
-0.0025491859
-0.0059756219
-0.0053831522
-0.0048419127
-0.0036916503
-0.0047875768
-0.01773714
-0.017825808
-0.017365944
-0.017869849
-0.018230737
-0.018562716
-0.018575513
-0.017869694
-0.017480304
-0.018338031
-0.018463101
-0.018663184
-0.018542244
-0.018198122
-0.017825408
-0.01885711
-0.019142019
-0.019073704
-0.018959062
-0.019224511
-0.01945832
-0.019310187
-0.018798246
-0.017737071
-0.017424691
-0.017604663
-0.017984786
-0.018166596
-0.017427142
-0.017198604
-0.019595304
-0.019686895
-0.019435876
-0.019209192
-0.019731994
-0.019130345
-0.019203548
-0.01884011
-0.01922981
-0.019501272
-0.019730039
-0.018916624
-0.018560012
-0.018510091
-0.018141941
-0.019680959
-0.019585257
-0.019379243
-0.0023401357
-0.0011925799
-0.0027197977
-0.0034929602
-0.004639648
-0.0030948462
-0.0019410972
-0.0057275589
-0.0053740088
-0.0064885695
-0.0050111263
-0.0042410121
-0.0034643449
-0.0057723436
-0.0068840774
-0.0072362832
-0.0079672464
-0.0090118472
-0.0075790536
-0.0038269048
-0.0026830167
-0.0041805376
-0.0049568239
-0.0060710189
-0.0045221645
-0.0034041704
-0.01418875
-0.013627931
-0.0135641
-0.0130322
-0.013659172
-0.014254811
-0.013655112
-0.012405642
-0.012374989
-0.011681151
-0.012366267
-0.012295496
-0.013024901
-0.012403038
-0.011751543
-0.013615106
-0.014171251
-0.013539402
-0.012879228
-0.013429052
-0.013940689
-0.01328675
-0.012191834
-0.011072903
-0.011071888
-0.010372688
-0.011039215
-0.010971192
-0.009653306
-0.0096838656
-0.013788453
-0.01435217
-0.013709796
-0.013176627
-0.012523906
-0.013612735
-0.0142246
-0.012119986
-0.012270868
-0.011548287
-0.01240562
-0.012959976
-0.013497241
-0.011835048
-0.011113895
-0.010962411
-0.010364392
-0.0095922083
-0.010794101
-0.013363684
-0.014016959
-0.013213042
-0.012675538
-0.011953392
-0.013047806
-0.013731211
-0.016246143
-0.016394041
-0.015874182
-0.016048872
-0.015801835
-0.015481766
-0.01567757
-0.014490444
-0.014945935
-0.014606956
-0.015383236
-0.015238024
-0.015070209
-0.015505774
-0.015162596
-0.014702249
-0.014775831
-0.014640699
-0.014879628
-0.01419425
-0.014352938
-0.01401308
-0.017058582
-0.016715416
-0.017111408
-0.017123188
-0.016339163
-0.015859066
-0.016311361
-0.016235544
-0.016733078
-0.016345856
-0.015931949
-0.017092977
-0.017020691
-0.016585445
-0.016907129
-0.016754546
-0.016119489
-0.015495682
-0.015032158
-0.015457488
-0.015376655
-0.014542304
-0.012949716
-0.012308369
-0.012351127
-0.011724227
-0.011642731
-0.009649453
-0.010359847
-0.0096843032
-0.011052
-0.011013281
-0.010955621
-0.011071721
-0.010396609
-0.0097022388
-0.0097026657
-0.0089952126
-0.0089890798
-0.010249919
-0.0095288629
-0.0095977801
-0.0089225754
-0.0087962705
-0.016690271
-0.017188587
-0.01765026
-0.017343569
-0.017007955
-0.017453293
-0.018071562
-0.018530017
-0.018215867
-0.018215768
-0.017856515
-0.018167671
-0.018449878
-0.01751714
-0.017150417
-0.017534566
-0.017873628
-0.017505007
-0.017111528
-0.018783286
-0.019070342
-0.018815199
-0.016764685
-0.0166957
-0.016393767
-0.016791489
-0.016774088
-0.016000293
-0.015958244
-0.01551481
-0.015955607
-0.0158685
-0.01637559
-0.015999691
-0.015585725
-0.01671224
-0.016606567
-0.016183688
-0.016458499
-0.016270942
-0.015739588
-0.015151442
-0.015133926
-0.014698716
-0.015124325
-0.0150538
-0.014228297
-0.014238939
0.0032210066
0.0022859295
0.0028555906
0.0013383334
0.0017091893
0.0020795111
0.0011272298
0.00038418455
0.00096734949
-0.0017359355
-0.00078363996
-0.0013649856
0.00017171896
-0.00019992529
-0.00057161515
0.00054257762
0.00091159418
-4.1921323e-05
-0.00099318509
-0.0006224835
-0.00025588117
-0.0015246548
-0.00094298962
-0.0024704424
-0.0021046862
-0.0028336098
-0.0020118623
-0.0021313643
-0.00294512
-0.0022517184
-0.0013035823
-0.00035025742
-0.00046864903
-0.0023712888
-0.0031934779
-0.00082461861
-0.0007061103
0.00013098469
-0.00058739749
-0.0015411471
-0.0024892668
0.00036882592
0.0013240634
0.0012048391
0.0010858723
0.0020352528
0.002973546
-0.0026053371
-0.0034292091
-0.0027197054
-0.0017764585
-0.0036484262
-0.0082778762
-0.0082789584
-0.0082687987
-0.0075347765
-0.0067875432
-0.0067690992
-0.008245827
-0.0066480958
-0.0066994685
-0.0059023838
-0.0067398451
-0.0074815028
-0.0082095814
-0.005986307
-0.0052226334
-0.0051900952
-0.0051468121
-0.0043841549
-0.0036170987
-0.0035723061
-0.0050923584
-0.008160178
-0.0080984294
-0.007381153
-0.0065863553
-0.008026834
-0.012424974
-0.011656232
-0.01274638
-0.013170878
-0.013887812
-0.013046826
-0.012305146
-0.014669991
-0.014434218
-0.015074777
-0.014173225
-0.013757492
-0.013325224
-0.014571742
-0.015219504
-0.015461171
-0.015828117
-0.013580322
-0.012877114
-0.013810484
-0.014248059
-0.013359137
-0.0093525722
-0.0099612519
-0.010561225
-0.010307214
-0.010033246
-0.010629651
-0.011150321
-0.012337781
-0.011782946
-0.012058768
-0.011213256
-0.011479789
-0.011726443
-0.010927484
-0.010623615
-0.011199327
-0.011760024
-0.011443305
-0.011111292
-0.012287664
-0.01283224
-0.012595836
-0.014397614
-0.014838913
-0.014517674
-0.014599753
-0.015262672
-0.01576989
-0.01539982
-0.015408826
-0.015009564
-0.015350988
-0.015667273
-0.014643785
-0.014649412
-0.01502357
-0.014616028
-0.016051343
-0.01641381
-0.016105253
-0.0051711158
-0.0043873451
-0.0058146818
-0.0059486809
-0.0067166288
-0.0064512091
-0.0056684416
-0.0085906614
-0.0079774329
-0.008716679
-0.007352418
-0.007221454
-0.0070787447
-0.0074714766
-0.0082095717
-0.0088285165
-0.0089264263
-0.0076952213
-0.0069251057
-0.0082982495
-0.0084508221
-0.0081357133
-0.0074290729
-0.0068186765
-0.006705823
-0.0059689845
-0.0061974539
-0.0040724095
-0.0047109206
-0.0039551298
-0.0053434999
-0.0054589163
-0.0055674257
-0.0052213735
-0.0044657855
-0.003832852
-0.0037055381
-0.0049307302
-0.0042899457
-0.0041843097
-0.0027898862
-0.0029954849
-0.0039103431
-0.0032007531
-0.0020524879
-0.00089450886
-0.0010947226
-0.003402119
-0.0043362553
-0.0016833776
-0.0014899991
-0.0005252612
-0.001293581
-0.002450903
-0.0035976377
-0.0001309027
0.0010313938
0.00083173205
0.00063378123
0.0017862592
0.0029237179
0.0027262163
0.00043835648
-0.0037863046
-0.0047295388
-0.0039681583
-0.0028334934
-0.001873634
-0.0041455402
-0.0050791498
0.0047417432
0.0047665918
0.0038450067
0.0047709209
0.0056815005
0.0065798853
0.0065776494
0.0047568924
0.0038498519
0.0064364259
0.0065055665
0.0073349284
0.0065526358
0.0056444695
0.0047251101
0.0074467887
0.0083241116
0.0082821835
0.0082168844
0.0090779204
0.0099139889
0.0098293704
0.0081297393
0.0046757101
0.0037971941
0.0046079763
0.0055258643
0.0063440204
0.0045178102
0.0036874254
0.0029709498
0.0038887055
0.0030158649
0.002027077
0.0010692265
0.0030558917
0.0039955269
0.0011721087
0.0011400153
0.00017659246
0.0011056886
0.0021016747
0.0030901668
0.00010575048
-0.00085616652
-0.00081905243
-0.0018095703
0.003118459
0.004067958
0.0031414727
0.0021622357
0.0041042341
0.010127376
0.010859811
0.010322344
0.0093387605
0.008505305
0.010495623
0.011272272
0.008927455
0.0088078137
0.0079088978
0.0086668971
0.0096719109
0.010645461
0.0076346741
0.0067336889
0.0068674223
0.0058093207
0.0048685711
0.0069800811
0.010771009
0.011584058
0.010872407
0.0099172925
0.0090257359
0.010951838
0.011786214
-0.0035992758
-0.004712125
-0.0030471697
-0.0024630802
-0.0013136379
-0.0024906541
-0.0036259556
0.00036476761
-0.00019333297
0.00095886067
-0.00075316368
-0.0013447716
-0.0019315636
-0.00015827555
0.00099618992
0.0015520075
0.0021418082
0.0032671404
0.0021061008
-0.0013720652
-0.0025123093
-0.00081489513
-0.00022758561
0.00092028919
-0.00026362299
-0.0013926798
0.0032728525
0.0026893609
0.0032710246
0.0032576356
0.0020984177
0.0014502909
0.0020563357
0.0020189731
0.0026591995
0.0020827894
0.0015030413
0.0032311995
0.0031917175
0.002583307
0.0031405972
0.0030814888
0.0019733754
0.00090570897
0.00030827807
0.00087950321
0.00084155344
-0.00028935433
0.0073283792
0.007738156
0.0082038494
0.0081353424
0.0072461292
0.0063407388
0.0067326265
0.0085155436
0.0090069028
0.0078077631
0.0074675214
0.0069147747
0.0071088315
0.008001629
0.0088761925
0.0062007649
0.0052802921
0.0056530528
0.0060078321
0.0050916912
0.0041710274
0.0092156345
0.0097296663
0.009533028
0.0086821498
0.01035514
-0.0059918123
-0.0058406794
-0.005671039
-0.0065963453
-0.0075042458
-0.0073390088
-0.0054865461
-0.006740391
-0.0069561353
-0.0076624886
-0.0071558715
-0.0062299239
-0.0052890187
-0.0080637815
-0.0089507315
-0.0087668222
-0.0085654452
-0.0094447661
-0.010296052
-0.0050795035
-0.0048582702
-0.0058038368
0.004362448
0.0042930916
0.0048352424
0.0044189255
0.0044647451
0.0053043482
0.0052432447
0.0058395314
0.0053875698
0.0054126063
0.004929104
0.0053515111
0.0057676777
0.0045009621
0.0045274734
0.0049798453
0.0045429722
0.0045448425
0.0054238791
0.0062235919
0.0061775118
0.0066710727
0.0062592737
0.0062848608
0.0071109756
0.0070759704
0.010432665
0.011356091
0.0098989736
0.009468964
0.0084731333
0.0093524369
0.010315864
0.0067625408
0.0073405327
0.0063001033
0.0079110327
0.0083592808
0.0087948086
0.007450974
0.0064080687
0.0058292041
0.0053515231
0.0082279955
0.0092170301
0.0076542103
0.0072146541
0.0080784099
-0.011941776
-0.011964671
-0.011202794
-0.011967388
-0.012704041
-0.013409649
-0.013415519
-0.011951319
-0.011200375
-0.013310495
-0.013365783
-0.014024623
-0.013400808
-0.012673939
-0.011917026
-0.014095261
-0.014754941
-0.014740082
-0.014704552
-0.015346953
-0.015948364
-0.01186467
-0.011132369
-0.011793976
-0.012565591
-0.011001155
-0.0095577995
-0.0088841494
-0.0094408609
-0.010216038
-0.010852854
-0.0093048611
-0.0086462606
-0.010375219
-0.010554203
-0.01113979
-0.01071356
-0.0099418319
-0.0091510087
-0.011464223
-0.012047064
-0.011882022
-0.012598775
-0.013117495
-0.011697131
-0.0089800134
-0.0083429327
-0.0087920697
-0.0095914613
-0.010176531
-0.0085858745
-0.0079811531
0.0073419047
0.0066468451
0.0071084868
0.0059395444
0.0061685573
0.0063864758
0.0056740392
0.0052220226
0.0057007081
0.0034921472
0.0042255976
0.0037100006
0.0049533374
0.0047302089
0.004496665
0.005165254
0.0053643002
0.0046447851
0.0039185542
0.0041160763
0.004299191
0.0035845442
0.0031861793
0.0037659038
0.0042521629
0.0030322567
0.0032660803
0.0027543275
0.0022981657
0.0027893208
0.0027730838
0.0025674719
0.0019466097
0.0011117827
0.0023557855
0.00045918468
0.0006790406
-0.0001605568
0.00089679637
0.0015188162
0.0021384022
0.00027345919
-0.00056425007
-0.00078002568
-0.0013974663
-0.0022227503
-0.00099821679
0.0019162514
0.0016910783
0.0010771745
0.00023899648
0.0014669846
-0.010366209
-0.010423878
-0.0096964112
-0.0089982061
-0.01046767
-0.0090647626
-0.009055433
-0.0083141739
-0.0090332288
-0.0097741542
-0.010496965
-0.0082759419
-0.0075333742
-0.0075496933
-0.006774455
-0.0060037386
-0.007552474
-0.010511642
-0.010512216
-0.0097984789
-0.009061522
-0.010500648
-0.0010960805
-0.0019848287
-0.0017176524
-0.0028762388
-0.0022459263
-0.001608262
-0.0025017433
-0.0037650862
-0.0034982225
-0.0051449888
-0.0042727797
-0.0045126916
-0.0033908488
-0.0040232901
-0.0046470644
-0.0027515953
-0.0021078634
-0.0029942619
-0.0038724823
-0.0032278117
-0.0025835004
-0.0034484274
-0.0047413513
-0.0055183323
-0.0052609139
-0.0063750787
-0.0057665821
-0.0060053215
-0.0072136364
-0.0069691062
-0.0017826398
-0.002021873
-0.00097223544
-0.0015401102
-0.0012934699
-0.00015693847
-0.00040497352
0.001159098
0.00034223394
0.00059277411
-0.00047595551
9.2051089e-05
0.00065945837
-0.0010432929
-0.00079079614
2.6101066e-05
-0.00053809166
0.0014735287
0.0012255984
0.0022818533
0.0017227491
0.0028360002
-0.0036394157
-0.0028362552
-0.0036521938
-0.0044413894
-0.00523595
-0.0036569584
-0.0028559143
-0.0052150494
-0.0052320327
-0.0060003597
-0.0052389589
-0.0044500753
-0.0036541211
-0.0060187558
-0.0067861867
-0.0067746355
-0.007534758
-0.0082611499
-0.0067533437
-0.0036436008
-0.0028530444
-0.0036246695
-0.0044219377
-0.0051872679
-0.0035947904
-0.0028274679
-0.015708367
-0.015430566
-0.01510227
-0.01445699
-0.015115271
-0.013356845
-0.013756993
-0.013028172
-0.014124092
-0.014453481
-0.014763604
-0.013776
-0.013062574
-0.012682394
-0.01232024
-0.011552981
-0.012268748
-0.014377188
-0.013958519
-0.013667404
-0.012925393
-0.013512205
0.011429838
0.01101445
0.010868559
0.010573507
0.011137797
0.011688789
0.011235395
0.01011046
0.0099963181
0.0097501121
0.010264574
0.010302688
0.010760071
0.010200373
0.0096276932
0.011305891
0.01183677
0.011348839
0.010841553
0.011364738
0.011869941
0.0091271565
0.0090426991
0.0086105131
0.0091855544
0.0080257712
0.00549035
0.0059343052
0.0064308875
0.0073601749
0.006371564
0.008638608
0.0082229969
0.0091211957
0.0077966215
0.0073054145
0.0068009824
0.0082733918
0.0091660814
0.0095866105
0.010033297
0.0072211045
0.0076301332
0.008140734
0.0039976724
0.003442636
0.003813915
0.0045495047
0.0050919649
0.0036220296
0.0030740746
0.0044744321
0.004688419
0.0052016844
0.0048943898
0.0041612516
0.0034232899
0.0056213892
0.0061351809
0.005921516
0.006631322
0.0032184473
0.002681459
0.0030076441
0.0037422598
0.0022725807
-0.005580724
-0.0063600466
-0.0071347469
-0.0067054134
-0.0062645775
-0.0070397862
-0.0079005118
-0.0092893543
-0.0085541359
-0.0088589662
-0.0078036713
-0.008234422
-0.0086538069
-0.0073622842
-0.0069113474
-0.007671709
-0.0084172853
-0.0079662829
-0.0075088381
-0.0082427113
-0.0091475699
-0.0093915841
-0.010110862
-0.0097070081
-0.01000791
-0.010808709
-0.009050862
-0.0095042356
-0.0098471495
-0.010626957
-0.0099450807
-0.011883899
-0.011481388
-0.012215952
-0.011062134
-0.010723746
-0.01037209
-0.011386706
-0.012123241
-0.01253262
-0.012833182
-0.010783793
-0.011178327
-0.011537517
-0.0022840934
-0.0028484019
-0.0031769033
-0.0040663783
-0.003409561
-0.0057284715
-0.0051825404
-0.006053839
-0.0046281195
-0.0043003075
-0.0039657991
-0.0049484312
-0.0058192279
-0.0063694532
-0.0066745162
-0.0045150092
-0.0050545411
-0.005394656
-0.0073998034
-0.0075765106
-0.0067971056
-0.0061778196
-0.007741022
-0.0066273221
-0.0064895492
-0.0058441257
-0.0063395891
-0.0071224361
-0.007891956
-0.0055453066
-0.0049023507
-0.0050511207
-0.0042515254
-0.0080286468
-0.0081511524
-0.0073975075
-0.0014103543
-0.0022135154
-0.0007952391
-0.00059956597
0.00021534182
-0.00017783404
-0.00099238715
0.0020693661
0.0014534777
0.0022663641
0.00083510209
0.00063801337
0.00043997983
0.0010308878
0.001843577
0.002459753
0.002649319
0.0010561147
0.00024201251
0.0016680646
0.0018694791
0.001467984
-0.0022311017
-0.001618422
-0.0022378363
-0.0022408884
-0.0010012829
-0.00037997516
-0.0010016278
-0.00099782547
-0.001622307
-0.0010027775
-0.00038214832
-0.0022395785
-0.0022338996
-0.0016135192
-0.0022245098
0.00023687666
0.00085392831
0.00023790558
-0.0040491101
-0.0034801379
-0.0047707254
-0.0029031527
-0.0021569193
-0.0014050251
-0.00081615829
-0.0023193117
-0.0036433236
0.00094896405
0.00036273427
0.0017050981
-0.00022631773
-0.00098137058
-0.0017311084
0.00053091943
0.0012873005
0.0018742166
0.0024578128
0.0032031304
0.0039376871
0.0045047203
0.0030372174
-0.0011417006
-0.0024724494
-0.00055514824
0.00019375131
0.0015302676
2.2814234e-05
-0.0012897245
0.0044977755
0.0054534447
0.0064024722
0.0063474068
0.0062687613
0.0072185788
0.0073397816
0.0099505595
0.0090629372
0.009870803
0.0081511423
0.0082177109
0.0082601622
0.0080606839
0.0079472317
0.0088676703
0.0097645225
0.0096328932
0.0094786044
0.010347037
0.010635452
0.0091585369
0.010029731
0.010003343
0.010810982
0.010868544
0.0031874027
0.0044892021
0.0024265657
0.0018586638
0.00051543891
0.0016587228
0.0029899473
-0.0017927805
-0.0010277134
-0.0023664685
-0.00025724705
0.00031669916
0.00088795186
-0.00083175446
-0.0021727819
-0.002935162
-0.0034963672
0.00011856092
0.0014542372
-0.00064412764
-0.001217295
-7.9159443e-05
0.0084816502
0.0092161071
0.007451153
0.0077060195
0.006894021
0.0063942952
0.007183471
0.0036266843
0.0047288724
0.0038615372
0.0058195084
0.0055747803
0.0053175593
0.0060511559
0.0051836227
0.0040864758
0.004299657
0.003413392
0.0029798686
0.0042273175
0.0050480533
0.0031303648
0.0033829327
0.0025162615
0.0020336967
0.0028669171
0.0099773131
0.0094753338
0.0092958362
0.0089389843
0.0096212091
0.010288379
0.0097297047
0.0083727451
0.0082429916
0.0078862828
0.0085261126
0.0085473094
0.0091413361
0.0084677064
0.0077800289
0.0097993919
0.010440196
0.0098297524
0.0091932369
0.0098213706
0.010428731
0.0097778339
0.0085330407
0.007164189
0.0070795961
0.006528612
0.0072126535
0.0072226964
0.005874687
0.0058350305
0.010962178
0.010902668
0.011483133
0.010976431
0.010947884
0.011989296
0.01195822
0.012373856
0.011915652
0.011812938
0.011440055
0.011974379
0.012478693
0.010877305
0.010764918
0.011224129
0.010610798
0.010414548
0.011665018
0.012949672
0.012952585
0.013401081
0.012904017
0.012814146
0.013833189
0.013864788
0.011290798
0.011316827
0.010391151
0.01132343
0.012212205
0.013066558
0.013067761
0.011311797
0.010402046
0.012950343
0.013009606
0.013789248
0.013048745
0.012182478
0.011282384
0.013877539
0.014665044
0.014636712
0.014587461
0.015340712
0.016044447
0.015985088
0.014517437
0.011235215
0.010351286
0.011169755
0.01207531
0.012870882
0.011084156
0.01024096
0.0010618126
0.00023747583
0.00098891766
-0.00059185139
-0.00052032601
-0.00044632143
-0.0012803829
-0.0014224914
-0.00066018934
-0.0037597242
-0.002939145
-0.0036889938
-0.0021120561
-0.0021827672
-0.0022510132
-0.0020389732
-0.0019639637
-0.002792335
-0.0036140575
-0.0035357393
-0.0034557721
-0.0042616699
-0.0044284006
-0.0030740998
-0.0023170983
-0.0038882422
-0.0038259907
-0.0045724622
-0.0046899334
-0.0039485931
-0.0024857671
-0.001502732
-0.0017335921
-0.00097576369
-0.00051205949
0.001997512
0.0010085182
0.0017654822
1.6241944e-05
0.00024855856
0.00048080284
-0.00021575597
0.00054269793
0.0015306587
0.0012948889
0.0014703198
0.0024502604
0.0022257916
0.015841082
0.016475017
0.015599852
0.015143769
0.014389379
0.01532114
0.016032678
0.013359166
0.013735173
0.012869009
0.014079045
0.014553778
0.015006033
0.013582925
0.01272914
0.012359793
0.011833275
0.014656181
0.015434894
0.014274189
0.0138283
0.014694364
0.00080114279
4.8368824e-05
0.0015824033
0.0015582729
0.0023154436
0.0023634072
0.0016015894
0.0046405231
0.0038722678
0.0046144968
0.0030967186
0.0031208966
0.0031411611
0.0030686867
0.0038138202
0.0045826297
0.0045455559
0.0052557942
0.0053429258
0.0039127737
0.0031578341
0.0046752975
0.0046605882
0.0054004119
0.0054261108
0.0046871119
-0.0017600101
-0.0023617262
-0.0029595408
-0.0034354183
-0.0038996286
-0.0045034925
-0.0035521306
-0.0062484149
-0.0056798674
-0.006720781
-0.0050974756
-0.0046224423
-0.0041367981
-0.0055598653
-0.0060082814
-0.0065989789
-0.0071769411
-0.0076148659
-0.0080340362
-0.004710191
-0.0052679346
-0.0057627366
0.0044386311
0.0051655486
0.0043843244
0.0036903643
0.0029297338
0.0043257167
0.0050710613
0.0027365888
0.0028028272
0.0020337083
0.0028673166
0.0035677948
0.004262733
0.0021623297
0.0013922112
0.0013283918
0.00062316074
-0.00013944401
0.0012618668
0.0041957158
0.0049516919
0.0041257001
0.0034346564
0.0026689504
0.0040554142
0.0048085194
0.011561735
0.010642755
0.012026734
0.012456308
0.013317573
0.012477525
0.011581979
0.014548322
0.014157265
0.014935022
0.013746713
0.01333718
0.012912423
0.014140376
0.014920698
0.015304046
0.015654357
0.01633554
0.015667246
0.013329649
0.012472817
0.013727201
0.014145189
0.014919335
0.014102922
0.013296436
0.011255691
0.011248569
0.011631986
0.011229331
0.011171641
0.011995386
0.012017907
0.012169608
0.011851562
0.011733088
0.011518757
0.011939106
0.012344345
0.011083891
0.010966602
0.011282483
0.010819678
0.012677674
0.01273431
0.012994712
0.0125905
0.013382789
0.0086861934
0.009184871
0.0080623432
0.0081576815
0.0076015897
0.0074267996
0.0079577498
0.0056251532
0.0062915959
0.0056898701
0.0069507041
0.0068712985
0.0067817739
0.0070201584
0.0064164731
0.0057467274
0.0057953912
0.0061293266
0.0066818281
0.0054713118
0.005552526
0.0053792488
-0.0042637178
-0.0034559243
-0.0026376131
-0.0029560676
-0.0032721971
-0.0024497791
-0.0018123171
3.6402371e-05
-0.00079365434
-0.000281517
-0.0016229954
-0.0013043334
-0.00098341383
-0.0019386975
-0.0022500884
-0.0014249009
-0.00059806246
-0.00091124617
-0.0012176141
-0.00040223943
0.00023013525
-0.00015420017
0.00067169328
0.00035439253
0.00086542494
0.0014902295
-0.010585486
-0.0097445073
-0.008874841
-0.0089515438
-0.009017025
-0.0081330501
-0.007981336
-0.0053737823
-0.0063082248
-0.0054465894
-0.0072290196
-0.0071541203
-0.0070684131
-0.0072930056
-0.0073457211
-0.006435494
-0.0055107313
-0.0055654115
-0.0056088624
-0.0061404671
-0.0052026055
-0.0052925697
-0.0061750087
-0.0052906202
-0.0067330421
-0.0070491242
-0.0079084593
-0.00728218
-0.0063968875
-0.009523094
-0.0089981522
-0.0098239315
-0.0084595794
-0.0081499153
-0.007820841
-0.0087487761
-0.0095659554
-0.01010166
-0.01035544
-0.0083471071
-0.0074743053
-0.00885866
-0.0092005438
-0.0085025249
0.0045490851
0.0046988367
0.0039102543
0.0048380372
0.0054846982
0.006124188
0.0062607529
0.0049676172
0.0041844654
0.006596208
0.006496906
0.007236729
0.0063849595
0.0057396551
0.0050874819
0.0070223141
0.0076506657
0.0077657002
0.0078678341
0.0084876042
0.009094486
0.0051970967
0.0044294711
0.0052953082
0.0059483227
0.0046394908
0.015598218
0.016195716
0.015297196
0.014957439
0.014278032
0.014967121
0.015617918
0.013157599
0.013556723
0.012802343
0.013930485
0.014279121
0.014608954
0.013563653
0.012817764
0.012430902
0.01204431
0.01422401
0.014919348
0.013814201
0.013495394
0.014112134
0.016746431
0.016431099
0.016093279
0.016489914
0.016856645
0.016509511
0.015734522
0.015345994
0.015753553
0.015704654
0.016141585
0.015763582
0.015356062
0.016489201
0.016805191
0.016429194
0.016033361
0.016330521
0.016593858
0.014958974
0.014544182
0.014958752
0.0004460989
0.00115083
0.0010336078
0.001621082
0.0018562664
0.0037339834
0.0030334235
0.0036137032
0.0023287492
0.0024469146
0.0025601023
0.0022059591
0.0027853078
0.0034870961
0.003355376
0.0032600452
0.0039538171
0.0038473285
-0.0075213246
-0.0069973629
-0.0065087646
-0.0054728493
-0.0064632192
-0.0038291547
-0.0043822483
-0.0033201913
-0.0049305013
-0.0054312905
-0.0059205321
-0.0044195314
-0.0033544298
-0.0028045601
-0.0022840676
-0.0053712824
-0.0048179428
-0.0043293367
0.005006122
0.0042492329
0.0034821853
0.0038030652
0.0041200802
0.0033490015
0.0027079039
0.0010120688
0.0017934834
0.0013303047
0.0025729682
0.0022530498
0.0019293132
0.0028883791
0.0031978958
0.002423034
0.0016454661
0.0019555807
0.0022572901
0.001149311
0.00037104036
0.00069206172
0.0086493956
0.0096301431
0.0080677518
0.0076325134
0.0065873914
0.0074728367
0.0084893557
0.0047468731
0.00536782
0.0042883675
0.0059817562
0.0064308619
0.0068666668
0.0055204866
0.0044380209
0.0038212581
0.0033470931
0.0062515059
0.0072880118
0.0056301196
0.0051949394
0.0060484931
0.0096924223
0.0097435428
0.0091228915
0.0085362506
0.0097816187
0.0086039765
0.0085939798
0.0079792789
0.0085713632
0.0091952284
0.0098058358
0.0079353115
0.0073223767
0.0073437994
0.0066995787
0.0060686203
0.0073520322
0.0098159915
0.0098125156
0.0092158346
0.0086018751
0.009797122
0.0059326886
0.0059796622
0.0066062663
0.0072720532
0.0060169917
0.0073495757
0.0073351099
0.0079754959
0.0073092859
0.0066817386
0.0060450271
0.007926633
0.0085672293
0.0085900516
0.0091913541
0.0060636415
0.006072167
0.0067143264
0.0090337935
0.0094303913
0.0094791101
0.0086089466
0.0081607148
0.009906074
0.010326948
0.0093748304
0.0089910175
0.0085006172
0.0085858806
0.009460017
0.010311816
0.0076921822
0.0072057789
0.0076085807
0.0067035439
0.0061860808
0.0079895267
0.010694368
0.011138647
0.011052446
0.010226885
0.0097368901
0.011386164
0.011846905
0.010361239
0.0096773208
0.011104776
0.011024238
0.011663552
0.011827571
0.011155839
0.013752417
0.013084366
0.013665929
0.012387389
0.012470898
0.012526055
0.012275862
0.012857913
0.013550096
0.013406144
0.013915812
0.014213117
0.013196839
0.0125534
0.013836372
0.013809115
0.014389413
0.014440457
0.013836122
0.0091423799
0.0098781246
0.0098274591
0.01059892
0.0099030792
0.0091834292
0.0099044284
0.011299733
0.011270024
0.01193033
0.011280139
0.011231435
0.010604178
0.01130288
0.011976771
0.0098828304
0.0091412992
0.0098384109
0.01051014
0.0097706946
0.0090185492
0.012626931
0.012624139
0.013247448
0.012603359
0.013860125
0.0043924666
0.0035783998
0.0052200878
0.0052007501
0.0060000072
0.0060382411
0.0052230816
0.0084150956
0.0076268621
0.0083950185
0.0068211118
0.0068402837
0.0068433499
0.0067861956
0.0075550019
0.0083566652
0.0083013645
0.0076318825
0.006830878
0.0083998986
0.0084165335
0.0083677054
0.011469469
0.011679875
0.011850629
0.011227096
0.010956112
0.012207338
0.012456951
0.011910074
0.01161938
0.011283895
0.011300979
0.011927535
0.012537014
0.010658495
0.010335778
0.010642817
0.0099891686
0.0096185342
0.010920846
0.012837912
0.013128376
0.013108995
0.012519151
0.012173047
0.013350749
0.013677734
0.014339101
0.014810398
0.014179123
0.015253742
0.015413938
0.015543123
0.015986746
0.015667861
0.015062589
0.017122648
0.016777485
0.017278664
0.016398491
0.016240021
0.016051115
0.016526123
0.016622933
0.017029664
0.017402815
0.017494939
0.017555695
0.017919051
0.017742003
0.01640185
0.015832591
0.016718185
0.016935414
0.017432724
0.016997406
0.016473178
0.01939708
0.019139995
0.019365382
0.018845701
0.01886695
0.01884675
0.018547141
0.018515315
0.018783078
0.017440502
0.017843153
0.017440709
0.018212348
0.018201773
0.01815018
0.018181959
0.018110409
0.017773194
0.017401633
0.017323237
0.017204998
0.016835418
0.016996153
0.017751835
0.018057194
0.017322143
0.017401016
0.017005436
0.016863283
0.017202924
0.0051838751
0.0057083333
0.0055936229
0.0046381994
0.0040776423
0.005995513
0.0065354129
0.0052510932
0.0048698464
0.0042892549
0.004478256
0.0054393355
0.0063866212
0.0035062854
0.0029272712
0.0033183342
0.0023432316
0.0017555849
0.0036990387
0.0067649702
0.007317431
0.0071293217
0.0061993503
0.0056213731
0.0074799462
0.0080356825
0.014684649
0.014227281
0.015170542
0.01510816
0.015496605
0.015637154
0.015193704
0.016832819
0.016409957
0.016737799
0.015964288
0.016042681
0.016082959
0.015848266
0.016161443
0.016604486
0.016434257
0.016663941
0.017024508
0.016506429
0.01608558
0.016906009
0.016888876
0.01723212
0.017280151
0.016885681
0.016952795
0.017166283
0.0173405
0.017632195
0.017899428
0.018057651
0.017475091
0.018279464
0.018247898
0.018566724
0.018173847
0.017883533
0.017569431
0.018439884
0.01868127
0.018776836
0.018829453
0.019066908
0.019278588
0.019309008
0.018839243
0.017622962
0.017635058
0.017968558
0.018267876
0.017604306
0.017191965
0.01761975
0.016797614
0.016724931
0.016220611
0.016373798
0.016841044
0.014849335
0.015332899
0.014762041
0.015790327
0.015870693
0.015922016
0.015681169
0.015109028
0.014647979
0.014507222
0.013879889
0.014160178
0.015444012
0.015943654
0.014941991
0.014909543
0.014340772
0.014418802
0.014944814
0.010091467
0.010742245
0.010543957
0.010974471
0.011380142
0.012819189
0.012221866
0.012602727
0.01160656
0.011813911
0.012002707
0.011381163
0.011762083
0.012367481
0.012114813
0.012435473
0.012954278
0.012607678
0.013192862
0.013016008
0.013397653
0.01375643
0.00059026619
0.0011629378
0.00095407348
7.5719241e-06
-0.00057875821
0.0013190427
0.0018967967
0.000516052
0.00015071231
-0.00043511187
-0.00021444068
0.00073608429
0.0016834449
-0.0011651286
-0.0017487963
-0.0013844796
-0.0023272274
-0.0028983623
-0.0010199376
0.0020460865
0.0026254841
0.0024062768
0.0014646595
0.00088122216
0.0027643904
0.003336167
-0.0020792122
-0.0011348847
-0.0012502903
-0.00041593074
-0.0001848344
0.0024301244
0.0014852345
0.0023146321
0.00053554722
0.00065112686
0.00076632533
0.00041979133
0.0012528727
0.0021971427
0.0020785797
0.0028896591
0.0031361865
0.0017142526
0.0026542659
0.0025432681
0.0033676743
0.0035806279
0.010467178
0.0097244703
0.011090315
0.011191516
0.011894037
0.011694901
0.010966108
0.013630909
0.013075819
0.013723961
0.01249639
0.012398755
0.012278669
0.012571409
0.013220473
0.013792826
0.013837777
0.012839312
0.012136844
0.013374201
0.013513985
0.013213973
0.019676734
0.019594707
0.019442216
0.019472198
0.019701317
0.019891488
0.019760699
0.019310188
0.019204386
0.019130458
0.019379682
0.019342931
0.019589921
0.019368771
0.019109423
0.019772291
0.019915256
0.019736092
0.019517298
0.019652677
0.019747939
0.019523441
0.019259006
0.01887071
0.018812382
0.018594985
0.018880797
0.018842637
0.01828298
0.018273843
0.010963407
0.011758084
0.010519737
0.010137968
0.0092863385
0.010055723
0.010882021
0.0078323199
0.0083331476
0.0074422146
0.0088182127
0.0092052536
0.0095728786
0.0084128251
0.007521788
0.0070370454
0.0066182527
0.0090732085
0.009919432
0.0085594498
0.0082055408
0.008890023
0.016156546
0.015858786
0.016424862
0.015541068
0.015249723
0.014924394
0.014600896
0.015203654
0.015798528
0.013522145
0.013899275
0.013193883
0.014259052
0.01457003
0.014847357
0.01391552
0.013540257
0.013197096
0.012835938
0.012449917
0.012037082
0.014473277
0.015089513
0.014082813
0.013819106
0.014309848
0.0069173886
0.0078263961
0.0063416555
0.0059852187
0.0050357348
0.0057543958
0.0066907085
0.003235534
0.0038415273
0.0028715535
0.0044420424
0.0048035443
0.005157618
0.0040737438
0.0031038248
0.0025031825
0.0021312118
0.0045535488
0.0055034567
0.0039450129
0.0035939259
0.0042860787
0.014855896
0.014845474
0.015252342
0.014831835
0.014774833
0.015627429
0.015650384
0.015793993
0.015478075
0.015352951
0.015138093
0.015569656
0.01597942
0.014685568
0.014564485
0.01489162
0.014411853
0.01630698
0.016366882
0.016609118
0.016213167
0.016981097
0.014060161
0.013597189
0.013912655
0.014500105
0.014913441
0.013738717
0.013300627
0.014302851
0.014532869
0.014886166
0.014736563
0.014150024
0.013539529
0.015297831
0.01565161
0.015443816
0.015973576
0.016263336
0.015209483
0.013315945
0.012906374
0.013068545
0.013696127
0.014046493
0.012796863
0.012422925
0.013080525
0.013343651
0.013707748
0.014314123
0.013586458
0.014980277
0.014781268
0.015341236
0.014559068
0.014195894
0.01380833
0.014897046
0.015454242
0.015675958
0.015983449
0.016482263
0.015874527
0.014008409
0.014185528
0.014594421
0.015155323
0.014337749
0.016583022
0.016271784
0.016648848
0.016677951
0.015931615
0.015526945
0.015937766
0.015885956
0.016321696
0.015952971
0.015564054
0.016669658
0.016623961
0.016224609
0.016541624
0.015170475
0.014752177
0.015148697
0.0096802999
0.0090481155
0.0096183054
0.010301079
0.01090623
0.0095404088
0.0089180213
0.01062402
0.010734765
0.01130346
0.0108289
0.010146605
0.0094474358
0.011492777
0.012058378
0.011963292
0.012600966
0.013118885
0.011851685
0.0093397544
0.0087330228
0.0092172915
0.0099276015
0.010496378
0.0090788136
0.0084969494
0.0079491942
0.0080632046
0.0073823477
0.0068004817
0.0081663486
0.0070691773
0.0069901782
0.0063839924
0.006900553
0.0075847582
0.0082576802
0.0062063752
0.0056022609
0.0056902266
0.0049902029
0.0043718784
0.005767018
0.0083368453
0.0084041099
0.00774343
0.0071380315
0.0084611418
0.018231482
0.01814417
0.018511147
0.018755904
0.01802234
0.018283927
0.018476079
0.018648036
0.018633526
0.018267336
0.017866738
0.018964365
0.019135651
0.018976978
0.019269289
0.017677995
0.017456687
0.017886204
0.012014005
0.012252391
0.011577454
0.011116913
0.012470434
0.011699766
0.011526644
0.011021868
0.011332176
0.012009933
0.012666593
0.010634859
0.010133342
0.010325787
0.0096142557
0.012840005
0.012990425
0.012356878
0.0037112568
0.0038372999
0.004532948
0.0053480229
0.0039574017
0.005674805
0.0055739342
0.0063635595
0.0054649377
0.0047710674
0.0040716378
0.006151987
0.0069412359
0.0070434694
0.007712252
0.0041796453
0.0042804859
0.0049795575
0.01760176
0.017956783
0.017559687
0.017213525
0.016794379
0.0174928
0.01787942
0.016509554
0.016628649
0.0161533
0.016723643
0.017075501
0.017400997
0.016346162
0.015870621
0.015772895
0.015369694
0.017284543
0.017699307
0.01714411
0.016840318
0.01741899
0.01922852
0.01898813
0.019109882
0.018952923
0.018722019
0.018048929
0.018374689
0.01814509
0.018676182
0.018567173
0.018431104
0.018758014
0.018525952
0.018214939
0.018258097
0.018116315
0.017778647
0.017926731
0.0090595552
0.0086320673
0.0099013842
0.0094656001
0.0098497849
0.010724496
0.010313498
0.012239924
0.011468763
0.011799903
0.010671276
0.01110982
0.011524809
0.010210579
0.010546074
0.011336782
0.010853657
0.011128643
0.012101022
0.012298679
0.011915494
0.013042456
0.012654627
0.012982843
0.01375234
0.013403183
0.01994349
0.019811099
0.020095512
0.020027748
0.020063629
0.020203094
0.020118399
0.02023518
0.020223878
0.020159964
0.020166624
0.020238264
0.020265573
0.020050903
0.019989595
0.020041349
0.019879992
0.019722404
0.020046618
0.020282626
0.020248459
0.020254224
0.020266635
0.020200498
0.020180514
0.02019795
0.011408406
0.011923817
0.01241556
0.012696983
0.012945532
0.013443434
0.012882788
0.014762405
0.014352862
0.015036598
0.013912801
0.013634121
0.013323612
0.014158882
0.014372291
0.01483954
0.015276542
0.015481632
0.015652324
0.016080854
0.0156828
0.013735929
0.014117242
0.01445523
0.015139903
0.014463974
0.015191474
0.01579088
0.014696788
0.014551146
0.013873002
0.014169647
0.014809185
0.012196927
0.012783992
0.012042471
0.01334321
0.0134939
0.013612122
0.0131605
0.012417464
0.011859549
0.011648556
0.013026709
0.013696765
0.012416618
0.01232209
0.012477571
0.0193157
0.019555142
0.019326262
0.019026265
0.018689059
0.019309723
0.019580776
0.018551108
0.018624001
0.018212013
0.018670007
0.018990378
0.019265911
0.018305952
0.017878974
0.017831161
0.017410627
0.016904037
0.01775596
0.019194922
0.019495583
0.019097136
0.0188467
0.018451581
0.018973335
0.019300369
0.01551322
0.016034307
0.015501947
0.016523917
0.016531323
0.0164996
0.016990866
0.016980131
0.016477233
0.018243916
0.017864252
0.01824288
0.017446148
0.017442877
0.017400899
0.017410732
0.017337127
0.017788908
0.018202471
0.018123308
0.018006971
0.018411186
0.018577261
0.01778431
0.017320701
0.018128391
0.018205556
0.018583855
0.018430658
0.018014037
0.016774889
0.016950478
0.017045945
0.016555761
0.016295623
0.017285839
0.01750251
0.016892322
0.01672622
0.016385622
0.016527129
0.01702661
0.01749308
0.015996044
0.015658399
0.015848714
0.015284056
0.014873934
0.016005332
0.017666738
0.017925367
0.017806403
0.017366623
0.017025365
0.017912617
0.018209505
0.017591484
0.017098476
0.017941485
0.0180448
0.01845598
0.01825371
0.017800473
0.019249683
0.019026431
0.019343287
0.018761585
0.018662813
0.018526786
0.018822874
0.019143667
0.019398922
0.019416637
0.01963974
0.01961219
0.018759482
0.018354027
0.018950535
0.019118484
0.019430476
0.019098158
0.01874735
0.017576291
0.017871288
0.017108322
0.017238737
0.016859531
0.016605284
0.016946091
0.015230981
0.015805037
0.015347598
0.016348372
0.016224705
0.016069434
0.016440197
0.01598273
0.015434162
0.015489905
0.014965926
0.014854352
0.015503159
0.015882382
0.014909231
0.015084794
0.014627622
0.014290769
0.014703388
0.02014117
0.020088383
0.020072445
0.020151064
0.020117533
0.019974691
0.01996462
0.019694251
0.019864229
0.019743863
0.020005379
0.019941257
0.019848218
0.020040536
0.019920448
0.019765196
0.01975813
0.019693387
0.019726247
0.019510641
0.019616476
0.019376611
0.012675856
0.011902131
0.013290394
0.013425142
0.014144899
0.013877671
0.013135958
0.015764593
0.01525884
0.015893128
0.014718348
0.0145862
0.014434829
0.014831074
0.015480192
0.016001193
0.016088784
0.016652534
0.016486892
0.014959231
0.014264655
0.015448059
0.015615975
0.016233881
0.015897515
0.015262278
0.012401527
0.012375994
0.012920524
0.012393959
0.012355585
0.013424847
0.013414942
0.013813943
0.013345069
0.01325681
0.012858671
0.013401149
0.013912623
0.012287055
0.012188677
0.012671207
0.012060589
0.014382252
0.014392273
0.014832394
0.014339891
0.01529003
0.015077794
0.015666178
0.015418532
0.015724829
0.016226037
0.017287988
0.016800492
0.017030058
0.016278927
0.01653221
0.016754661
0.015995454
0.016229167
0.016741704
0.016424508
0.016578981
0.017219649
0.017249673
0.017708782
0.017514431
0.017740174
0.018129712
0.0051795453
0.0046339427
0.0060562131
0.0057149725
0.006238245
0.0069236252
0.0063876037
0.0087721295
0.00794501
0.0084274949
0.0070995162
0.00744315
0.0077773176
0.0067470087
0.0072387875
0.0080730654
0.0077104352
0.0081564605
0.008888
0.0086133868
0.0081017374
0.0094280221
0.0091058519
0.0095791664
0.010217482
0.0097390204
0.0092173564
0.0099034059
0.0093315185
0.0085008735
0.0077601938
0.0094353184
0.01014153
0.008031091
0.0079506723
0.007177726
0.0078603278
0.0087040538
0.0095279468
0.0069994089
0.0062221247
0.0063100156
0.0054321933
0.009609109
0.010329898
0.0096790434
0.0088662178
0.010464828
0.013990048
0.014457324
0.014124705
0.013482714
0.012940147
0.014235089
0.0147396
0.01317687
0.013122081
0.012518144
0.013043069
0.013695074
0.014320174
0.01236582
0.011762759
0.011836207
0.011133984
0.010482213
0.011884817
0.014379548
0.014916852
0.014413476
0.013809627
0.013207706
0.014423644
0.014984977
0.019837878
0.019824554
0.019993307
0.020104696
0.019771695
0.01982154
0.019955988
0.019980082
0.020050462
0.019886456
0.019679631
0.020171239
0.020192584
0.02009599
0.020168774
0.020100255
0.019958795
0.019548751
0.019379544
0.019621041
0.019647348
0.019172322
0.017045101
0.017461658
0.017144652
0.017202807
0.017839892
0.018151149
0.017877328
0.017831009
0.017560779
0.017880264
0.018177331
0.017219383
0.017194303
0.017489408
0.017127513
0.017018155
0.017740577
0.018472163
0.018723053
0.018448792
0.018381775
0.018929419
0.01703788
0.016952978
0.017390873
0.017708176
0.016844854
0.017288338
0.017451797
0.017698475
0.017591818
0.017166975
0.016714118
0.017987817
0.018228538
0.018079349
0.018429515
0.018590463
0.017906654
0.016561177
0.016386214
0.01685038
0.017101484
0.016188753
0.009012436
0.0093809063
0.0098559292
0.010681426
0.0097373396
0.011695951
0.011373137
0.012154771
0.011034767
0.010566498
0.010080894
0.011484701
0.012262055
0.012593134
0.013009601
0.013722546
0.012908734
0.010410426
0.010724398
0.011218395
0.012002484
0.011020515
0.018748671
0.018627663
0.019037445
0.018828425
0.018867258
0.019295515
0.019210496
0.019524959
0.019338432
0.019296546
0.019119018
0.01933809
0.019521727
0.018865136
0.018822074
0.019033844
0.018738155
0.018613146
0.019212237
0.019715205
0.01966957
0.019875279
0.019718111
0.019678268
0.020001516
0.019996033
0.018815267
0.01849342
0.018976559
0.019107762
0.019369473
0.019111343
0.018816801
0.019679307
0.019604034
0.019801085
0.019500689
0.019373942
0.019219201
0.019599242
0.019796174
0.019894531
0.019959487
0.019299714
0.019036853
0.019352422
0.019529551
0.019148878
0.017329087
0.017688084
0.01760852
0.017855256
0.018026301
0.018776873
0.018492992
0.018673178
0.018185609
0.018277169
0.018342542
0.018068163
0.018246259
0.018543478
0.018388521
0.01863572
0.018904802
0.018854123
0.018298549
0.01845929
0.018437105
0.018102097
0.017871663
0.018543796
0.018745043
0.018073729
0.018038925
0.01773689
0.017971476
0.018308119
0.018617779
0.017608466
0.017313635
0.017374682
0.016988343
0.016633437
0.017402379
0.018658685
0.018899842
0.018666619
0.018384039
0.018076105
0.01864251
0.018920077
0.016318849
0.015837495
0.016426583
0.016776536
0.017208162
0.016512422
0.016051657
0.017389035
0.017351987
0.017728822
0.017291643
0.016946235
0.01657637
0.01761195
0.017986473
0.018042952
0.018330418
0.016618255
0.016182789
0.016637663
0.017024791
0.016229734
0.01550017
0.015467564
0.015987787
0.01644406
0.015405674
0.016160555
0.016285339
0.016673222
0.016379906
0.015862416
0.015315199
0.016866386
0.017252845
0.017154351
0.017601924
0.015196535
0.015049758
0.015618533
0.019196121
0.019184566
0.019433772
0.019631156
0.019138329
0.01936982
0.019492187
0.019606278
0.019579347
0.019336055
0.019057773
0.019787099
0.019900923
0.019807403
0.019972343
0.018943243
0.01879507
0.019099012
0.015778111
0.01574613
0.015288178
0.014763767
0.015694229
0.014513477
0.014615967
0.014030081
0.014699416
0.015171243
0.015622225
0.01420762
0.01362225
0.01352853
0.013010502
0.015530285
0.015419029
0.014977052
0.013911132
0.013503533
0.014076602
0.014216346
0.013070993
0.012837807
0.013320184
0.013405735
0.01378006
0.013208491
0.012615629
0.014329127
0.014414423
0.013951352
0.014472361
0.014504345
0.013465546
0.012139188
0.011643251
0.012249625
0.012333609
0.011128815
0.013922003
0.013395777
0.013309871
0.012670741
0.012846742
0.010941792
0.011536707
0.010848798
0.012113402
0.012203278
0.012276826
0.012007318
0.011322422
0.010741403
0.010619529
0.011688074
0.011082975
0.011020089
