FiniteElementSpace
FiniteElementCollection: H1_2D_P1
VDim: 1
Ordering: 0

0.015437942
0.0084330336
0.015483691
0.0083754093
-0.023846253
-0.023881765
0.010703798
0.0066963077
0.0057566424
0.013119757
0.017089797
0.018108044
0.010718115
0.0066610207
0.0056927942
0.013079451
0.017099516
0.018075309
-3.4643297e-05
-0.013002033
-0.022856011
-0.015377501
-0.0024066623
0.0074287033
-8.1763557e-05
-0.01300997
-0.02287421
-0.015364254
-0.0023943453
0.0074578391
0.010064678
-0.0036658871
-0.017726806
-0.018506105
-0.0047637157
0.0093230618
0.010143259
-0.0035649843
-0.017634159
-0.018496307
-0.0047634142
0.0093065177
0.01095216
-0.0032707428
0.012430995
-0.0038368555
0.015425881
0.0075271449
-0.015297283
0.011589883
0.01558976
-0.01721653
-0.0077252097
0.0016682248
-0.00083333748
-0.0073707583
-0.0075022691
0.0010494848
-0.022957391
0.0099904927
-0.0093343414
0.0067212314
0.001555428
0.00043010631
0.006138907
0.010269398
0.0068466119
-0.018126093
0.0095160619
-0.0026208007
-0.0078663876
0.0090465925
-0.014771256
0.0059683822
-0.020703687
0.014983655
0.0017134509
-0.013806491
-0.00063984542
-0.01785384
-0.0075393394
0.0010156612
-0.0072958315
-0.022310231
0.009547063
0.0021274043
0.004266746
-0.0092923619
0.0068499617
-0.0023287893
0.00011278188
0.010288447
0.0070141027
-0.017622992
-0.0018088803
0.0050122668
-0.013596976
-0.0093295665
0.0097409851
0.012738809
0.014452383
-9.4317778e-05
0.0066975696
-0.020632591
-0.0055865159
0.013870647
0.0085793224
0.015702664
-0.0056231858
0.0063980704
0.011527449
0.0071302125
-0.016375896
0.015255926
0.0042960036
0.0047920564
-0.0032810823
0.0033603842
0.0090361349
0.0044143037
0.011013899
0.0027989268
-0.0047029466
0.0049410827
0.015681135
0.013337849
0.013800377
0.015347637
0.017200644
0.017818078
0.016966614
0.014297278
-0.011867767
-0.017402774
-0.010016956
-0.012213875
0.018036833
0.0095562055
0.0021935419
-0.01020928
-0.0089417895
0.0095914196
0.011645972
0.017544204
0.014346685
0.01280653
0.012862474
-0.0094972004
-0.0037520615
-0.020935076
-0.0225526
-0.02057822
-0.015896153
0.010665172
0.01053061
0.013744036
0.016038915
0.017180007
0.0092174909
0.0021238745
0.01010722
0.012106254
-0.017392362
-0.013247671
-0.011100836
0.0049108716
0.0075128338
0.0084018724
-0.018750815
-0.021576008
0.0036799852
-0.00034903296
-0.013895729
-0.012858435
-0.019078735
-0.0064370481
0.0011134336
0.0052192993
-0.002666221
0.0029236507
0.003849817
-0.00034823055
0.0056945014
-0.012560418
-0.0082695625
-0.0047063343
-0.0064540719
-0.02371975
-0.020551571
0.0097902827
0.0060441407
-0.021434891
0.010710227
-0.003222443
-0.0042894262
0.004966712
0.0066279054
0.0051137545
0.00026465026
-0.024346334
0.013184771
0.013381727
-0.024642458
-0.0041648248
-0.003069184
-0.0078526901
-1.0536068e-05
0.0042005737
0.0037162008
-0.0073482878
-0.0036306095
-0.00080735828
-0.013450937
-0.0080734352
-0.014268036
-0.011205071
-0.0047760633
-0.0017622731
0.0062140894
0.0044083893
0.0040702948
0.0049752212
0.010392044
0.006001318
0.0037963153
0.0048044602
0.0071491326
0.0093531103
0.0084134618
0.0076564314
-0.017402898
-0.013952355
-0.018581125
0.0083185973
0.0067607234
0.013349387
0.014126303
0.01315025
0.011189138
0.0079624838
0.0066918713
0.0067475978
0.0057503518
0.0064138361
-0.022144423
-0.021699566
0.0062350321
0.00096231276
0.0033581918
-0.0057531228
0.0028237309
0.0012331174
-0.0061700403
0.0038807406
0.010001824
0.014818484
0.015536655
0.0093543528
0.014242716
-0.008885207
-0.011795569
-0.013984331
-0.0110901
0.012064993
0.010254326
0.0074427041
-0.015042213
-0.019729498
-0.0016559611
-0.0064147679
-0.0084294551
0.012727543
0.012753307
0.017038908
0.0019922354
-0.014460616
0.0077020196
0.0051711318
0.0028062031
-0.022077567
-0.023667488
-0.02460829
-0.022390437
-0.018755166
-0.019689478
0.016018327
0.014185511
-0.018283044
0.0049397386
-0.00025954626
0.0037666949
-0.001755793
-0.0099947185
-0.0058995379
0.0075201945
0.0052103251
0.0027879592
-0.0030108118
-0.0039372067
-0.010831893
-0.016973691
-0.012218218
0.0030429297
0.010525224
0.0058075829
0.0095286915
0.0050156073
0.0038803477
-0.0042646974
-0.010725137
-0.022547109
-0.024244522
-0.021128923
-0.023467574
-0.00027421704
-0.01311697
-0.01301143
-0.0082992905
-0.01681804
-0.016320429
-0.021148806
0.00028498408
0.013717657
0.013193533
-0.018674259
-0.0042364863
-0.0030551308
-0.020682923
-0.0079807122
-0.0039295253
-0.00070510781
0.0064035473
0.0063789743
-0.014195597
0.0076575609
0.0049760182
-0.0090673298
-0.0060372201
-0.013444166
-0.0089716969
-0.0027881122
0.0026677707
0.0052676006
0.0014196168
0.0094003028
0.011267482
0.0083989164
0.003343209
-0.0043734572
0.000743304
0.0058939455
-0.018264998
-0.013645571
0.0072838167
0.0057669894
0.0067457144
-0.017191035
0.0066755476
0.0049915389
0.013432756
0.01041476
-0.020562527
-0.021498223
0.008037473
0.0091720742
0.0038353193
0.0022425341
-0.001482415
0.00041744658
0.0078869458
-0.0012371951
-0.0079782176
-0.014111879
-0.007900617
-0.019353662
0.01237508
0.015958895
0.005251095
0.011361596
0.0068998158
0.018040493
0.016576367
0.015736985
-0.014467035
-0.0067942844
0.0079269163
0.0031872908
0.010621116
0.010477833
-0.0012138802
0.0042366999
0.010406268
-0.023658788
-0.019702256
-0.022421148
-0.0070883988
0.015342128
0.01435093
0.012112718
-0.0020670583
0.017137439
0.016881564
-0.015633622
0.0028031227
0.0091790484
0.0024148168
0.013859941
-0.0049147018
-0.011896859
-0.017674194
0.0081769072
-0.0055507719
-0.012657251
0.014615147
0.016448381
0.0020500483
0.0017266895
0.0090295474
0.010624162
0.012963202
0.00069943141
0.0067286934
0.00085251654
0.0018481624
0.0070704485
0.017566398
0.017812358
-0.0059945852
0.0010439114
0.01280077
0.017483697
0.015995831
0.012560863
0.0078726336
-0.017914088
-0.021281571
-0.016394259
-0.011136738
-0.0042768114
0.015040353
0.0094672099
0.015720903
-0.011502961
0.011257568
0.010465827
0.0096555676
0.012703413
0.01198614
0.012430814
-0.011252689
0.00079713829
0.00067500761
-0.0029380627
0.00070053882
0.0044981704
0.0077838796
0.0082264105
0.00086684141
-0.003391943
0.0069377723
0.009981389
0.0062273384
0.0037280434
0.00060265364
0.0056878791
0.0081798789
-0.00023763075
0.0035625274
-0.00096668552
0.0070877142
0.0079258458
0.0087608077
0.011781743
0.010176729
0.006294312
0.0046574405
0.0089842501
0.00019781086
-7.5279331e-05
-0.0048380235
-0.0043606741
0.00056550236
0.014712716
0.014787168
0.013904917
0.013918327
0.014973538
0.015921696
0.014445673
0.012153827
0.012783894
0.016529612
0.016535622
0.016660915
0.015752994
0.014260007
0.016314203
0.017386147
0.01685604
0.016480049
0.014969494
0.015877943
0.017508889
0.018239342
0.017995529
0.015060243
0.013435929
-0.0079025818
-0.011033349
-0.0069698746
-0.013918618
-0.014806616
-0.015473458
-0.018089915
-0.016461012
-0.012834613
-0.01221675
-0.015604365
-0.0086156378
-0.0084035816
-0.008523798
0.018182556
0.018184919
0.017896456
0.017622654
0.017667221
0.0035279275
-0.00058120714
0.0061329915
0.0072427957
0.010347928
0.0086039326
0.0049349806
-0.0068584525
-0.0067436161
-0.0063121458
-0.0097541183
-0.013101377
-0.012271072
-0.0055781285
0.010375278
0.011384212
0.01059328
0.0094037348
0.008519813
0.010629799
0.011717603
0.015820299
0.013449472
0.016384084
0.017366206
0.018004596
0.016731409
0.015073369
0.011994834
0.011117817
0.013640053
0.012786718
0.014317665
0.013435995
0.013119957
0.012700749
0.012846852
0.012347701
-0.0069151964
-0.0038453012
-0.0067125401
-0.0098390424
-0.012519311
-0.0063672107
-0.0035572892
-0.022793632
-0.021902413
-0.023584806
-0.020310261
-0.019491609
-0.018387754
-0.020820843
-0.018635696
-0.015738131
-0.018553813
-0.020931627
-0.022521636
-0.018144324
-0.015767414
0.0094870435
0.010718883
0.0095854096
0.011685427
0.011916364
0.011900207
0.011211058
0.014982591
0.014998929
0.015879329
0.014774322
0.013387483
0.011815404
0.01594401
0.017756149
0.017503778
0.016895458
0.016783922
0.016405422
0.0086401869
0.0095352595
0.010398402
0.0098961657
0.0091397423
-0.013156143
-0.012959148
-0.009966526
0.004955745
0.0021355023
-0.0007320062
-0.0008222945
-0.00085061685
0.0076541493
0.011323716
0.0062971746
0.0035153433
0.0088264346
0.012367906
0.01325471
0.011189683
0.0099361489
0.013956613
0.011606547
0.010860263
0.012823467
-0.015700276
-0.014433816
-0.012274886
-0.012705188
-0.015540351
-0.017900593
-0.015502777
-0.010593555
-0.0095527815
0.0060229011
0.0070185914
0.0074299997
0.0082010629
0.0061280026
0.003412568
0.0048334745
0.0095122238
0.0095228891
-0.019726361
-0.019717212
-0.020807677
-0.018455276
-0.015999429
-0.021087298
-0.022647745
0.0024522721
0.00049723681
0.001823064
0.0041332481
0.0054132682
0.0015534834
-0.00079823172
-0.016543049
-0.016673698
-0.019097021
-0.01622657
-0.013638193
-0.010754574
-0.010198574
-0.015230082
-0.01843392
-0.010259496
-0.0070090352
-0.0095131688
-0.013189794
-0.0056759803
-0.0032563903
-0.00093485329
-0.0050202017
0.0012761827
0.0032537954
0.0054147319
0.0072669122
0.0033165182
-0.00040576481
0.0011154082
0.0013878824
-0.00071003108
0.0018701822
0.0032942087
0.004478598
0.0049121273
0.0025436281
0.00024828397
0.0045171534
0.0055705392
0.0048329871
0.0031566661
0.0060691181
0.0019126248
-0.0018458126
-0.0026193457
-0.010779583
-0.0081601424
-0.010591727
-0.013101197
-0.014988414
-0.010032428
-0.0080459221
-0.0064758344
-0.0078968742
-0.0090241255
-0.005723708
-0.002525408
-0.0031492802
-0.0098106115
-0.02125574
-0.018965071
-0.022542235
-0.022792925
-0.023490964
-0.02354278
-0.021903235
0.0056499525
0.0038645215
0.0078754202
0.0075913332
0.0095835627
0.0099296782
0.0081146703
-0.020388544
-0.020116118
-0.02133082
-0.019998961
-0.022397119
0.0092013386
0.010803477
0.0087298919
0.0068450835
0.010437085
-0.002288863
-0.0025289617
-0.0038970508
-0.0017760824
-0.001007416
-0.0054988082
-0.0060452111
0.0067866305
0.0059329617
0.0074224265
0.0052990531
0.0042818981
0.0030175463
0.0060435616
0.0028313837
0.00060967502
0.002721742
0.005009481
0.0070411869
0.0026890093
3.1266471e-05
-0.023647326
-0.024338894
-0.0232475
-0.022218371
-0.023882984
0.014387396
0.013389525
0.014617243
0.012059556
0.012099047
0.011939329
0.011818415
-0.024063186
-0.024421611
-0.024361441
-0.024707443
-0.024572652
0.01191326
0.011914576
0.013617323
-0.0021620816
-0.001651868
-0.0040394152
-0.0058712519
-0.0062298421
-0.0062877825
-0.004371932
-0.0024599753
-0.0017056553
-0.00068608308
-0.0038478792
-0.0023088437
-0.0053735111
-0.0029509927
-0.0053158098
-0.0054349646
-0.0077816701
-0.0077124075
-0.012841922
-0.010333981
-0.010390183
0.00054604744
0.0020122219
0.0024815386
0.0037541934
0.0019952288
-4.3897126e-05
0.0024244736
0.0056539495
0.0051692023
-0.0051429556
-0.0039935564
-0.0017301684
-0.0025450377
-0.0056324082
-0.0087771346
-0.0065187684
-0.00087644227
0.00031710471
-0.010459627
-0.011604344
-0.011643819
-0.0083984019
-0.014728771
-0.0061832877
-0.0098085857
-0.0074507748
-0.013215688
-0.011331395
-0.0091422875
-0.011904924
-0.016250421
-0.014697391
-0.0023411436
-0.0021797124
-0.0045265823
-0.0018962104
-0.0072051566
-0.006487636
-0.0036247318
-0.00497474
-0.0027795176
-0.00067121047
0.0039962082
0.0030882996
0.0052232917
0.0051309062
0.0064175414
0.0061216787
0.0054389687
0.0026497403
0.0018321205
0.0011401539
0.0036612185
0.0057163788
0.0025437473
0.0055213835
0.0032954035
0.0081787893
0.0079010934
0.0075469063
0.010281224
0.010388702
0.0083703141
0.0043966871
0.0071798072
0.00090145342
0.001723228
0.00010369648
0.0057945839
0.0073052584
0.005894624
0.0044251541
0.0032864159
0.0060104926
0.0069949362
0.0081619804
0.0084332681
0.0074187691
0.0081940335
0.009144148
0.010213913
0.009520942
0.0074548756
0.0074057872
-0.013857993
-0.011644567
-0.015991208
-0.015516456
-0.016529025
-0.017943666
-0.016146249
-0.016522127
-0.018309728
-0.016486245
-0.014258775
-0.018521454
0.0050350685
0.0064390204
0.0073538244
0.0092724274
0.0074559088
0.007027008
0.0067277386
0.0071613567
0.0068148863
0.0065309931
0.014552387
0.013820435
0.01515389
0.01237476
0.012205854
0.011892957
0.012391195
0.012277824
0.010900473
0.012284642
0.013444883
0.014346942
0.011913843
0.011119719
0.0085995159
0.0082858239
0.0078743151
0.0082673599
0.0074738238
0.0061087661
0.0067953869
0.0063569369
0.0072545029
0.0074471159
0.0074838692
0.0069113332
0.0061155117
0.0063789682
0.0064735318
0.0061696674
0.0056321135
0.0061969904
0.0063928655
-0.023379975
-0.022108743
-0.022987742
-0.020472394
-0.02052595
-0.020220325
-0.020059014
-0.019145843
-0.019789841
-0.021331604
0.010247003
0.00992976
0.0090057363
0.0056791943
0.0064814736
0.0054871013
0.004532411
0.0061206597
0.0064381885
0.0066129646
0.0065179352
-0.0035616617
-0.0024160524
-0.0069808469
-0.0010900049
0.0021341457
0.0052919636
0.0063157658
0.0003280684
-0.004262863
-0.00056372488
-0.0016307494
-0.004938406
-0.0025818588
0.0019870827
0.0062900203
0.0056305576
-0.0033761484
-0.0071652103
0.0066253369
0.0097937144
0.0069566043
0.0033385596
0.00019008326
0.0072624863
0.010122971
0.016411957
0.016918611
0.01722564
0.015273787
0.012437778
0.012864505
0.017315412
0.0053587083
0.0092164815
0.0054706578
0.0010500653
0.0094555961
0.012355438
0.012168546
0.014599303
0.016013512
0.0118697
-0.0088560165
-0.0099012167
-0.010529018
-0.0074333287
-0.0057229729
-0.011950037
-0.013443733
-0.011124514
-0.010198925
-0.0089136593
-0.012727379
-0.016203265
-0.014593341
-0.0073318525
0.010753371
0.0099271585
0.0082519605
0.0090815745
0.011168779
0.01286804
0.011898518
0.0082475559
0.0066691645
0.014022613
0.015088115
0.013209514
-0.017108215
-0.018801044
-0.017762712
-0.014636653
-0.011542346
-0.018150266
-0.020373367
-0.0022367219
-0.0050148731
-0.005603952
-0.0075624715
-0.0041669558
-0.0009050897
-0.0031061965
-0.0097788223
-0.01093739
0.011426401
0.011222848
0.012815665
0.011504238
0.011450146
0.013922626
0.01402658
0.016451625
0.017705578
0.01534613
0.014248934
0.016123132
0.0054984667
0.0026180291
0.00475209
0.004107429
-0.00028565562
-0.0087734664
-0.011864391
-0.01152364
-0.01386094
-0.014768167
0.0082058892
0.0093653412
0.010615875
0.0089468529
0.0069416541
0.0054895771
0.0043784483
0.0040794483
0.0064121047
0.0070998279
0.0027431639
0.0013165768
-0.023329991
-0.023041051
-0.024112052
-0.022042274
-0.021243735
-0.020137313
-0.022510505
-0.02403672
-0.023856949
-0.022781738
-0.023344914
-0.024305774
-0.024535369
-0.021690309
-0.016008702
-0.016809643
-0.01728055
-0.019406169
-0.021078578
-0.021530856
-0.017402604
0.016723903
0.015941031
0.016630342
0.017321519
0.015696524
0.012459884
0.013641339
0.014728719
0.015161489
0.015205182
0.00066527234
0.0023492368
0.00012227181
-0.016831782
-0.019657381
-0.01524929
-0.013533248
-0.016633053
-0.019128543
-0.02057118
-0.021200557
0.0060545711
0.0041866967
0.0054661414
0.0019124579
0.0025065305
0.0034424461
0.00055490029
-0.00066262613
0.0016881408
-1.548803e-06
-0.003979034
-0.0019111187
-0.0081095218
-0.0058884598
-0.0033904531
-0.0074840595
-0.012139308
-0.0099640387
0.0061472475
0.004854502
0.0082098242
0.0070393936
0.0095081593
0.00041463614
-0.00097262894
0.004016485
0.0018836777
0.0033242873
0.0072519745
0.0062793844
-0.0021673014
-0.0022444409
-0.00371235
-0.0016251029
-0.00064660439
-0.0052615196
-0.0056455109
-0.0044763315
-0.0068999401
-0.0084841556
-0.012423698
-0.0090977635
-0.017970872
-0.014825698
-0.015604673
-0.011276461
-0.013652167
-0.015554754
-0.0085273772
0.0012708642
0.0032611987
0.0049002291
0.00459621
0.0045664646
0.0067400533
0.0037622907
0.0085131935
0.0091021319
0.010716376
0.010131822
0.0077614668
0.0074460008
0.0094387556
0.007616584
0.0055178611
0.0095676608
0.0030351331
0.0043221784
0.002545387
0.0053557512
0.0059931222
0.0068485711
0.0049639761
-0.0087325779
-0.012007521
-0.0074806966
-0.0054190843
-0.0022192523
-0.0060654583
-0.0092112381
-0.020821198
-0.022123252
-0.019970008
-0.023043132
-0.023599427
-0.023566668
-0.024334778
-0.023557937
-0.02191952
-0.024663247
-0.024180984
-0.024341899
-0.023380298
-0.023106323
0.0033669311
0.0019190419
0.0014887418
-0.00057755103
0.00026680799
-0.010267149
-0.010772458
-0.0080117065
-0.010779317
-0.01333001
-0.015690408
-0.015576038
-0.010287054
-0.0081355009
-0.01507402
-0.017602491
-0.013971369
-0.012198092
-0.015527677
-0.020215498
-0.022226411
-0.018953021
-0.017719047
-0.014850648
-0.01733399
-0.019666679
0.0050641
0.002767962
0.0028652666
0.00060582482
6.91319e-05
0.014947681
0.013502989
0.014519225
0.011687738
0.011783097
0.011795361
0.011511204
0.012002683
0.011868402
0.013289364
-0.018001557
-0.016341062
-0.020146155
-0.019230698
-0.020693407
-0.0024323987
-0.0021986357
-0.0016912303
-0.003786334
-0.0059645874
-0.0052888455
-0.00092750082
-0.0037311167
-0.0014876511
-0.0019219315
-0.0061620005
-0.0042846956
-0.0062701098
-0.012073118
-0.013613311
-0.014816356
-0.018919413
-0.019392446
-0.01995883
-0.017889935
-0.021668808
-0.02247805
-0.022290688
-0.02113283
-0.00607601
-0.0043993121
-0.0021750929
-0.0026454097
-0.0059816729
-0.0090751778
-0.0067899108
-0.00089004995
0.00075574773
0.0067843805
0.0064151558
0.0062819738
0.0062716082
0.0055349713
0.0056506861
0.0063865098
-0.011248184
-0.011850647
-0.013119627
-0.0097043499
-0.016164468
0.0059100028
0.0044589425
0.0065717252
0.0069072029
0.0073749012
0.0074764111
0.0057959651
-0.012406629
-0.011361196
-0.014729809
-0.0097813557
-0.0077688233
-0.0056195077
-0.0042010236
-0.0077579922
-0.011587455
-0.005882585
-0.0026618211
-0.0058835513
-0.0091673215
-0.012287954
-0.005614602
-0.0027004478
0.00010292951
0.0018511274
-0.0003792879
0.0033643484
0.0041050459
0.0051712773
0.0062325179
0.004603031
0.0029881253
0.0082482711
0.0090839626
0.0075646545
0.010000412
0.010308699
0.010236412
0.011180786
0.010964648
0.0093222751
0.0091499547
0.0081817459
0.0084584496
0.0029324685
0.0056594505
0.00026634516
9.7637325e-05
0.00059715057
-0.0015009868
0.0013531245
-0.0018846318
-0.0042798571
-0.0068300184
-0.0020292126
0.00032550485
0.0038844257
0.002733011
0.0014864511
0.0049408049
0.0080273989
-0.014062586
-0.011470803
-0.016165436
-0.01631419
-0.018102227
-0.018105671
-0.015725278
0.0055278551
0.0050343241
0.006389822
0.0063209649
0.007371278
0.0071651456
0.0064361178
0.0066004385
0.0063084984
0.0066155156
0.0061684132
0.0069839131
-0.015393468
-0.016438929
-0.015726085
-0.013708008
-0.017592627
0.0086465627
0.0076852355
0.0068179133
0.0057741505
0.0044643197
0.003653502
0.0060718559
0.014627731
0.013520428
0.01235521
0.012361799
0.011958269
0.012256648
0.010403381
0.01242642
0.013882875
0.010325219
-0.022494972
-0.02123214
-0.022891352
-0.019579132
-0.019048821
-0.018141695
-0.019718015
0.0074394749
0.0082961289
0.0072925324
0.0067672456
0.0076046281
0.0086025424
0.0083139776
0.0079783675
0.0086271819
0.009087598
-0.02035042
-0.020209766
-0.021971299
0.0083076462
0.0085162965
0.006317506
0.002021551
0.0024017633
0.0029516438
0.0043390823
0.0054689739
0.0036893178
0.0032906757
0.0028704638
0.00442912
0.001167809
0.0017521086
-3.1962907e-05
0.00048763406
-0.00076506433
-0.0020095894
-0.0053200405
-0.0029655482
-0.0036961286
0.0058241935
0.0090965109
0.0043137492
0.0021518427
-0.0017492171
0.0027143078
0.0064995713
-0.0073392177
-0.01071157
-0.0045676343
-0.0039561732
-0.00071846221
-0.0016063013
-0.0049556732
-0.014056713
-0.011177212
-0.010877817
-0.0081014149
-0.011119998
-0.01375266
-0.0048229628
-0.019310559
-0.021448846
-0.01693578
-0.016703636
-0.016687081
0.01509073
0.01594796
0.014520236
0.013491678
0.01122496
0.013466652
0.015450916
0.002618089
0.0060732376
0.0034635046
0.009273248
0.0084719036
0.007664926
0.010563426
0.012098798
0.010040606
0.017674269
0.017194676
0.016645333
0.016261946
0.017533974
0.018177005
0.017647238
0.014906995
0.014411266
-0.0091992947
-0.0052631946
-0.010758572
-0.012965068
-0.016384646
-0.012069014
-0.008172662
0.004217856
0.0014889804
0.0058003961
0.0065091657
0.0082562533
0.0073980968
0.0049466853
0.009436134
0.0094203912
0.0091735858
0.010673254
0.011861712
0.011953689
0.008703072
0.0047153326
0.0071206072
0.0015973228
0.0020702229
-0.00070706714
-0.0015864531
0.0012140735
0.010317606
0.011511711
0.0091663455
0.0078229503
0.01264576
-0.02126358
-0.018827036
-0.02202092
-0.023057273
-0.02412813
-0.022472695
-0.02031289
-0.024334085
-0.023358385
-0.023892576
-0.022821049
-0.021683514
-0.007604293
-0.010480855
-0.0041757452
-0.0045970951
-0.0035722363
0.01424513
0.013962555
0.012788658
0.013282795
0.015049136
0.016312939
0.015999491
0.012227107
0.011078057
-0.00086094487
0.0015828461
-0.0045335082
-0.0031772301
-0.0057638364
0.017721918
0.017283977
0.01764624
0.016521642
0.01670771
0.016358104
0.015803955
-0.015165499
-0.012576303
-0.017944365
-0.017280841
-0.018358724
0.00074817685
0.00053936977
0.0029534298
0.0010697094
0.0048827102
0.0047067143
0.0011200843
0.0059420268
0.0080681063
0.011077176
0.0071264534
0.0037326346
0.0098382605
0.012230622
0.011701692
0.013354127
0.014232605
0.015367362
0.015670711
0.016818524
-0.0095794379
-0.012875359
-0.0084831972
-0.0060815601
-0.0025021171
-0.0072236781
-0.010697473
-0.013888158
-0.014952591
-0.016797206
-0.019327521
-0.01573722
0.01305085
0.013787723
0.015104113
0.00015378331
-0.0012238377
-0.0035433232
-0.021059432
-0.020346252
-0.018664884
0.0063231997
0.0089637116
0.0055705426
0.0034841135
0.0074130208
0.011299001
0.0094915318
0.010289627
-0.012592747
-0.015814786
-0.0092338316
-0.0090125527
-0.0052422903
-0.005666041
-0.0091840068
0.016204826
0.017031915
0.015601585
0.015219723
0.014120214
0.014526693
0.015372233
-0.0014239518
-0.0017262982
-0.001912785
0.0018468
0.0054483784
0.005308753
-0.0019744133
0.0057096736
0.008821111
0.0059903222
0.002395295
0.0091939535
0.011985586
0.013190701
0.011785754
0.010781733
0.0096380007
0.011265359
0.012400873
-0.0025660594
0.00072169651
-0.0023518416
0.0038016619
0.0038605179
0.0039932913
0.0069258216
0.0065508843
0.0038179801
0.0051999462
0.0072937222
0.0046867408
0.0026055141
-0.00037055017
0.0041419261
0.0067669101
0.01823534
0.018184663
0.017808807
0.018046449
0.017626102
0.016910918
0.016968547
0.00081732461
0.0042343366
-0.0025179678
-0.0026133273
-0.0059037883
-0.0058856858
-0.0022863723
0.013880246
0.013372079
0.013165537
0.013818776
0.012179431
0.016775001
0.01587251
0.016844692
0.017494299
0.017992684
0.016559591
0.015787858
0.013286134
0.010971645
0.014627406
0.01494492
0.01400766
0.0013478237
0.0045453459
0.004907955
0.0082385393
0.0074979471
-0.022059654
-0.022893388
-0.019928351
-0.02051577
-0.018331236
-0.0172551
-0.019072413
-0.018751435
-0.016005327
-0.019064777
-0.021082435
-0.016519971
-0.0067544518
-0.0033868482
-0.0077208688
-0.010168056
-0.01346979
-0.0084769385
-0.005032524
0.017093305
0.01655789
0.0160374
0.01450545
0.015446971
0.0098997818
0.010382792
0.0094888598
0.0084251444
0.010515056
0.017722914
0.016836212
0.01697286
0.015773121
0.015547593
-0.015462182
-0.014895891
-0.012174877
-0.0086091524
-0.014130062
0.0087842851
0.008471254
0.01088684
0.0090772715
0.0093379481
0.012789647
0.0122916
0.010072725
0.0081703539
0.011319868
0.011825317
0.010787662
0.0084466783
0.0096212137
0.0083605984
0.010063207
0.0096465219
0.012383424
0.010433242
0.010742428
0.014377526
0.01403444
0.014227846
0.01400294
0.012612957
0.014353824
0.010597405
-0.0017790041
-0.0011108573
0.0013207185
0.013724258
0.011665626
0.013303463
0.010803848
0.012547639
0.010930592
-0.0088051157
-0.011518321
-0.0087478015
-0.0084400407
-0.013936312
-0.011305462
-0.01401503
-0.013858462
-0.00086310892
-0.0010391684
-0.0026867463
-0.0011781681
0.00071852943
0.0025297557
0.0025397178
-0.0012733599
-0.0031376341
0.0027501
0.0026504518
0.0046343972
0.0025799199
0.00066891333
-0.0013218119
0.0043850775
0.0060594809
0.0062172598
0.0063925756
0.007999053
0.0094312843
0.0096924136
0.0065843465
-0.001323218
-0.0033661573
-0.0012802783
0.00076798009
0.0028763835
-0.0012013682
-0.0033589202
0.0089554044
0.010469138
0.0084967886
0.0073460954
0.005678548
0.0080606998
0.0095008165
0.0047880117
0.0050394578
0.0035182272
0.0053373778
0.0065633917
0.0076527197
0.003987913
0.0023084518
0.0021407374
0.000673743
-0.00088498168
0.0020261243
0.007278007
0.0085940404
0.0069417241
0.0059339518
0.0045863302
0.006650492
0.0077985071
-0.0025537764
-0.00061731045
-0.0028831494
0.0012975744
0.0016863894
0.0021028973
0.0039792366
0.0031677768
0.00093748089
0.009115224
0.0075045869
0.0095312581
0.0057863501
0.0053699089
0.0049699497
0.0062141915
0.006648731
0.0083461213
0.0099382683
0.010331018
0.010705883
0.012123957
0.011409486
0.0066815903
0.0045923427
0.0082808883
0.0086960353
0.010601129
0.0097465425
0.007881217
0.0088732436
0.010801082
0.0068930706
0.0067689149
0.0045301828
0.0047950081
0.0070202623
-0.0022546199
4.7641614e-05
-0.0023862979
0.0023195985
0.0024564768
0.0026103614
0.0022015462
-0.00016997076
-0.002478825
-0.0025329897
-0.0048260156
-0.0047970235
0.00037216174
0.0027783772
-0.0018838737
-0.0020855891
-0.0045568246
-0.0041179997
-0.0016594545
0.013980629
0.014320515
0.013615942
0.014429264
0.014868884
0.015284267
0.015247249
0.014303863
0.01396799
0.013715338
0.014457352
0.014267841
0.014970249
0.014468751
0.013945476
0.015446761
0.01589488
0.015463036
0.014796662
0.015296749
0.015762486
0.01495615
0.013904155
0.013359738
0.013403418
0.012556795
0.013143736
0.012752416
0.011549487
0.011955719
0.016253382
0.016032096
0.016630319
0.01628449
0.016124872
0.01688986
0.016926857
0.016097674
0.016226615
0.015609755
0.016235706
0.016655328
0.017029816
0.015776751
0.015246392
0.015089962
0.014544889
0.01369012
0.014815293
0.017049389
0.017354129
0.016949343
0.016546743
0.015849738
0.016732399
0.01729718
0.016190791
0.016014066
0.01522654
0.015779081
0.016697099
0.017401826
0.017259976
0.015488698
0.014658753
0.016486895
0.016801416
0.017266296
0.017059496
0.016206487
0.01514543
0.017693114
0.018098435
0.01799033
0.017822327
0.018147858
0.018240108
0.018164088
0.017595381
0.014751584
0.013888303
0.014308844
0.015495657
0.0161172
0.013816435
0.012946211
-0.0058577381
-0.0074570836
-0.0053999441
-0.0090248081
-0.00949241
-0.0099166481
-0.011474311
-0.010546812
-0.0085148886
-0.015723369
-0.014389069
-0.016152254
-0.012969024
-0.012512912
-0.012009323
-0.013374946
-0.013728535
-0.015168622
-0.01652183
-0.016830164
-0.017076928
-0.018332088
-0.017779558
-0.013398916
-0.011461447
-0.014701894
-0.015238347
-0.016962148
-0.015903783
-0.014121428
-0.015586433
-0.017129918
-0.013974483
-0.013897667
-0.012085593
-0.012260083
-0.013958076
-0.0066877214
-0.008546165
-0.0065736711
-0.010351993
-0.010449265
-0.010464256
-0.010174139
-0.0081891171
-0.0063972224
-0.0061592661
-0.0086096121
-0.010394366
-0.0067210031
-0.0067377133
-0.0066311509
0.018276152
0.018173678
0.018253728
0.018239997
0.018063637
0.018173721
0.018139188
0.017616229
0.017822076
0.017439893
0.017971348
0.018067789
0.018037088
0.01774877
0.017299842
0.017141695
0.016724194
0.017844913
0.017879
0.017598214
0.017669184
0.017403363
0.00014804998
-0.0019474473
0.0015079707
0.0021995223
0.0041706111
0.0028677252
0.00080406374
0.0079207651
0.006701651
0.0084203868
0.0054487021
0.004842417
0.0042161958
0.0060306742
0.0077521898
0.0088843066
0.0093091056
0.010674941
0.0099739229
0.0055419997
0.0035746464
0.0068332223
0.0073897729
0.0090982699
0.0080777493
0.0062602878
-0.0050723129
-0.0051237108
-0.0050990257
-0.0068421712
-0.0085800669
-0.0084848413
-0.005003178
-0.0076846141
-0.008034823
-0.0093915753
-0.0083022222
-0.0065661864
-0.0048384411
-0.010027536
-0.011723224
-0.011449577
-0.011081708
-0.012733022
-0.014323709
-0.013863571
-0.01062216
-0.0046066303
-0.0043091437
-0.0059828795
-0.0072527409
-0.0039445466
0.010695017
0.011186971
0.010879926
0.010199491
0.0097123452
0.011020998
0.01153813
0.010083791
0.010004895
0.0095206157
0.0098808096
0.010506912
0.011116409
0.0092418269
0.0087939569
0.0089489605
0.0083733298
0.007983729
0.0090574958
0.011165123
0.011706148
0.011167024
0.010634047
0.010117058
0.011123941
0.011679405
0.01429287
0.012950142
0.014729369
0.015463579
0.016435823
0.01512297
0.013917108
0.017077512
0.01691791
0.017483496
0.016703392
0.016128011
0.015470343
0.017193442
0.017726178
0.017801152
0.018028485
0.018100069
0.017819263
0.015768022
0.014733517
0.016012309
0.016585917
0.017180803
0.016199415
0.015361461
0.010670924
0.010226598
0.011565756
0.011104432
0.011523791
0.012423462
0.011980865
0.014012272
0.013234289
0.013595503
0.01240327
0.012841862
0.013237357
0.011924564
0.012301035
0.013138499
0.012646003
0.014001424
0.013587675
0.014710439
0.014384884
0.014988992
0.013537155
0.013151166
0.01338964
0.013704785
0.013644875
0.013174819
0.013023822
0.01228282
0.012799827
0.012276062
0.013254682
0.013100579
0.012894263
0.013355843
0.012841626
0.012219029
0.012112158
0.012549883
0.012636624
0.01214401
0.012238916
0.011997818
-0.0054142276
-0.0038533459
-0.0053917665
-0.0069620468
-0.0084786651
-0.0053363571
-0.0038115867
-0.0081314226
-0.0082859293
-0.0096883842
-0.0084018914
-0.0068316473
-0.0052495289
-0.0099488789
-0.01135928
-0.011214966
-0.012697312
-0.013951333
-0.011029056
-0.0051319138
-0.00366705
-0.0049833089
-0.0065580501
-0.0079383083
-0.0048014419
-0.0034241519
-0.023436742
-0.023230697
-0.023823679
-0.022840368
-0.022438553
-0.021956692
-0.021457112
-0.022268332
-0.023159944
-0.018933577
-0.0199379
-0.018523738
-0.020781957
-0.021190413
-0.021520466
-0.020297759
-0.019740557
-0.018974112
-0.018045892
-0.017502721
-0.016895736
-0.020605694
-0.021769576
-0.01953676
-0.019272405
-0.019721475
-0.017114877
-0.015552324
-0.017254116
-0.018553224
-0.01984621
-0.017315104
-0.01585303
-0.019650607
-0.019800968
-0.020798421
-0.019866284
-0.018635768
-0.01729839
-0.020977249
-0.021933053
-0.0218199
-0.022703021
-0.023279403
-0.02161761
-0.017204251
-0.015867384
-0.017032662
-0.018390029
-0.019415717
-0.016782205
-0.015598142
0.0089385601
0.0095666517
0.0090284285
0.0101411
0.010133294
0.010065183
0.010722275
0.010654856
0.010088608
0.012274303
0.011831794
0.012429519
0.01131292
0.011237977
0.011102133
0.011326674
0.011279499
0.011938982
0.012521613
0.012550723
0.012518156
0.011478066
0.01090617
0.011778218
0.012056696
0.011441293
0.015325232
0.015459455
0.015707953
0.015533976
0.015020846
0.014453925
0.014396772
0.015547247
0.015990468
0.013874382
0.014106161
0.013124547
0.014280679
0.014916614
0.01549855
0.013594188
0.01286083
0.012622543
0.012329396
0.011494329
0.010624002
0.015387993
0.016023573
0.01521681
0.014573524
0.015800025
0.017960788
0.017917134
0.017783379
0.01767493
0.017494892
0.01737676
0.017559848
0.016491088
0.016873631
0.016454323
0.01716934
0.0172435
0.01724759
0.017026176
0.016815282
0.016627437
0.01635214
0.016185768
0.015956668
0.016848408
0.016364832
0.016461538
0.0081164455
0.0086130559
0.0091072378
0.0090905957
0.0090096076
0.0094083012
0.0095965999
0.010550091
0.010180558
0.010219784
0.0097992966
0.0099720135
0.010077976
0.0095614301
0.009260791
0.0095480742
0.0098246276
0.009369114
0.0088586516
0.010547988
0.011003281
0.010812043
-0.01446599
-0.014544544
-0.013160048
-0.011703346
-0.014556883
-0.011284927
-0.011483579
-0.0097598531
-0.011623376
-0.013089024
-0.014502169
-0.010116456
-0.0084206488
-0.0082068137
-0.0066396551
-0.014380928
-0.014195431
-0.012768206
0.0062842873
0.0049392857
0.0035602421
0.0035567257
0.0035641875
0.0021239671
0.0021588868
-0.0022347885
-0.00078533338
-0.0022935996
0.00067091516
0.00070229676
0.00074706579
0.00065304611
0.00064773325
-0.00084336896
-0.0023320093
-0.0023510987
-0.002354613
-0.00066319196
-0.0020587535
-0.0021559258
0.010191758
0.011894326
0.0095624311
0.0083248334
0.0063259074
0.0089171174
0.010726101
0.0042430642
0.0049327273
0.0028135215
0.0056285595
0.0069766052
0.0082605831
0.0042258197
0.0020559546
0.001344999
-0.00015015312
0.0075981704
0.009472295
0.0069363311
0.0056214568
0.0081752145
0.012422168
0.012918544
0.011863048
0.011276291
0.013376518
0.012692032
0.012262972
0.01167001
0.011789994
0.012833132
0.013791119
0.010667569
0.010041721
0.010570892
0.0094028792
0.008753391
0.011057251
0.014158696
0.014476619
0.013629757
0.013075076
0.014743702
0.011291035
0.010979314
0.011906818
0.012514376
0.010618814
0.011492566
0.011881747
0.01248916
0.012223165
0.011256674
0.010213103
0.013107224
0.013679705
0.013402567
0.01422664
0.0097654165
0.0092785402
0.010419721
-0.014456385
-0.01402868
-0.012701433
-0.013474322
-0.015129805
-0.016687608
-0.015969501
-0.012804689
-0.011738943
-0.013113105
-0.014172271
-0.014443829
-0.015127788
-0.013622287
-0.012029636
-0.016526574
-0.017799031
-0.016789624
-0.015664654
-0.016756386
-0.017699069
-0.016436437
-0.014434336
-0.011159049
-0.010368817
-0.010202991
-0.011692469
-0.011960702
-0.0091699828
-0.0086652702
0.0064051999
0.0068192
0.0070162924
0.0072881059
0.00649413
0.0055215756
0.0060494328
0.0078058075
0.007893868
0.0079144795
0.0072530324
0.0068032188
0.0066288845
0.0075899314
0.0083656518
0.0054947274
0.0042029253
0.0048415601
0.0055262047
0.0041030498
0.002558096
0.0032914205
0.0062490994
0.0089602028
0.0089474652
0.0095811766
0.0088443828
0.0086056411
0.01022001
0.010118275
-0.018872686
-0.018529602
-0.01988457
-0.018900823
-0.018613799
-0.020717401
-0.020739073
-0.019934071
-0.019689078
-0.018701378
-0.0192469
-0.020365028
-0.021358163
-0.018016502
-0.017120725
-0.01736633
-0.015945658
-0.014517381
-0.017418124
-0.021797745
-0.02221524
-0.0220311
-0.021048807
-0.019979297
-0.022058949
-0.022867716
0.0019928757
0.00105132
0.0014984811
0.0028948268
0.003731205
0.0010875289
2.7308711e-05
0.0027983763
0.0030243355
0.003864716
0.0033363796
0.0020932644
0.00076781749
0.0044833997
0.0051366609
0.0048290489
0.0056793948
0.0061035646
0.0046019057
0.00054383992
-0.00062556763
0.00041645286
0.0016437105
0.002659238
0.00038016466
-0.00086554409
-0.017621856
-0.017870904
-0.01887194
-0.017974545
-0.016680361
-0.015293454
-0.01532632
-0.017927589
-0.019166841
-0.014595045
-0.014974803
-0.013312019
-0.015219719
-0.016521797
-0.017729448
-0.013833447
-0.01237385
-0.012227755
-0.011955636
-0.010537728
-0.0090698699
-0.0087943976
-0.011558399
-0.017382887
-0.018833362
-0.016894726
-0.015793132
-0.014086141
-0.016278673
-0.017887698
-0.0088951501
-0.0072173087
-0.0086583538
-0.010539396
-0.012110061
-0.0083629316
-0.006748179
-0.010919345
-0.01138126
-0.012734437
-0.01177866
-0.0099169096
-0.0080114962
-0.013577586
-0.014917421
-0.014471317
-0.016107823
-0.0076060258
-0.0060784397
-0.0071471151
-0.0090489748
-0.0052348297
-0.0053719512
-0.0041846393
-0.0062045626
-0.0030066683
-0.0020855684
-0.0010814944
5.552217e-05
-0.0018456658
-0.0038366417
0.0032638877
0.0022352154
0.0042615141
0.0011634699
0.00018829459
-0.00071026722
0.0022022737
0.0032913358
0.004318225
0.0053003647
0.0063660081
0.0074436719
0.0083059518
0.0062321354
0.00039062411
-0.0015192712
0.0014478816
0.0023212482
0.0042430833
0.0024523165
0.00066292031
0.00014818253
0.00022440888
-0.00080028958
0.00035534494
0.001225102
0.0020454148
0.0021832411
0.00054245125
-0.0005592856
0.002894947
0.0026097378
0.0035498403
0.0023717731
0.0016034684
0.00078509408
0.0030849401
0.0037382078
0.0039185974
0.0041442938
0.0046738018
0.0051347648
0.0053402095
0.0044138874
0.0010811028
-7.8230237e-05
0.0014265115
0.0021850062
0.0032245515
0.0018144536
0.00062719433
0.005076998
0.0056028887
0.0050858483
0.0044628264
0.0037685343
0.0051614457
0.0056006266
0.0042898384
0.0040457211
0.0033828239
0.0038714188
0.0046409679
0.0053032799
0.0030030591
0.002176173
0.0023813714
0.0012984561
0.0055096616
0.0058515058
0.0057776554
0.0050912206
0.0063423635
0.0058469119
0.0041408312
0.0037065446
0.0015008664
0.0023461891
-0.0041633988
-0.0022481436
-0.0045271822
-0.00035280539
5.4216512e-05
0.00048550166
-0.00073228773
-0.0029561326
-0.0048510307
-0.0051327076
-0.001416822
-0.0033336196
-0.0037635515
-0.0093778269
-0.0079821163
-0.0094964514
-0.010733488
-0.012022759
-0.0095260913
-0.0082565016
-0.011626974
-0.011855234
-0.01287935
-0.011987414
-0.010732183
-0.0094669324
-0.013224383
-0.014320252
-0.014105487
-0.015294885
-0.016136074
-0.013792376
-0.0093194669
-0.0081990479
-0.0090841033
-0.010358559
-0.011303481
-0.0087594047
-0.0078124212
-0.0071738105
-0.0080150104
-0.0087966744
-0.0072186074
-0.0056493235
-0.0062917202
-0.0095052734
-0.0077943211
-0.0073704125
-0.0061268311
-0.0068678062
-0.0085011731
-0.010130698
-0.0052482891
-0.0036599358
-0.0041028555
-0.0044792326
-0.0028714226
-0.0013219383
-0.0015709801
-0.0047844713
-0.010665388
-0.011104663
-0.0094609751
-0.0081368355
-0.011449452
-0.019387797
-0.018103844
-0.020197173
-0.020515503
-0.021464179
-0.020951318
-0.019784128
-0.023236967
-0.022716962
-0.023294074
-0.022124855
-0.021932897
-0.021644216
-0.022219105
-0.022769707
-0.023250847
-0.023108102
-0.023228572
-0.023655572
-0.022270149
-0.021260171
-0.022823755
-0.023079709
-0.023682275
-0.023301336
-0.022473094
0.0035960885
0.0027601752
0.0047329497
0.0044922329
0.0054384756
0.0058522904
0.0049631051
0.0088284572
0.0077389842
0.0087158005
0.0066065333
0.0067805325
0.0069444711
0.0064233228
0.0074334442
0.0085899635
0.0084525151
0.0094583907
0.0096947654
0.0080004061
0.0070978057
0.0090115036
0.0089270231
0.0098689489
0.0099710828
0.0090841922
-0.019642242
-0.019340301
-0.020335924
-0.019784373
-0.019764676
-0.020946434
-0.020817198
-0.02102511
-0.020696491
-0.020322363
-0.020275604
-0.020905154
-0.021468574
-0.01958355
-0.019242984
-0.019560906
-0.018747004
-0.02189827
-0.021963199
-0.022232857
-0.021663516
-0.02273139
0.010183423
0.010782472
0.010103537
0.0093774824
0.0083771511
0.0099804323
0.010779508
0.007468587
0.0078067935
0.006460539
0.0081103077
0.0089849107
0.0098148313
0.0071963791
0.0058516388
0.0054227412
0.0043635347
0.0096081565
0.010595875
0.0093629518
0.008438711
0.010234843
-0.0016141154
-0.001666088
-0.0024445113
-0.0014933862
-0.0013074162
-0.0032849785
-0.0034062629
-0.0035945336
-0.0028290125
-0.0024986066
-0.0020653469
-0.003091692
-0.0041292678
-0.0010580919
-0.00074732875
-0.0014228742
-0.00037747338
4.9001334e-05
-0.0021018032
-0.0049715185
-0.0051714366
-0.0058062493
-0.0047005428
-0.0043585479
-0.0066294335
-0.00690193
0.0076180639
0.0071386956
0.0078847259
0.0067025782
0.0063343771
0.0058987203
0.0054824954
0.0063155341
0.007001156
0.0045858367
0.0048230723
0.0040332258
0.0051228664
0.0055866574
0.0059823497
0.0045937498
0.0040023141
0.0036789331
0.0034194713
0.0027490412
0.0020259994
0.0057067394
0.0063075495
0.0054916745
0.005073194
0.0058382386
0.0018633839
0.00081957227
0.0017190279
0.0029154121
0.00395892
0.0015959257
0.00042393403
0.0039316148
0.0039234479
0.0050540628
0.0039325162
0.0027666565
0.0014957005
0.0049803605
0.0059673031
0.0060498349
0.0069074572
0.0077879481
0.0061461894
0.0014189434
0.00013338281
0.0013650054
0.0026963119
0.003956394
0.0013308712
-4.0809796e-05
-0.024012958
-0.024161961
-0.024088297
-0.023673743
-0.023148131
-0.02404742
-0.024401348
-0.022426884
-0.022780717
-0.02188207
-0.023021607
-0.023505044
-0.023889626
-0.022442061
-0.021563927
-0.021246591
-0.020525047
-0.023615677
-0.024173263
-0.023227929
-0.022876772
-0.023477384
0.014953675
0.014529866
0.015098617
0.014014854
0.013932064
0.013795085
0.013313555
0.013412303
0.014043362
0.01138522
0.012104309
0.011440508
0.012748594
0.01276376
0.012726952
0.012681791
0.012563771
0.012043993
0.011448066
0.011407824
0.011319516
0.01196446
0.012637894
0.011131401
0.011282243
0.010931566
-0.023538457
-0.023837558
-0.024035099
-0.024294468
-0.024433125
-0.02459261
-0.024130158
-0.02443639
-0.024594373
-0.024579983
-0.024646488
-0.024444019
-0.024121918
-0.024728216
-0.02468882
-0.024700138
-0.024604303
-0.024509848
-0.024298024
-0.024010073
-0.023794897
-0.024174141
0.010733034
0.010819572
0.011876651
0.012868341
0.010885205
0.012734311
0.012804884
0.013512993
0.012849591
0.011925885
0.010930056
0.013694439
0.014345274
0.014208315
0.014814301
0.010953604
0.010954767
0.011878966
-0.0012278247
-0.0010962589
-0.0023631763
-0.0034238
-0.00093006605
-0.0024850985
-0.0028343554
-0.0036485162
-0.0031478965
-0.0019243636
-0.00073120762
-0.0043928373
-0.0052568483
-0.0048255951
-0.0060049408
-0.00050128305
-0.00024140077
-0.0013459868
-0.006703327
-0.0069617608
-0.0071472835
-0.0060868498
-0.0050218762
-0.0051981139
-0.0072553091
-0.0052879339
-0.005332156
-0.0043667519
-0.0053021806
-0.0062971729
-0.0072838158
-0.0043042039
-0.0033082091
-0.0034128714
-0.0034457807
-0.0025314426
-0.0016294216
-0.0072326039
-0.007103505
-0.006202634
-9.5535418e-05
0.00050526715
-0.0012458955
-0.00060758061
-0.0010239793
-0.0023889394
-0.0018820542
-0.0040664138
-0.0030778019
-0.0032528539
-0.0020614602
-0.0027884306
-0.003514743
-0.0013387016
-0.0015469019
-0.0024432506
-0.0016448573
-0.0046140944
-0.0042365124
-0.0056786956
-0.0048770697
-0.0064683436
-0.00056748976
-0.0016815037
-0.001802441
-0.0030309135
-0.00282909
-0.0066021562
-0.0053982542
-0.006640789
-0.0042052823
-0.0041248362
-0.0040013669
-0.0042422528
-0.0054261596
-0.0066304005
-0.0065719191
-0.0076675069
-0.0078436246
-0.0051888381
-0.006380901
-0.0065149012
-0.0078087639
-0.0075651432
-0.015142499
-0.01395747
-0.014055498
-0.012883554
-0.012734149
-0.0091211067
-0.010392705
-0.0091262852
-0.011649682
-0.011598309
-0.011482906
-0.011636654
-0.010325899
-0.0090740039
-0.0089639211
-0.010214052
-0.0089383632
-0.0090585282
0.0010041994
0.0015543974
0.0019736484
0.0021934692
0.0012374474
0.00020434308
0.0010369046
0.0029075894
0.0030657283
0.0039279607
0.0029142328
0.003080742
0.0019453597
0.0028560359
0.0036836514
0.00095926409
-9.3578913e-05
0.0010058967
0.0021587058
0.0011724799
0.00013489134
0.0014435636
0.0033480629
0.0045077844
0.0044216772
0.0053649845
0.0046916648
0.0049719442
0.006239419
0.0059433787
-0.003810345
-0.0034113626
-0.0020979685
-0.0029271571
-0.0046110401
-0.0063325125
-0.005659582
-0.0023701416
-0.0012978552
-0.0031750437
-0.0040703347
-0.0046619964
-0.0049019501
-0.0033014765
-0.0017501621
-0.0065314953
-0.0081683581
-0.0072092039
-0.0061725765
-0.0076827048
-0.009165203
-0.0079531138
-0.0050692303
-0.0010767163
-0.00026606754
-0.00035927961
-0.0017338895
-0.0022257549
0.00039454781
0.00093063744
-0.0102111
-0.010504821
-0.011154905
-0.0096748726
-0.0089105047
-0.011978508
-0.012592594
-0.01039527
-0.010031831
-0.0087361258
-0.0095347412
-0.011119076
-0.012668561
-0.007933278
-0.0067626729
-0.0070718099
-0.0054232728
-0.013215366
-0.014166404
-0.013613181
-0.01202808
-0.015129753
-0.0049810142
-0.0068599595
-0.0055409853
-0.0087255187
-0.0080130556
-0.0072229066
-0.0089775933
-0.010554316
-0.0093485033
-0.013868226
-0.012318761
-0.012848117
-0.010682538
-0.01154951
-0.012323426
-0.0097339281
-0.0087169402
-0.010267379
-0.011742344
-0.010567854
-0.0093450779
-0.010626894
-0.01312584
-0.014010941
-0.012995821
-0.015596056
-0.014788184
-0.015314633
-0.017060352
-0.016285391
-0.0011036221
-0.00086275582
-0.0023381491
-0.0012005282
-0.0011549562
-0.0035530547
-0.0034906831
-0.0041582871
-0.0031969891
-0.0027864082
-0.0021928349
-0.0034535947
-0.0047338389
-0.00096791151
-0.00064258031
-0.0014553749
-0.00018526042
-0.0058673953
-0.0060193937
-0.0069426155
-0.0055505312
-0.008317156
-0.0081864691
-0.0069471335
-0.0078488433
-0.0072997466
-0.0056442414
-0.0027748648
-0.0043139446
-0.0033758346
-0.0058270238
-0.0050744559
-0.0042939671
-0.0065455141
-0.0056004399
-0.0039492762
-0.0044875523
-0.0032437479
-0.0022833934
-0.0029123517
-0.0015153198
-0.002152963
-0.0012226033
-0.00011620801
0.002770446
0.0023397598
0.003511146
0.0032716076
0.0038385967
0.0041868547
0.0037812317
0.0057006895
0.0051611631
0.0057158833
0.0045389236
0.0046486561
0.0047904635
0.00446281
0.0051333672
0.0057613977
0.0058372403
0.0065581121
0.0063022885
0.005316258
0.0049627726
0.0057596517
0.0057154903
0.0061538262
0.0061171533
0.0058325131
0.0020544311
0.0015311524
0.0010278134
0.002228667
0.003325494
0.003007408
0.0005563295
0.0022227347
0.0024522794
0.0034964005
0.0027147642
0.0014675104
0.00012522376
0.0038535549
0.0048718582
0.0047530929
0.0046570909
0.0056909495
0.0065872689
-0.00025948721
-0.00059490075
0.00085254414
0.0014326145
0.0029278915
0.0018646957
0.0043810457
0.0040636124
0.0037316348
0.0052556166
0.0057704714
0.0046817661
0.0092892805
0.0080503545
0.0092075304
0.0067007926
0.0068987063
0.0070775128
0.0064852725
0.0062540865
0.0077325325
0.0091021805
0.0089750643
0.0088295321
0.010184955
0.010350638
0.0082855287
0.0072361306
0.009379118
0.0093465016
0.01040484
0.010343518
0.0093884591
0.0073681881
0.0086988371
0.0057846934
0.0060243424
0.004690077
0.0040980395
0.0055380951
-0.00046884489
0.0013102084
1.2453546e-06
0.0030360344
0.0026824188
0.0023288954
0.0033870242
0.0021362606
0.00047963161
0.00095974216
0.00049941079
0.0019767894
-0.0013664199
-0.00092567598
-0.0017936785
0.0065609427
0.0073824168
0.0065392951
0.0057522662
0.0049751125
0.0065212056
0.0072272385
0.0053244857
0.0052025868
0.0046124406
0.0050857598
0.005842302
0.0065062013
0.0042439252
0.0035708731
0.0038229835
0.0029661151
0.0024364035
0.0040800228
0.0064940573
0.0070715409
0.006484691
0.0059508902
0.0054504486
0.0064782039
0.0069197468
0.0074633399
0.0077735597
0.0071221634
0.0079613176
0.0083614329
0.0087953815
0.0088774281
0.0080249512
0.0075983601
0.0083445409
0.0086510249
0.0088431321
0.0088291433
0.008377255
0.0079635478
0.0093145109
0.0098278069
0.0096674355
0.0093750891
0.0099328097
0.010507075
0.010109844
0.0089522457
0.007777929
0.0075917769
0.0074709053
0.0078855267
0.0079122124
0.0070471528
0.0071031051
-0.01166396
-0.010478932
-0.012814166
-0.012741958
-0.013692907
-0.013944848
-0.012807107
-0.016780299
-0.01579387
-0.016485097
-0.014762501
-0.014943836
-0.015046044
-0.014502837
-0.015160549
-0.016109213
-0.015655898
-0.015978251
-0.017005808
-0.016108195
-0.015069003
-0.017122224
-0.016992801
-0.017716495
-0.018081632
-0.017171748
-0.017309807
-0.018054538
-0.017483705
-0.016424257
-0.015415933
-0.017579298
-0.018486192
-0.01526814
-0.015392754
-0.014142842
-0.015442104
-0.016542848
-0.017595191
-0.014300382
-0.013093144
-0.012987305
-0.011811732
-0.017531172
-0.018593096
-0.017388564
-0.016353287
-0.018365976
0.0028440143
0.0037587696
0.0042038195
0.0055029059
0.0046000893
0.0074287724
0.0068819821
0.0078868293
0.006238225
0.0057823801
0.0053592467
0.006723784
0.0078510524
0.0083688981
0.008870787
0.0097704319
0.0087864083
0.0060284869
0.0066008328
0.0069987541
0.0078737165
0.0070694711
0.0069411933
0.0067799714
0.0072125469
0.0073656981
0.0066423803
0.0068045524
0.0069672422
0.0069487071
0.0071546926
0.0068648764
0.0065304105
0.0073976832
0.0073082066
0.0070474006
0.0070994405
0.0067761275
0.0068099583
0.0064449983
0.0063862649
0.0066163862
0.0066674177
0.0063533768
0.015038659
0.014875444
0.01538769
0.01452695
0.014278046
0.013986739
0.013604911
0.013994624
0.014732359
0.011407846
0.012308661
0.011378949
0.013043637
0.013183673
0.013283747
0.012864846
0.012648449
0.012067125
0.011317106
0.011222319
0.011093841
0.012402929
0.013342503
0.011364453
0.011403386
0.011287812
0.011398278
0.01062534
0.011611719
0.012132468
0.012817996
0.011733504
0.011089256
0.012748639
0.012868146
0.013346152
0.012891317
0.012328593
0.011763023
0.013445965
0.014008554
0.013931961
0.014498832
0.014911006
0.013757237
0.011700204
0.011199169
0.011545525
0.012146211
0.01253339
0.011299498
0.010952821
0.0087159109
0.0083813445
0.0085225644
0.0088947048
0.008911743
0.0082825276
0.0081458138
0.0075901263
0.0080724208
0.007727345
0.0085142666
0.0082581683
0.0079987776
0.0087653836
0.0084573835
0.0078622547
0.0079930361
0.0076744147
0.0077376611
0.0073131448
0.0074517918
0.0071745018
0.0059033799
0.0062524012
0.0060808307
0.0065489055
0.0064795442
0.0063723122
0.0067623782
0.00679038
0.0065800225
0.0075846408
0.0073702182
0.0077354721
0.0070956248
0.007054267
0.0069749033
0.007098713
0.0070640148
0.0074847877
0.0078457947
0.0079150797
0.0079444216
0.0071010937
0.0068582519
0.0071679525
0.0073947346
0.0069069857
0.0063832526
0.0064967692
0.0065702578
0.0062675775
0.0059030274
0.006094668
0.0066013945
0.0064148629
0.0063518192
0.006314112
0.006244766
0.0064479403
0.0065892173
0.0059813076
0.0056598196
0.0059288884
0.0061541544
0.0059370193
0.0056660466
0.0060027422
0.0063347293
0.0065335907
0.006434927
0.0064552889
0.0064332628
0.0062936145
-0.023722069
-0.023231249
-0.023485865
-0.022638856
-0.022792941
-0.02285253
-0.022173401
-0.021950627
-0.022390665
-0.019605803
-0.020544136
-0.019591622
-0.021401996
-0.021333185
-0.021172428
-0.02137872
-0.021263416
-0.020417987
-0.019490802
-0.019303851
-0.019030679
-0.02031066
-0.020920162
-0.019372499
-0.019532887
-0.019124004
-0.017373889
-0.017884229
-0.018688642
-0.019903191
-0.018310817
-0.020809414
-0.020602
-0.021564438
-0.02029932
-0.019513672
-0.018650783
-0.021002296
-0.021973098
-0.022231169
-0.022804311
-0.018901407
-0.019060075
-0.019972231
0.010663301
0.010732717
0.010274353
0.009792156
0.010713868
0.0091647425
0.0094595925
0.0087039754
0.0096691705
0.010131855
0.010606522
0.0092224709
0.0085721521
0.0082645908
0.0078501949
0.010411655
0.010131604
0.0096424508
0.0062861538
0.0066509658
0.0061256667
0.0058278247
0.0052804645
0.0059980885
0.006342188
0.00498696
0.0050482904
0.004451767
0.0051462614
0.0055654088
0.0059044439
0.0046499923
0.0039436344
0.003844154
0.0031701471
0.0058453875
0.0061610463
0.0058212933
0.0054447827
0.0061136703
0.0062850048
0.0063085341
0.0063993016
0.0064544927
0.0063649394
0.006710905
0.0065939002
0.0066174487
0.0065081779
0.006509582
0.0064541
0.0064498188
0.006385419
0.0064674802
0.0062620914
0.0065752514
0.0067269657
0.0067473425
-0.0057760141
-0.0052822592
-0.0074704668
-0.0047212602
-0.0030149498
-0.0012984343
-0.00072530699
-0.0040964039
-0.0064050654
0.0011803043
0.00052311614
0.0027439595
-0.000115448
-0.0017712812
-0.0034158246
0.0015376377
0.0031740075
0.0037283873
0.0042902341
0.0058037555
0.0072706776
0.0077227765
0.0048544828
-0.0026902157
-0.0050353403
-0.0019338529
-0.00038463181
0.0018437771
-0.0011698226
-0.0034492834
-0.0021372032
-0.0027490506
-0.0042595191
-0.0033428271
-0.0011072155
0.0011022769
0.00062101312
-0.0039034084
-0.0055792979
-0.00068744743
-0.00027972761
0.0015975633
0.00015802613
-0.0021246237
-0.0044205609
0.0023977532
0.0045650717
0.0041869998
0.0038220281
0.0059529922
0.0079591595
0.0076606025
0.0034758967
-0.004887264
-0.0067013025
-0.0053003209
-0.0029987495
-0.001063001
-0.005664663
-0.0075550633
0.0081013472
0.0096610454
0.0082423989
0.006455921
0.0047682388
0.0083757015
0.009907823
0.0054089747
0.0051941377
0.0036082486
0.0049794133
0.0067933965
0.0084976031
0.0030753587
0.0014117254
0.0017336332
-0.00019022147
-0.001702752
0.0020616598
0.0086055966
0.010074208
0.0086985592
0.0071129143
0.0056220116
0.0087792918
0.010145884
0.016872015
0.017165127
0.017410623
0.016688927
0.015723146
0.015985459
0.017605375
0.01648368
0.016368353
0.015430544
0.016201458
0.0170983
0.017747076
0.015068708
0.013715482
0.013957372
0.014154422
0.012675209
0.011017533
0.011249574
0.014303089
0.017833899
0.017864383
0.017298611
0.016545494
0.017837046
0.0073147038
0.0091351158
0.007365313
0.0053191098
0.0031974237
0.0074189886
0.0092897166
0.0033787489
0.003300223
0.0011300634
0.0032397383
0.0054093462
0.0074743589
0.00099377352
-0.0012480603
-0.0011688584
-0.0034830247
0.0075313154
0.0094098617
0.0075914889
0.0055435376
0.00949094
0.011006414
0.01097138
0.012410319
0.01365993
0.010916453
0.013306294
0.013455384
0.014438028
0.013573082
0.012274814
0.010843204
0.014726251
0.015588313
0.015416729
0.016231151
0.016644233
0.015209613
0.010751607
0.010639363
0.012034907
0.013124527
0.010498486
-0.0084687302
-0.0088896906
-0.0094333154
-0.0079395032
-0.0073188097
-0.010351986
-0.01087435
-0.0097500102
-0.0089977089
-0.0081905957
-0.0081853747
-0.0097216246
-0.01121498
-0.0066187295
-0.0058500934
-0.0066097814
-0.0050236065
-0.0041497865
-0.0073079965
-0.012014377
-0.012654932
-0.012744335
-0.011272754
-0.010437952
-0.01340351
-0.014153155
-0.0095184331
-0.0091742934
-0.0087320525
-0.010711742
-0.012623329
-0.012131651
-0.0082052526
-0.010080483
-0.010851859
-0.011952556
-0.011538177
-0.0095966148
-0.0076034389
-0.013407415
-0.015184087
-0.014518183
-0.01374948
-0.015447959
-0.017025306
-0.016187095
-0.012885948
-0.0069352576
-0.0062085384
-0.0081573562
-0.0092300965
-0.0054265985
0.0099365476
0.0095430926
0.008656187
0.0091359785
0.010345813
0.011467847
0.011043103
0.0087245051
0.0078453669
0.0097302753
0.010169884
0.010712129
0.010608724
0.0095040994
0.0083149402
0.011621171
0.012534181
0.012070536
0.011599785
0.012385612
0.013062526
0.01256562
0.011125777
0.0079119846
0.0070490727
0.007518599
0.0086626619
0.0092918675
0.0071333342
0.0063075142
0.013644716
0.014215705
0.013452985
0.013118833
0.014767743
0.014736332
0.014226533
0.01374302
0.013685253
0.014569939
0.015293487
0.012647825
0.012047715
0.012602312
0.011328124
0.01578585
0.016237985
0.015570904
-0.017571805
-0.018242323
-0.018061213
-0.016685377
-0.015602094
-0.018488089
-0.019298805
-0.01648858
-0.01625673
-0.014871309
-0.015960558
-0.017468223
-0.018848341
-0.014340123
-0.01291976
-0.013156646
-0.011364798
-0.0097034337
-0.013330984
-0.019139075
-0.020088844
-0.01935887
-0.017990115
-0.016654928
-0.019509185
-0.020579782
-0.0024545462
-0.0039160301
-0.0041159765
-0.0053455709
-0.0036473131
-0.0019696264
-0.003319656
-0.0067236824
-0.0070484903
-0.0070212038
-0.0058577383
-0.0053289977
-0.0046199958
-0.006324487
-0.008033856
-0.0029387515
-0.0012994347
-0.0025096584
-0.0036609058
-0.0020374594
-0.00047979231
-0.0015259793
-0.0047431104
-0.0092618064
-0.0097306678
-0.010395254
-0.0087169889
-0.0081004593
-0.011425538
-0.012034681
0.010524166
0.01038299
0.011341621
0.010637167
0.010724247
0.012104031
0.012016494
0.012791156
0.012170914
0.012152888
0.011480466
0.012154483
0.012803873
0.010785604
0.010819986
0.011495669
0.010824718
0.010795361
0.012096429
0.013434933
0.013425558
0.013992389
0.013405695
0.013338062
0.014474761
0.014549437
0.017552892
0.01794027
0.017202176
0.016915244
0.016033899
0.016787272
0.017404571
0.014155499
0.014835674
0.013525747
0.015462897
0.015927497
0.016310901
0.014920229
0.013590365
0.012827522
0.012066754
0.015776277
0.016610837
0.015187361
0.014711171
0.015579226
0.0073068246
0.0058990279
0.0068980616
0.0064984169
0.0044496897
0.0022890842
0.003708105
0.0033756104
0.00511515
0.0040672081
0.002974722
0.006111565
0.0057418511
0.0044139315
0.0053945496
0.0050774168
0.0030753593
0.0014893826
8.4004917e-06
0.0011636675
0.00086826069
-0.0014561079
-0.0056931198
-0.0072789327
-0.0071919773
-0.0086297718
-0.0088586408
-0.013216289
-0.011726011
-0.01301726
-0.01019305
-0.010335498
-0.010416884
-0.0099905886
-0.011259477
-0.01275112
-0.012421504
-0.013459887
-0.014196008
-0.011938424
-0.013407648
-0.01334639
-0.014651942
-0.014808215
0.0083542185
0.0088920706
0.0094644064
0.008770466
0.0079877625
0.0085765455
0.010063055
0.010473461
0.009826779
0.0095961243
0.0091920548
0.0099830006
0.010680325
0.0083129509
0.0073518871
0.0079827429
0.0086318497
0.0075891158
0.0064771783
0.011308479
0.011939549
0.011256589
0.0057141016
0.0051774436
0.0049529452
0.0062127055
0.0066611429
0.0042004891
0.0035852576
0.0046503836
0.0053066678
0.0057838974
0.0059781117
0.0047770217
0.0034627159
0.0070526057
0.0073824811
0.0067870656
0.0076475579
0.0078463679
0.0062044687
0.0027447673
0.0020479082
0.002050746
0.0034005913
0.004012391
0.0013825391
0.00061903872
-0.023679986
-0.023765064
-0.024063535
-0.023671359
-0.023275227
-0.022794182
-0.022600179
-0.023397527
-0.023980419
-0.020967175
-0.021682854
-0.020569233
-0.022228785
-0.022628856
-0.022945269
-0.021747648
-0.021188209
-0.020727741
-0.020096985
-0.019553641
-0.018941102
-0.022319107
-0.023175728
-0.021526689
-0.021287472
-0.021680758
-0.023516688
-0.023497721
-0.022858556
-0.023395198
-0.023988895
-0.024402366
-0.024324206
-0.023210658
-0.022625467
-0.023585962
-0.023915034
-0.024028009
-0.024161494
-0.023641896
-0.022945449
-0.02449947
-0.024652424
-0.024513266
-0.024288956
-0.024366673
-0.024261257
-0.022601068
-0.022078013
-0.022179126
-0.022967334
-0.021230476
-0.014521559
-0.014983395
-0.015370641
-0.0164495
-0.017426721
-0.017836251
-0.015682005
-0.018542528
-0.018396228
-0.01959461
-0.018160106
-0.017087377
-0.015915237
-0.019125739
-0.01997739
-0.020302502
-0.02053387
-0.021352577
-0.02204444
-0.022262869
-0.020670345
-0.016068043
-0.01613778
-0.017386686
-0.018596883
-0.016119641
0.016204496
0.015756147
0.016353421
0.016615735
0.016983751
0.016401608
0.01602936
0.016861408
0.017007206
0.017233179
0.017047943
0.016728909
0.016348089
0.01730369
0.017571624
0.017541477
0.017784503
0.016192806
0.015907197
0.015936356
0.016428321
0.015387955
0.011361107
0.012000184
0.012623991
0.013060888
0.013406378
0.013960501
0.01322962
0.015466375
0.014993288
0.015605998
0.014490405
0.014198377
0.013813146
0.014687125
0.014787329
0.015232167
0.015646976
0.015589684
0.015435824
0.014370304
0.014896629
0.015229058
0.00023180628
0.00098122388
-0.00013692377
-0.00047657378
0.0017616833
0.0021577417
0.0012570228
0.0010481515
0.00037731971
0.001495786
0.0025670067
-0.00078079901
-0.001045791
-9.8128118e-05
-0.0012700591
0.0033913104
0.0042291819
0.0032209074
-0.018948123
-0.020226117
-0.018311426
-0.017525893
-0.015976665
-0.017602304
-0.019007628
-0.013567725
-0.014429029
-0.012691011
-0.015233498
-0.016071376
-0.01682545
-0.014318056
-0.012568981
-0.011749314
-0.010751003
-0.015986598
-0.017489389
-0.015092827
-0.014371199
-0.015722215
-0.017053488
-0.017929014
-0.018298523
-0.019445215
-0.018740535
-0.021542729
-0.020922671
-0.021837526
-0.02022201
-0.019887789
-0.019482188
-0.020483181
-0.021403462
-0.022056228
-0.022197931
-0.020148347
-0.020733283
-0.021173674
0.0064389213
0.0057207087
0.0061455816
0.0048822588
0.0051772362
0.0055515449
0.004523466
0.0039337661
0.0046697486
0.00085749899
0.0021636946
0.0011584553
0.0033900967
0.0030942142
0.0028868264
0.0037712429
0.0042315937
0.002935688
0.001553899
0.0020360549
0.0025916851
0.0010996721
9.8841984e-05
0.0017546678
0.0027683649
0.00055249636
0.000655317
-0.00051457716
-0.00070246918
0.0005430082
0.00087428227
-0.00099289995
-2.966753e-05
-0.0029563376
-0.0019550549
-0.00088482267
-0.002900142
-0.0049818775
-0.0038793527
-0.0091019093
-0.0070400258
-0.0079593171
-0.0049624636
-0.0060413159
-0.0070363803
-0.0038102769
-0.0025966441
-0.0046672522
-0.0067371906
-0.0054512278
-0.0041202455
-0.0061343764
-0.0087775439
-0.0090866936
-0.0079389145
-0.011099026
-0.010151896
-0.011119897
-0.013039816
-0.01193794
0.0041292682
0.003321184
0.0055458752
0.0048661139
0.0055190188
0.0068168385
0.0062629436
0.0083756123
0.0076048376
0.0078221451
0.0066485661
0.0072670217
0.0079223837
0.0060744313
0.0065205345
0.0073106197
0.0068475602
0.0088468006
0.0086070729
0.0095782077
0.0089636919
0.010210709
-0.0022034414
-0.0028865231
-0.0002932267
-0.0014737345
-0.00070359616
0.0015832826
0.0009289668
0.0046241095
0.0029267366
0.0035949502
0.0011444246
0.0022518972
0.0034013261
9.3778329e-05
0.00090249109
0.0026165807
0.0017041519
0.0024747668
0.0042407047
0.005138258
0.0045791833
0.0067734583
0.0056887659
0.0062192837
0.0082898164
0.0078651148
-0.0014737935
-0.0014243942
-0.0022662206
-0.0014071604
-0.0012273355
-0.0030725669
-0.003085034
-0.0034205306
-0.0026847925
-0.0023175457
-0.0019523267
-0.002937436
-0.0038861315
-0.00093759516
-0.0005420016
-0.0011889026
-4.5702862e-05
0.00054483548
-0.0018368314
-0.0047006345
-0.0047932972
-0.0055106716
-0.0044878009
-0.0041562348
-0.0063141312
-0.006484579
-0.0012814459
-0.0025244089
-0.0032061021
-0.0051952878
-0.003746859
-0.0088736194
-0.0077021857
-0.0096916284
-0.0064729057
-0.005711173
-0.0049372359
-0.0072171658
-0.0092398281
-0.010478965
-0.011229386
-0.013146423
-0.011649434
-0.0060840826
-0.0071754998
-0.0080321062
-0.0099786981
-0.0081984908
-0.018294887
-0.016847113
-0.017127025
-0.01526613
-0.016458655
-0.017528622
-0.015962513
-0.013573986
-0.013960823
-0.010674878
-0.012517109
-0.011856863
-0.01428588
-0.013091574
-0.011792194
-0.015363475
-0.016312876
-0.014668946
-0.0129329
-0.013889335
-0.014711074
-0.0099427722
-0.010399095
-0.0080489772
-0.0094008005
-0.0066319599
0.0003224048
0.0014440591
0.0025006349
0.0023047614
0.0021824105
0.0031153701
0.00347878
0.0053635955
0.0047144949
0.0052266064
0.0039623965
0.0041296578
0.0043660216
0.0038657787
0.0038409821
0.0045466348
0.0051550088
0.0051493456
0.0052096041
0.0051515312
0.0058262055
0.0055643739
0.0043249841
0.0027300531
0.0053177905
0.0058083798
0.0071500693
0.0062920605
0.0047919117
0.0096126987
0.0088295565
0.0098353108
0.0080072393
0.0076435824
0.007240475
0.008329094
0.0093288211
0.010009781
0.01013504
0.010735079
0.010646434
0.0081559191
0.0068002678
0.0090315843
0.009343777
0.010353333
0.0098622695
0.0086817124
0.0083696121
0.0093768185
0.0084433878
0.0073513488
0.0063443188
0.0085092338
0.0094897287
0.0066943886
0.0065827552
0.0056657196
0.0064658281
0.0075346507
0.0085659976
0.0053655698
0.0044291089
0.0046137306
0.0035469264
0.0086130717
0.0095549211
0.0086507296
0.0076918267
0.0095658118
0.002020837
0.0027586446
0.0017993527
0.0034427238
0.0037085198
0.0040378686
0.0046385826
0.0040686627
0.0032415442
0.0060450747
0.0056452766
0.0063786108
0.0051754591
0.0048724662
0.0046317395
0.005537871
0.0059563881
0.0063956479
0.006765631
0.0072013282
0.0076798972
0.0051276385
0.0044560981
0.0055525678
0.0057687495
0.0053994343
-0.010936082
-0.012544923
-0.010384795
-0.0092830827
-0.0076100809
-0.0097736833
-0.011398702
-0.005861002
-0.0064862754
-0.0048595698
-0.0070708571
-0.0081302198
-0.0091074777
-0.0059386575
-0.0042890795
-0.0037960117
-0.0026811334
-0.0011340286
-0.0032672989
-0.0083924292
-0.0099934981
-0.007636412
-0.0067900686
-0.0052006236
-0.0068497078
-0.0083877455
-0.019720784
-0.020467186
-0.019266641
-0.021126581
-0.021518508
-0.021768043
-0.022407406
-0.021695944
-0.02059316
-0.023736488
-0.023394403
-0.023973975
-0.022950514
-0.022632478
-0.022171407
-0.023122909
-0.023148812
-0.023656724
-0.024062723
-0.024002941
-0.02379747
-0.02415755
-0.024364686
-0.022549348
-0.021572332
-0.022826493
-0.023352412
-0.023974682
-0.022999716
-0.02216704
-0.024495297
-0.024579718
-0.024675776
-0.024695117
-0.024512744
-0.02390471
-0.024319661
-0.023979446
-0.02458388
-0.024497844
-0.024294387
-0.024551999
-0.024247498
-0.02393949
-0.023785105
-0.02317055
-0.023479973
-0.023926642
-0.023413516
-0.02371569
-0.023342721
-0.022760688
0.0047430131
0.0042055063
0.0040000627
0.0031805178
0.0036008186
0.00084597243
0.001677868
0.00063082798
0.0024578288
0.0026715212
0.0029336319
0.0022944631
0.001353076
0.00047193389
0.00036972469
-0.00063762348
-0.00045639673
0.0022095376
0.0014352973
0.0011153697
-3.2344269e-05
0.00061918315
-0.0087822827
-0.0091550574
-0.0077035462
-0.0094099972
-0.010581995
-0.011718499
-0.011965814
-0.0095467515
-0.0082115411
-0.011931846
-0.012072577
-0.013237072
-0.012083913
-0.010838303
-0.0095643821
-0.013290013
-0.014446093
-0.014539617
-0.014497748
-0.015700791
-0.016833936
-0.016761456
-0.014320875
-0.0094627778
-0.008273675
-0.0092426047
-0.010595592
-0.011661937
-0.008903691
-0.0078879889
-0.016675308
-0.017795153
-0.016389291
-0.015444195
-0.014118946
-0.015975798
-0.017275915
-0.012431659
-0.013107923
-0.011568699
-0.013671906
-0.014581723
-0.015437819
-0.01271527
-0.011249025
-0.010668097
-0.0097372083
-0.014780735
-0.016233183
-0.014012787
-0.013249223
-0.014711394
-0.021720376
-0.022599724
-0.021288039
-0.020698854
-0.019548864
-0.02075018
-0.021741152
-0.017685134
-0.018398449
-0.017062814
-0.019021294
-0.019631957
-0.020111338
-0.018284372
-0.016920512
-0.01632363
-0.015474302
-0.013964937
-0.015639245
-0.019377475
-0.020454997
-0.018556232
-0.01818472
-0.0168871
-0.017657215
-0.018793371
0.006968015
0.0061085353
0.0060257926
0.0050324708
0.005110438
0.0015308021
0.0028072699
0.001622722
0.0039788715
0.0039739275
0.0039852968
0.0040002667
0.0029415517
0.001736191
0.0018697807
0.00080156948
0.0004329186
0.0027470045
0.0014124091
0.0014609134
0.00016339143
2.9439211e-06
0.015285247
0.014746225
0.01503213
0.014102149
0.01427536
0.014423582
0.013622446
0.013359851
0.013904423
0.010685303
0.011745495
0.010692187
0.0127272
0.012637845
0.012526424
0.012794089
0.012837843
0.011800097
0.010682028
0.010654229
0.010606545
0.011609778
0.012393199
0.010619154
0.010661223
0.010557306
0.011354882
0.011355782
0.011986184
0.012620112
0.011302739
0.012536098
0.012621569
0.013270793
0.012649561
0.011963395
0.011196118
0.013249141
0.013866056
0.01391507
0.014463263
0.011036314
0.010823578
0.011717735
-0.015993457
-0.015087172
-0.017221637
-0.016811064
-0.017530513
-0.018383556
-0.017541518
-0.020701815
-0.019733425
-0.020228156
-0.018673667
-0.01911634
-0.019468414
-0.018143188
-0.018641633
-0.019665503
-0.019018895
-0.020466447
-0.019728207
-0.021368616
-0.021082748
-0.021559495
-0.0015258409
-0.0014915011
-0.0013884718
-0.0023510588
-0.0033395419
-0.0032060499
-0.0012195419
-0.0023822349
-0.002724965
-0.0034548766
-0.0030003035
-0.0019779214
-0.0009866435
-0.0040477535
-0.0051143394
-0.0048684143
-0.0045506067
-0.005661074
-0.0067779247
-0.006420773
-0.0041632096
-0.00069189978
-0.00033773154
-0.0013406186
-0.0019737057
7.4033374e-05
-0.0056943111
-0.0045444875
-0.0048909466
-0.0040166113
-0.0034101351
-0.00062328075
-0.0017209994
-0.00079863331
-0.0028543289
-0.0025941036
-0.0023002164
-0.0030793706
-0.0020887633
-0.00094358271
-0.001056335
-0.0012230379
-0.00018662157
-0.00041893527
-0.0068378058
-0.00595246
-0.0070940609
-0.0072453158
-0.0050570667
-0.0043098854
-0.0052880411
-0.0052510388
-0.0062685719
-0.0052231957
-0.0041597866
-0.0072882099
-0.0072223348
-0.0061675031
-0.0070500698
-0.0032679669
-0.00238833
-0.0033527619
-0.009799933
-0.010650294
-0.011207575
-0.012595304
-0.011448109
-0.014995081
-0.014268447
-0.015609062
-0.013466299
-0.012877326
-0.0121861
-0.013948445
-0.015252881
-0.016109991
-0.016494303
-0.012857061
-0.013453322
-0.014273791
-0.018541714
-0.018648009
-0.019227724
-0.018293332
-0.017907514
-0.019846537
-0.020073185
-0.01938481
-0.01896546
-0.018319256
-0.018472013
-0.019475929
-0.020392763
-0.0173884
-0.016741002
-0.01717801
-0.015971615
-0.020862136
-0.021216305
-0.021251483
-0.020365154
-0.022035912
-0.022847423
-0.02298729
-0.022406678
-0.021854077
-0.023016926
-0.021538086
-0.021752509
-0.020961767
-0.021858014
-0.0224394
-0.022935429
-0.021195141
-0.020436061
-0.020308753
-0.019584187
-0.022743236
-0.022442184
-0.022033046
-0.0048725756
-0.0041308061
-0.0028881513
-0.0033537079
-0.0052528908
-0.0071211404
-0.0062149897
-0.0025559266
-0.0014437146
-0.0033760143
-0.004332514
-0.0049574989
-0.0052820106
-0.0035267531
-0.0017489258
-0.0069927298
-0.0086361391
-0.0075701907
-0.0064859175
-0.0079386675
-0.0092919136
-0.0080993236
-0.0053928326
-0.00094252066
3.1157512e-05
-0.00014501566
-0.0017641306
-0.0024211607
0.00063854916
0.00145872
0.0067831091
0.0065160593
0.0063016075
0.0065713389
0.0066576406
0.006501785
0.0061449328
0.0063917411
0.006368485
0.0062957922
0.0064050839
0.0063183718
0.0060488694
0.0063074469
0.0060266246
0.0059923865
0.0060183084
0.0055638446
0.0049408208
0.0050311157
0.0061032085
0.0060142534
0.0060398662
0.0063053794
0.0064735579
0.0061218276
-0.01050662
-0.010581386
-0.011672561
-0.010191882
-0.0096457676
-0.012770214
-0.013062156
-0.012217684
-0.011448927
-0.010444614
-0.010587829
-0.012228651
-0.013783132
-0.0088789395
-0.0079064656
-0.0086135073
-0.0067481194
-0.014697109
-0.015234697
-0.01550045
-0.013910092
-0.016969942
0.005049329
0.0043226618
0.0052343852
0.0056852937
0.0062133265
0.0054963175
0.0046773799
0.0071829741
0.0067962181
0.0072543724
0.0064711419
0.0062069839
0.0058322376
0.0066218925
0.0069032538
0.0072106294
0.0070526474
0.0070664824
0.007573635
0.0062367704
0.0053508877
0.006701791
0.0069976037
0.0076249215
0.0072153839
0.0063020718
-0.013957755
-0.013599296
-0.015135329
-0.013089706
-0.01195455
-0.010765823
-0.010236455
-0.012433073
-0.014163518
-0.0079054737
-0.0087964949
-0.0069522297
-0.0095770971
-0.010633472
-0.011637596
-0.0084769364
-0.0073416748
-0.0067070256
-0.0059668945
-0.004958021
-0.0039335157
-0.003262582
-0.0051292832
-0.010714588
-0.012581463
-0.0096794418
-0.0088177464
-0.0069161771
-0.0085540993
-0.01047909
-0.0041209277
-0.0025200606
-0.0042487063
-0.0057834414
-0.0074715463
-0.00431674
-0.0027516039
-0.007440156
-0.0075214244
-0.009106357
-0.0075317089
-0.005916225
-0.004324592
-0.0091542639
-0.010802198
-0.010761824
-0.012386035
-0.013876013
-0.010645516
-0.0042716527
-0.0027709244
-0.0041566491
-0.0057835037
-0.0072876566
-0.0039759247
-0.0025780676
-0.001146254
-0.00018829048
-0.0013432049
0.00072460887
0.0010036751
0.0013821363
0.0022128503
0.0015860225
0.00054512165
0.0043295041
0.003691209
0.0047225927
0.0029841811
0.00263978
0.0023893852
0.0034186876
0.0039380479
0.0046006131
0.0051942948
0.0057378229
0.0063447372
0.0068087759
0.0057155903
0.0031285889
0.0022362654
0.0037981233
0.0040200777
0.0048952544
0.0043934051
0.0036682026
0.0075725393
0.0079511801
0.0071904061
0.0083566729
0.0086543981
0.0088605822
0.009288869
0.0087867511
0.0079686682
0.010678941
0.010201846
0.010783643
0.0097371589
0.0095339174
0.0092380287
0.0098463112
0.0098606634
0.010320162
0.010792105
0.010704742
0.01052337
0.010993839
0.011272775
0.0097062634
0.0088515993
0.010186132
0.010478946
0.011164445
0.010670754
0.0098050055
0.0099421322
0.0093769437
0.0096818306
0.0093380497
0.0088372277
0.0079563076
0.0083806304
0.0080383103
0.008842816
0.0086478928
0.0083307375
0.0089139391
0.008414337
0.0080012701
0.0078456332
0.0078638343
0.0074415223
0.0077563859
0.0053996829
0.0066196051
0.0043208341
0.0041122512
0.0027813132
0.0031202044
0.0045628122
-0.0012737339
0.00016056269
-0.0013128032
0.0015173384
0.0016453721
0.0018120564
0.001429339
7.8478492e-05
-0.0013039934
-0.0012477638
0.00041293165
0.0020155521
-0.0010578094
-0.0011877828
-0.00088995635
0.00025836534
0.0017225473
-7.2480767e-05
-0.0012232801
-0.0026958221
-0.00035246126
0.0010254143
-0.0031541083
-0.0030632183
-0.0043588
-0.0029101636
-0.0017218971
-0.00057975757
-0.0041366805
-0.0055253256
-0.0055918122
-0.0068425129
-0.0080704676
-0.0055931533
-0.00075261493
0.00050940901
-0.00086906197
-0.0019876787
-0.0031820442
-0.00092576539
0.0001928129
0.0029632475
0.0023522732
0.001707627
0.0033243697
0.0048663461
0.0043565179
0.0010402225
0.0026641127
0.0032498997
0.0044220219
0.0038157005
0.0021181293
0.00035889302
0.0054331354
0.0069527384
0.0065393151
0.0060942222
0.0076598553
0.0091001249
-0.00032867376
-0.0010163386
0.00084308009
-0.011695523
-0.010373613
-0.012801198
-0.012966531
-0.014164622
-0.013889561
-0.012565334
-0.017274507
-0.016277116
-0.017313267
-0.015238494
-0.01513131
-0.014952129
-0.015272982
-0.016276389
-0.017274539
-0.017159313
-0.017903816
-0.018223441
-0.015980582
-0.014701985
-0.016966834
-0.017158449
-0.018225834
-0.017904698
-0.016704582
0.0048223726
0.0046523385
0.0052426707
0.0050716246
0.0053998857
0.0056505338
0.0054070929
0.0068055382
0.0063581164
0.0068151054
0.005888589
0.0059683117
0.0060426289
0.005804095
0.0062788586
0.0068184639
0.0068160691
0.0074033682
0.0073314697
0.0064158192
0.0061109818
0.0067670935
0.0067895273
0.0072283658
0.0070939995
0.0067389591
0.0063568707
0.0060205989
0.0065443336
0.0065182587
0.006498998
0.0066828231
0.0065511597
0.0062797704
0.0064014209
0.0059911171
0.0064747842
0.006632794
0.0067714154
0.0062979935
0.0059177453
0.0056854664
0.0053648381
0.0068097449
0.0068903631
0.0067982395
0.0065494134
0.007025506
-0.015607504
-0.015941935
-0.016001785
-0.015102029
-0.014435093
-0.016313767
-0.016857169
-0.014758665
-0.014733285
-0.013717893
-0.014625363
-0.015601857
-0.016540534
-0.01361652
-0.01265704
-0.012652167
-0.011569715
-0.0166805
-0.01743702
-0.016733842
-0.015766491
-0.017655701
0.0095158052
0.0090212824
0.0085415645
0.0081556615
0.0076963234
0.0072160151
0.0080805093
0.0059322531
0.0063312037
0.0053666053
0.0067601211
0.007238216
0.0076421492
0.006211178
0.0055944362
0.0051507378
0.0047358387
0.0040452916
0.0032996829
0.0029058793
0.0043516962
0.0072303065
0.0068488061
0.0064278582
0.0055666786
0.0065020748
0.015101202
0.014561067
0.01399313
0.014084627
0.014069215
0.013529599
0.013405279
0.011841014
0.01240989
0.011815289
0.012974548
0.012941844
0.012804664
0.012902554
0.012726163
0.012211079
0.011689346
0.011463902
0.011139829
0.012198108
0.011592378
0.011766487
0.011261438
0.01035902
0.011352952
0.012123274
0.012931486
0.011415067
0.010421889
0.013341822
0.013240379
0.01405318
0.013103239
0.012357937
0.011447806
0.013675664
0.014346772
0.014586492
0.014936397
0.011450782
0.010382336
0.011422913
0.012460986
0.010244567
-0.023248252
-0.022744985
-0.023426044
-0.022132526
-0.021915311
-0.021596109
-0.020947076
-0.021416203
-0.022246732
-0.018438515
-0.019362044
-0.018160013
-0.02020041
-0.020451206
-0.020602352
-0.019851513
-0.019406358
-0.018641412
-0.017790306
-0.017331909
-0.016786653
-0.019698296
-0.020652698
-0.018712624
-0.018623452
-0.018703638
0.0078867238
0.0083577052
0.007847619
0.0074511285
0.0070594844
0.007765976
0.0081892254
0.0069930549
0.0070557385
0.0067766263
0.0070778881
0.0073866006
0.0076418128
0.0067174829
0.006429061
0.0065104063
0.0061966546
0.0074759618
0.0078420392
0.0072698754
0.0071579419
0.00732756
0.008082955
0.0080072396
0.0079185329
0.0084648621
0.0089679661
0.0087661156
0.0078188719
0.00808807
0.0083248875
0.0083373172
0.0085513067
0.0081514225
0.0077093376
0.0089058506
0.0092118568
0.0088824205
0.0085412182
0.0086975894
0.0088036583
0.0075906262
0.0074632345
0.007795791
-0.019162647
-0.019298417
-0.020288294
-0.021261983
-0.019349315
-0.02093965
-0.021137303
-0.021780264
-0.021244909
-0.020324147
-0.01931535
-0.022070549
-0.022704487
-0.022521806
-0.023157309
-0.019196475
-0.018992677
-0.020007588
0.0092192488
0.0093212906
0.0081756279
0.007134804
0.009403462
0.0075832231
0.0074513948
0.0065054159
0.0073015437
0.0084215963
0.0094642513
0.0061131147
0.005124851
0.0053682325
0.0041831641
0.0095029296
0.0095195755
0.0085912234
0.0010707612
0.0012010431
0.0013764624
0.0021902151
0.002946672
0.0031489881
0.0015981106
0.0039959997
0.003675138
0.0046477132
0.0033921344
0.0026560829
0.0018650588
0.0040678375
0.004678776
0.0049383211
0.0052347628
0.0057523962
0.0061972552
0.0021750363
0.0025241966
0.0032855796
0.0038929431
0.0037919854
0.0034450677
0.0040817975
0.0043552359
0.0029834126
0.0027723359
0.0033128024
0.0036707271
0.0041370917
0.0040188972
0.0032845899
0.0025119872
0.0047094604
0.0051394447
0.004914619
0.0056384255
0.0020344759
0.0017060623
0.0015538967
0.0024491591
0.00063358222
0.0031197334
0.0023758069
0.0025548704
0.0019782435
0.0015656772
-0.0007595488
0.00020657856
-0.00047321647
0.0011211645
0.00088775873
0.00069568428
0.0013946469
0.00080909455
-0.00014319048
0.00022735506
-0.00034300273
-0.0011461855
-0.00022704638
-0.0011942516
-0.0010001671
-0.0017709442
-0.0021964606
-0.0073222063
-0.0060916709
-0.0065332773
-0.0057084407
-0.0048744156
-0.0022307706
-0.0033576752
-0.0025699006
-0.0045195305
-0.0041277446
-0.0036812505
-0.0048542724
-0.0039782672
-0.0028568764
-0.0030889731
-0.0025220925
-0.0014063866
-0.0018420668
0.0081360649
0.0096153924
0.0075203511
0.0065243103
0.0048013287
0.0068560928
0.0085177974
0.0023965462
0.0032234832
0.0012919715
0.0040276954
0.0050849096
0.0061500436
0.002988758
0.0011093099
0.00021869588
-0.00081228739
-0.0027489507
-0.00068891601
0.0054103708
0.0072115121
0.0046472118
0.003519798
0.0015564718
0.0038749364
0.0057607317
-0.010292637
-0.01192724
-0.0090362574
-0.0086180578
-0.0069260495
-0.0076911181
-0.009389401
-0.0028838817
-0.0042876985
-0.0026183584
-0.0056393228
-0.0059846916
-0.0062711941
-0.0052383874
-0.0035760111
-0.002309426
-0.0019598622
-0.00041170383
-0.00099508325
-0.0047921214
-0.0064944842
-0.0032714846
-0.0031028838
-0.0014416771
-0.0017295089
-0.0033825508
-0.013874831
-0.012510617
-0.012283172
-0.011070518
-0.012649879
-0.014136387
-0.012694171
-0.0095747597
-0.0094105829
-0.0080798748
-0.0096509901
-0.0095612344
-0.01119397
-0.0096556381
-0.0080412484
-0.012641432
-0.013983295
-0.012492554
-0.010957435
-0.012251498
-0.013424567
-0.0064870409
-0.0063654513
-0.0049289628
-0.0065300589
-0.0032934166
-0.021334938
-0.022251738
-0.02044496
-0.02027816
-0.019094819
-0.01939711
-0.020479098
-0.015567556
-0.016879149
-0.015470607
-0.018058514
-0.018192852
-0.018201982
-0.017799961
-0.016410251
-0.015262448
-0.014944599
-0.016872388
-0.018084804
-0.015423812
-0.015552226
-0.01517945
0.015564497
0.015750477
0.015615501
0.015185996
0.01461921
0.015538143
0.016018469
0.013531517
0.014016418
0.012991913
0.014380028
0.014868214
0.015332193
0.013870546
0.012949145
0.012436049
0.011867414
0.010641528
0.011804827
0.014999614
0.015769047
0.014544978
0.014050746
0.012930681
0.013977136
0.015008949
0.0012585485
0.0030400557
0.0016831213
0.0047891551
0.0043698327
0.0039547741
0.0056598441
0.0064874213
0.0052096893
0.010358069
0.0088754593
0.0099642879
0.0073048088
0.0077128392
0.0081172597
0.0068965501
0.0064923675
0.0080666805
0.0095622656
0.00915679
0.0087546969
0.010151911
0.010968149
0.0096622041
0.0085157413
0.011106371
0.010739765
0.011739802
0.012434099
0.011456915
0.017410502
0.017236132
0.016931025
0.016944685
0.017492673
0.017885207
0.017696549
0.016539547
0.016246032
0.01644612
0.016973956
0.017109953
0.017391901
0.016783202
0.016024726
0.017845037
0.018138196
0.017936313
0.017619392
0.017969211
0.018156092
0.017943081
0.017190218
0.015405129
0.015123193
0.01468646
0.015635162
0.015812233
0.013873868
0.013610594
-0.0064061809
-0.0044643508
-0.0072413674
-0.0083457656
-0.010256711
-0.0080414073
-0.0060435034
-0.012654297
-0.011916192
-0.013751615
-0.011114669
-0.010005907
-0.0087987964
-0.012114141
-0.013894681
-0.014728702
-0.015575528
-0.017133804
-0.015492072
-0.0095054309
-0.0075066842
-0.01015231
-0.011449292
-0.013321404
-0.010727542
-0.0087840844
0.0021044116
0.00068177751
0.0029010365
0.0034447706
0.0046842484
0.0037175148
0.0023268922
0.0069306364
0.0061754847
0.0072172174
0.0054252501
0.0050046102
0.0045486454
0.0058067382
0.0067984054
0.0074567009
0.0076471271
0.0083418202
0.0081175827
0.0053884041
0.0040630013
0.0062300896
0.0066000178
0.0076861906
0.0070663757
0.0058295842
0.008884279
0.0088825404
0.0088233163
0.0094577843
0.01001774
0.010059097
0.0087083698
0.0098219608
0.0099603369
0.01060614
0.010039658
0.0093252342
0.0085392701
0.010678553
0.011238523
0.011308143
0.011313515
0.011939525
0.012480979
0.012564202
0.011256229
0.0083178151
0.0080456996
0.0089664118
0.009624497
0.0077224526
0.0073865564
0.0084745298
0.0059534132
0.0062172113
0.0049771621
0.0044681319
0.005702959
0.00020713182
0.0018227716
0.00043556388
0.0034167661
0.0031711565
0.0029440284
0.0036790495
0.0023368777
0.00069010045
0.00096680511
-0.00041084558
-0.00097598608
0.0013948709
0.0027356236
-0.00016445803
7.0007135e-06
-0.0014180628
-0.0017173953
-0.00031080146
0.010210006
0.010805761
0.0097079558
0.0091452099
0.011396339
0.01098693
0.010384045
0.0097931144
0.0097688068
0.010920382
0.011976419
0.0085295132
0.0078680421
0.0085162438
0.0071677213
0.0064340915
0.0091519765
0.012541273
0.01308674
0.012087731
0.011574275
0.013610316
-0.019607538
-0.018300754
-0.020119646
-0.020776567
-0.021791223
-0.020565389
-0.019295949
-0.022929448
-0.022626611
-0.023397948
-0.022246442
-0.021679189
-0.02094202
-0.022638643
-0.023308965
-0.02368701
-0.023794681
-0.024089973
-0.023984727
-0.021246627
-0.020042248
-0.021476163
-0.022286247
-0.023152949
-0.021626999
-0.020511206
-0.024397336
-0.024311795
-0.02454685
-0.024534689
-0.024041602
-0.022968066
-0.023670238
-0.023244642
-0.02419403
-0.023936628
-0.02358902
-0.024359856
-0.024023971
-0.023432997
-0.023531554
-0.022890974
-0.022664183
-0.022958642
-0.022157489
-0.022605031
-0.022093479
-0.021194702
-0.01070756
-0.012086827
-0.0090658585
-0.0092672463
-0.0077808783
-0.0073730361
-0.0088085103
-0.0026940106
-0.0044095961
-0.0029094628
-0.0061096112
-0.0059023589
-0.0056446891
-0.0062647806
-0.0047359763
-0.0030833879
-0.0032129732
-0.0038967839
-0.0053372604
-0.0021461991
-0.0024391597
-0.001813352
0.013666023
0.01357502
0.012983496
0.013383065
0.014154659
0.014806193
0.014714378
0.013092937
0.012497542
0.013832086
0.01422518
0.014749593
0.014520058
0.013671039
0.01270761
0.015247296
0.0158465
0.015747073
0.015543993
0.016207578
0.016734371
0.016622862
0.015239439
0.012230723
0.01163784
0.011666408
0.012800727
0.013343135
0.011017522
0.010440913
0.0021399101
0.003340387
0.00035052018
0.00094672474
-0.00022769393
-0.0014756375
-0.00022672331
-0.0056953973
-0.0038685347
-0.0049897477
-0.0020409611
-0.0026931428
-0.0033205962
-0.0013702631
-0.0024675102
-0.0042562873
-0.0035048608
-0.0051662927
-0.0039191605
-0.0069939865
-0.0063654409
-0.0075791288
0.017929977
0.017753352
0.017903961
0.01749326
0.01754419
0.017456357
0.017279532
0.017150966
0.017304616
0.016263759
0.016681763
0.016372365
0.017020928
0.016942518
0.016728513
0.016963145
0.016769643
0.016599405
0.016348569
0.016193304
0.01590937
0.016228572
0.01638007
0.01565432
0.01602362
0.015158485
-0.012351649
-0.010962369
-0.013923983
-0.013650604
-0.014844006
-0.015429192
-0.014139378
-0.018897356
-0.017643123
-0.018545166
-0.016288469
-0.016600839
-0.016853184
-0.015917989
-0.01686018
-0.01813104
-0.017658835
-0.018182971
-0.017044512
-0.019406188
-0.019184864
-0.019562259
-0.00054011766
-0.0006343353
0.00063039995
-0.00041512604
-0.00025614414
0.0017697226
0.0016893865
0.0030609464
0.002002976
0.0021553535
0.00089486431
0.0018739041
0.0028675701
-6.3595759e-05
0.00016024522
0.0012696507
0.00041121818
0.0039150057
0.0038706051
0.0049042057
0.003979457
0.0058298593
0.0023034424
0.00049787151
0.0029328694
0.0040844068
0.005819229
0.0035692585
0.0017613935
0.0076033756
0.0070203058
0.0086329872
0.0064239831
0.0053274927
0.0042078307
0.0074891394
0.009077188
0.0096237785
0.01056738
0.011944502
0.01015205
0.0048426348
0.0030740544
0.0054662477
0.0065442204
0.0081673181
0.0060680048
0.0043829488
0.0074871552
0.0088465117
0.0085176756
0.0095188279
0.010134467
0.013072733
0.011979706
0.012829926
0.010792391
0.011078992
0.011339908
0.010482269
0.011399449
0.012558344
0.012261367
0.01305772
0.013622542
0.012452757
0.013463613
0.01328445
0.014063986
0.014363554
0.01416693
0.014425529
0.015156357
0.016010758
0.014649273
0.01635411
0.016282893
0.016872954
0.016167986
0.015539279
0.014836668
0.016719322
0.017274254
0.017312646
0.017670184
0.014985853
0.015094436
0.015759771
-0.011701112
-0.013270871
-0.011260095
-0.010055418
-0.0083516479
-0.01076395
-0.012415963
-0.006712037
-0.0073005046
-0.0055163599
-0.0078482342
-0.0090542977
-0.010215548
-0.0066064123
-0.0048359651
-0.0042945648
-0.0030570978
-0.0012872661
-0.0037157453
-0.0096192857
-0.011322356
-0.00898129
-0.0078708913
-0.0060876615
-0.0083106478
-0.010028922
-0.011667632
-0.012321326
-0.013261659
-0.014793976
-0.012920627
-0.016359898
-0.01590754
-0.017273121
-0.015384372
-0.014453037
-0.013461402
-0.016249758
-0.017615768
-0.018115027
-0.018879571
-0.020029218
-0.018539979
-0.013939269
-0.014349271
-0.015382446
-0.016737296
-0.014684251
0.011443952
0.011855696
0.012648897
0.013752054
0.012251963
0.014826027
0.01449613
0.015436974
0.01413714
0.013431415
0.01262988
0.014741276
0.015606457
0.015942748
0.016338931
0.012985756
0.013314951
0.014115972
0.0026533105
0.0019664325
0.00086399587
-0.0009653338
0.0012832206
-0.0030697593
-0.0023917878
-0.0042447449
-0.001688482
-0.00054394575
0.00060914662
-0.0028159861
-0.0046696708
-0.0053938274
-0.0065076533
-4.9512183e-05
-0.00068523494
-0.0018792921
-0.02218024
-0.02202483
-0.021295183
-0.020247185
-0.021785486
-0.019079559
-0.019545672
-0.018206347
-0.019935569
-0.020742523
-0.021463378
-0.019047798
-0.017710012
-0.017260536
-0.016249232
-0.021060691
-0.02058084
-0.019873345
0.0080718164
0.0093567938
0.007673991
0.0067170402
0.0053061513
0.0072821012
0.0085690445
0.0042023161
0.0045539856
0.0031335975
0.0049226681
0.0059403134
0.0068985231
0.0038522861
0.0023684921
0.0020192864
0.00086833454
0.0065260977
0.0077905703
0.0061682466
0.005216775
0.0070473092
0.012372016
0.011671793
0.01208627
0.011707942
0.01088835
0.0088728491
0.0098901939
0.009266907
0.01083706
0.010432172
0.010027515
0.011239939
0.010686878
0.009662431
0.010055598
0.009095623
0.0080997398
0.008483145
-0.015750711
-0.017227764
-0.014257874
-0.014149724
-0.012444008
-0.012664138
-0.014284899
-0.0074156375
-0.0091561426
-0.0073063148
-0.01083757
-0.010948584
-0.010986704
-0.010654434
-0.008803397
-0.0071396715
-0.0069158907
-0.0050210097
-0.0054199337
-0.0092441335
-0.01095034
-0.0074571712
-0.0074665839
-0.0056330734
-0.0056498363
-0.0073820862
0.016750468
0.01713027
0.016640937
0.016321141
0.015849545
0.016405004
0.016803945
0.015123467
0.015486395
0.014976501
0.015729238
0.015964228
0.01604461
0.015341996
0.014804513
0.014681726
0.014242989
0.013662579
0.014439626
0.015563757
0.015969146
0.014968355
0.015120783
0.014644181
0.014265678
0.014666721
-0.0031298265
-0.0033295556
-0.0035028556
-0.0015875195
0.00031134654
0.00017656387
-0.0036412915
-8.4287864e-05
-2.3122237e-05
0.0017761062
6.4160263e-05
-0.0018354763
-0.0037411207
0.001938677
0.0037696551
0.0036768996
0.003601261
0.0053702112
0.0070629114
0.0069988052
0.0035435789
-0.0038010911
-0.0038223452
-0.0019582396
-0.00012011606
-0.0038104943
0.0071792793
0.0087029821
0.0073004197
0.0055749947
0.0039134229
0.0074208858
0.0089303142
0.0044017959
0.0042314686
0.0025861045
0.0040682394
0.005848789
0.0075381943
0.0022159096
0.00050316058
0.0007093852
-0.0012041447
0.0076510816
0.0091178092
0.0077593567
0.0061335984
0.0092567521
0.012576679
0.013176882
0.01259211
0.011963716
0.011348937
0.012525219
0.013119458
0.011199709
0.011329729
0.010742591
0.011379538
0.01192627
0.012375705
0.010741131
0.010148054
0.010199223
0.0095767444
0.0090330956
0.010171309
0.012144474
0.01272299
0.011833481
0.011564922
0.010990382
0.011445634
0.01200026
-0.0041359198
-0.0024734474
-0.0039952499
-0.00083101306
-0.00090394812
-0.00094694703
0.00069667091
0.00077353547
-0.00072869721
0.0052753995
0.0038222141
0.0053377684
0.0022912063
0.0022954509
0.0023226369
0.0023099914
0.0023529547
0.0039169384
0.0054116037
0.005497248
0.0055976819
0.0070282896
0.0068253825
0.0037995857
0.0023736959
0.0051879888
0.0052250253
0.0066369297
0.0064710314
0.0051679139
0.0064770192
0.0073721906
0.0063160988
0.0054372182
0.0042661509
0.0061372363
0.007192787
0.0033178797
0.0036413471
0.002227956
0.0039583303
0.0049490722
0.0059418112
0.0029779319
0.0015882474
0.0011570612
0.00011508731
-0.0014209268
0.00072351933
0.0057319258
0.0069280068
0.0055108666
0.0044161053
0.0029916411
0.005284982
0.0065889499
0.01825852
0.018189354
0.018240233
0.018266902
0.018215285
0.018100603
0.018058834
0.017716976
0.018003912
0.017866487
0.018170466
0.018082229
0.017840622
0.018104591
0.017936161
0.017864556
0.017711745
0.017432884
0.017671343
0.017462821
0.017447536
0.016971117
0.017417437
0.017311886
0.016369846
0.016382208
0.0041015603
0.0057320615
0.0025365804
0.0024324431
0.00074470877
0.00091748584
0.0026653622
-0.0042753522
-0.0025838553
-0.0043021783
-0.0009055841
-0.00083797508
-0.00073953984
-0.0009416471
-0.0026066552
-0.0042863007
-0.0042292731
-0.0057852225
-0.0059740451
-0.0024173928
-0.00061267982
-0.0040973423
-0.0042062047
-0.0059650133
-0.0057579869
-0.0039559354
0.013991652
0.013632606
0.013695897
0.014213431
0.01429199
0.013382314
0.013093852
0.013134945
0.013535073
0.013397412
0.013921469
0.013530119
0.013053789
0.014225376
0.014014465
0.013573882
0.013662775
0.012712715
0.012495207
0.012361118
0.012788584
0.011855833
0.016167537
0.015690284
0.016344007
0.016609237
0.017008968
0.016436666
0.015975274
0.017192486
0.017221596
0.017535316
0.017160102
0.016853839
0.016444125
0.017361256
0.017661301
0.017773151
0.017904751
0.018087139
0.017791247
0.016365845
0.015933262
0.016201831
0.016746919
0.017072061
0.015951285
0.015561113
0.011419923
0.010141897
0.012205356
0.012557636
0.013539169
0.012959342
0.0117808
0.01540321
0.01482532
0.015493928
0.014202821
0.013977383
0.013677024
0.01435175
0.014985582
0.015503747
0.015433441
0.014353304
0.0133052
0.014983023
0.015232153
0.014661456
-0.0021402665
-0.00046935559
-0.00030501368
0.0015282904
0.0011858126
0.0062389093
0.0047215038
0.0064235124
0.0031467214
0.002969647
0.0028083746
0.003338187
0.0051036388
0.0066118386
0.006803139
0.0084133521
0.0080575712
0.0043817161
0.0058888719
0.0060597373
0.0076855382
0.0073116652
-0.023267572
-0.023454285
-0.022567872
-0.022895654
-0.022340456
-0.021706128
-0.022166854
-0.018999762
-0.020256369
-0.019281568
-0.021373244
-0.021067304
-0.020691136
-0.021607344
-0.020704742
-0.019497311
-0.019644816
-0.018445542
-0.018153744
-0.019533292
-0.020246418
-0.018245029
-0.018653739
-0.017613824
-0.016840909
-0.017773986
-0.017139443
-0.015717959
-0.017422826
-0.018483186
-0.019729305
-0.017636865
-0.016231889
-0.020235476
-0.020144996
-0.021222543
-0.019975911
-0.018945662
-0.017780488
-0.020862052
-0.021868158
-0.022058676
-0.022735863
-0.017852425
-0.016490612
-0.017851142
-0.019107517
-0.016481915
-0.0045313439
-0.0029037092
-0.0050548666
-0.0062044183
-0.0078999097
-0.0055436891
-0.0038464665
-0.00944068
-0.008980499
-0.010682805
-0.00846548
-0.0072613241
-0.0059937871
-0.009596446
-0.011273363
-0.0118426
-0.012909741
-0.014483727
-0.01235022
-0.0064007319
-0.004673432
-0.0067591885
-0.0081281469
-0.0098412296
-0.0070605927
-0.0053505318
0.01735255
0.017427314
0.017137429
0.016791005
0.017352559
0.015859765
0.016316979
0.015610569
0.016628299
0.016899567
0.017128377
0.016317296
0.015721802
0.015327123
0.015012003
0.014197752
0.01478751
0.016757106
0.01624356
0.016071864
0.015261049
0.015595472
0.0093640437
0.0098530113
0.0095326201
0.0095353985
0.010263302
0.010007604
0.0099359926
0.0095210376
0.0097778668
0.0101844
0.010589252
0.0093717286
0.0090437452
0.0090363635
0.0085564167
0.0079174715
0.0089433668
0.010826728
0.010973309
0.010492842
0.0099925201
0.011029625
0.018108294
0.01791874
0.018007942
0.017786403
0.017621975
0.016334983
0.016921925
0.01639701
0.017406674
0.017331486
0.017219987
0.017445469
0.016988674
0.016426116
0.016421684
0.015753277
0.015762297
0.016715664
0.01611292
0.016240328
0.01564919
0.01541662
-0.017120908
-0.016957573
-0.015665415
-0.014099118
-0.016736702
-0.01323895
-0.013574993
-0.011861903
-0.013862227
-0.015205261
-0.016458959
-0.01244027
-0.01070729
-0.010417827
-0.0089199811
-0.0071001533
-0.010082549
-0.016126188
-0.015741536
-0.014536365
-0.012856413
-0.015310353
0.0075587969
0.0074356523
0.0086306244
0.0076791911
0.0077996158
0.0096750258
0.0094850606
0.011079449
0.010029397
0.010192149
0.0089334007
0.0098565063
0.010682025
0.0079200677
0.0080392612
0.0092136133
0.0081544576
0.0082594874
0.010341598
0.011642577
0.01140426
0.012548122
0.011867014
0.012076246
0.013390611
0.013118486
0.0083245953
0.0073126664
0.0091368942
0.0093140432
0.010272671
0.0098665575
0.0089542024
0.012085975
0.0115769
0.012362595
0.01097125
0.010742806
0.010507899
0.011191968
0.012063785
0.012627836
0.012880072
0.011056033
0.010268338
0.011506683
0.011799912
0.011209257
0.0079050446
0.0084501382
0.0078655474
0.0078011674
0.0090029838
0.0096534519
0.0090351349
0.0090090939
0.0084165317
0.0090331869
0.0095593649
0.0077131893
0.0076025159
0.0082789759
0.0074695
0.010115199
0.010666403
0.010207104
0.0086059982
0.0083987889
0.0098607905
0.008805268
0.0089983744
0.0110609
0.010847147
0.012553907
0.011442699
0.011608759
0.010254371
0.011259548
0.012193894
0.009184674
0.0093624429
0.010597391
0.009528665
0.0096770528
0.011754809
0.013249056
0.013052008
0.014216763
0.013425379
0.013580057
0.015088549
0.014923028
0.014812649
0.014674106
0.014126841
0.014927039
0.015014765
0.013364992
0.013252916
0.01266957
0.013520617
0.013562099
0.01430381
0.013454794
0.012532959
0.01507473
0.015106572
0.014378008
0.01511064
0.011636836
0.011543177
0.010683021
0.011707393
0.0096032944
-0.0037100668
-0.0033952048
-0.0020776485
-0.00047524486
-0.0030494046
0.00040086776
9.1276452e-05
0.0015781884
-0.0002015742
-0.0014560301
-0.0026745664
0.0010783786
0.0025664404
0.0027729381
0.0039733461
-0.0022742264
-0.0018536129
-0.00074723883
0.014793349
0.013893501
0.014631616
0.014437908
0.01290508
0.011471397
0.012535669
0.012315725
0.013527025
0.012732782
0.011837443
0.014213915
0.013962165
0.013056378
0.013686077
0.010700435
0.0095045145
0.010531398
0.00973001
0.010711418
0.0098388883
0.009932619
0.011638015
0.012567784
0.011757024
0.011781875
0.010876903
0.011708849
0.012502193
0.010011334
0.010074112
0.010963359
0.010119017
0.013297491
0.014018445
0.013315084
-0.007262823
-0.0087398656
-0.0073647675
-0.0074093638
-0.010172408
-0.011420558
-0.01014791
-0.010035667
-0.0088074609
-0.010193634
-0.011546191
-0.0073974361
-0.0073291981
-0.0086259279
-0.0072042956
-0.0070200018
-0.0098561017
-0.012848695
-0.014068668
-0.012768676
-0.0126169
-0.015197029
-0.0084864606
-0.009905913
-0.0099007694
-0.011248506
-0.011306784
-0.015257357
-0.013966423
-0.015153834
-0.012626891
-0.012680503
-0.012676921
-0.012516392
-0.013692216
-0.014988616
-0.014763938
-0.014004441
-0.015277139
-0.015298281
