FiniteElementSpace
FiniteElementCollection: H1_2D_P1
VDim: 1
Ordering: 0

-0.016533271
-0.0094089841
0.016520392
0.009414981
0.0084039831
-0.0083899619
-0.018853196
-0.018320118
-0.015003831
-0.0023850408
0.0050130958
0.011668516
0.01885105
0.018318517
0.014999849
0.0023724931
-0.0050420273
-0.011684616
-0.0054927277
-0.00072355337
0.0041575279
0.011359341
0.012591291
0.011907609
0.0054786405
0.00070559057
-0.004165721
-0.011321843
-0.012543141
-0.011873793
-0.01847276
-0.017601974
-0.014055567
-0.0014385829
0.0057487275
0.012062125
0.018455279
0.017590884
0.014057782
0.001449352
-0.0057304842
-0.012056878
-0.0042018668
-0.005680145
0.0059583874
-0.00063161438
0.0025167946
-0.00045116782
-0.0058382187
-0.0069329752
0.011588245
0.0039981721
0.0083871291
0.013766697
0.013253416
0.0085171572
0.010037127
0.01083569
-0.0016937734
0.015859119
-0.017532221
-0.020563916
-0.017950123
-0.020170078
-0.018561785
-0.020155043
-0.015286113
-0.013813015
0.012912755
0.0030196008
0.011491831
0.0061149733
0.0059547457
-0.0017384791
0.0093505102
0.015389326
-0.013782405
-0.0055585627
-0.013300417
-0.0029065299
-0.0075986405
-0.010689426
-0.010157057
0.00077287461
-0.015807453
0.020372711
0.017968367
0.017568876
0.020573014
0.016970626
0.019686295
0.02013355
0.01479867
0.014115912
-0.0022703684
-0.014389994
-0.0070495781
-0.012594478
-0.0038104032
-0.010154119
-0.014984251
-0.0089442147
0.0021060071
-0.0096214893
0.00060836021
0.0015039998
-0.0059149988
-0.0053742022
0.0071384869
0.0072725675
0.0067818532
0.00052620751
0.0060548177
-0.010781931
-0.0086662857
-0.0050802134
-0.0092933007
-0.01243957
-0.0082366967
0.0060557209
0.0092078761
0.0090682569
0.0026144545
0.0027458905
6.952871e-05
-0.00085798504
-0.0033555635
0.0013438522
0.0038110848
0.0072966634
0.0090128159
0.0042917336
-0.0010418542
-0.0036760777
-0.0032716224
0.0022009535
0.0084981574
-0.0023637413
-0.003112942
-0.0087026593
-0.012164393
-0.0094983471
-0.0056222452
0.011738347
0.0088678462
0.011935654
-0.0047007359
-0.0058422807
-0.003186728
-0.0072542647
-0.0050084907
-0.010043054
-0.0086752194
-0.0060073139
-0.0082958992
0.014564625
0.014247015
0.014363621
-0.010848365
-0.0005397953
0.002791432
0.001044657
0.0024346268
0.0063235737
0.0046269577
0.016595623
0.016699251
0.01893598
-0.0017527749
-7.2446837e-05
0.016087167
0.013855793
0.0036510033
0.0063334103
0.0013241656
0.0072117783
0.010583998
0.013210733
0.011272197
0.014451478
0.013065002
0.012215175
0.016980912
0.0070996491
0.0093195355
0.0070758104
0.0031514353
-0.0029556279
0.0011680682
0.01409167
0.014980534
-0.0015788488
0.017524865
0.0097329948
0.010925974
0.010323053
0.012441065
0.0075908791
0.0082434711
-0.0051232787
0.018028445
0.016410795
-0.0063994193
0.011799878
0.012055024
0.0093718404
-0.01970922
-0.020669067
-0.019782011
-0.015555499
-0.018138113
-0.015592067
-0.014776221
-0.018171288
-0.016181969
-0.016137022
-0.019172763
-0.019203024
-0.019843284
-0.018496964
-0.015309119
-0.019850775
-0.019553082
-0.020557144
-0.018385043
-0.016897472
-0.013735848
-0.020132538
-0.018936829
-0.019770017
-0.012690276
-0.015855765
-0.014072867
-0.020618544
-0.018687366
-0.018728706
-0.017840204
-0.018033217
-0.01970339
-0.012562061
-0.012436186
-0.015286611
-0.016980405
-0.017008396
-0.011437579
-0.01124796
-0.017112456
0.0091094621
0.0046424976
0.0074666153
0.015770415
0.012476907
0.014872223
0.018361765
0.016054752
0.0092782509
0.012564887
0.009678264
0.0056613881
0.0045536953
0.0088444018
0.013124316
0.016128365
0.0019231792
-0.0020841288
0.0022364619
0.01060642
0.011843696
-0.001259375
-0.003165844
0.0011668877
0.017087647
0.014307142
0.013654913
0.00065184784
0.0026483608
-0.0056939437
-0.0075953472
-0.0036517348
0.011446252
0.0090350177
0.0064013119
0.0068187726
0.0017475839
0.0051197787
0.01617317
0.017827007
0.0077399079
-0.016599482
-0.01389484
-0.016105911
-0.010092908
-0.0057497452
-0.0099246707
-0.016704044
-0.013206979
-0.0090633496
-0.012127094
-0.011869497
-0.0079618216
-0.0021034836
-0.0021890437
-0.014460765
-0.017501644
-0.014937138
-0.014070406
-0.010245752
-0.012997855
-0.0066420137
-0.0042198549
0.0050225757
0.0046817024
0.0011233656
0.0024942576
-0.012162818
-0.0066522946
-0.0053389603
-0.0090237649
-0.0043011138
-0.0018408987
0.00063301227
-0.0081716444
-0.01457142
-0.016414594
-0.0024273614
-0.010594133
-0.0092440403
-0.0010802906
0.018183977
0.019397868
0.019317172
0.018766534
0.016886819
0.016200612
0.019758499
0.019733151
0.014613863
0.017493892
0.014811703
0.01221265
0.014949264
0.014859509
0.015296098
0.01766679
0.020116269
0.019710882
0.020624029
0.012491317
0.018857401
0.02026474
0.019856028
0.014227305
0.01600353
0.013483439
0.016550245
0.015052841
0.012867231
0.020537441
0.020739338
0.018703846
0.019511036
0.010069811
0.01142499
0.012284981
0.010863205
0.02040964
0.019071104
0.018526142
-0.016287431
-0.0167347
0.0016324797
-0.00079251097
-0.0032223389
-0.0047383254
-0.0056933377
-0.01691698
-0.016044801
-0.006487638
-0.0070859558
-0.0096967364
-0.008522697
-0.011107718
-0.007709934
-0.013580404
-0.0153483
0.005873036
0.0038358743
0.0060104045
0.0022644411
-0.0056873827
-0.0030842357
-0.01486955
-0.0091639218
-0.011967874
-0.006962008
-0.0081056809
-0.0013613898
-0.0044943162
-0.00073408755
-0.013698272
-0.014382702
-0.013466761
-0.011264804
-8.3175143e-05
-0.012438034
-0.011834989
-0.012737799
-0.010917321
-0.0099394982
-0.0084263451
-0.00086315052
-0.0026093989
0.001040278
0.0019639336
-0.0018026706
-0.0059362876
-0.0027023654
-0.0091358346
0.0082476167
0.0046283537
0.0039062614
0.0039692635
0.0073241942
0.010083594
0.0097425537
-0.0052890921
-0.0086724937
0.0039293312
0.0005760365
0.0041869076
-0.011352079
-0.013902712
-0.011538457
-0.0027308162
0.0037881346
0.0073508233
0.0087983496
0.0093910685
0.01001002
-0.0019698712
0.0094393259
-0.0081843524
0.0033741694
0.0010286426
0.0044443048
0.0071069561
-0.0057074132
-0.0024553917
-0.0084353748
0.006680643
-0.010722377
-0.0090334852
-0.010993094
-0.0072563393
-0.0069056874
-0.0064621885
-0.0046683112
-0.0054210975
-0.0075032342
-0.0084943969
-0.0062360297
-0.010423454
-0.010620346
-0.012550533
-0.012211134
-0.010135151
0.0059506968
0.0076125799
0.007422267
0.0092071875
0.0076735688
0.0060576654
0.0076067918
0.01070791
0.010630365
0.0044185671
0.0044000483
0.0027154395
0.0043576537
0.0042223194
0.00097977018
0.0010501546
-0.0011773703
-0.0016505445
-0.0028775244
-0.0021117354
-0.00039929853
0.0013148053
0.00084725674
-0.0025563052
-0.0038034148
0.0019542083
0.0031673772
0.0025885191
0.00070875399
-0.00054319452
0.0032166572
0.0044319952
0.0049193628
0.0058270985
0.0034076249
0.0066949826
0.0081798097
0.009571435
0.01041094
0.0075133386
0.0051488964
-0.00083425683
-0.0021648515
-0.0019426851
-0.0034850431
-0.0023697592
-0.0012453562
-0.0025523868
-0.0047801236
-0.0045812443
0.00058411907
0.00036403196
0.0024165104
0.00079090595
0.0040158533
0.0079215762
0.010147913
0.006197193
0.0055776897
0.0067676653
-0.0041079645
-0.0044254109
-0.0027647503
-0.0037313699
-0.0033042609
-0.0014053352
-0.0017775236
-0.0072191296
-0.0090451632
-0.010788004
-0.01048443
-0.010083889
-0.011795731
-0.01241544
-0.0069439034
-0.0049173397
-0.0076104232
-0.0088929413
-0.010723372
-0.0082263121
-0.0062992245
0.0089622313
0.0074180431
0.010360072
0.010408345
0.011729436
0.011691545
0.010269035
0.010605856
0.012025972
0.010458462
0.00905917
0.011789405
-0.0040386317
-0.0035389956
-0.0051818001
-0.0045017807
-0.005840512
-0.0032429865
-0.0019009237
-0.0045266158
-0.0045684386
-0.0058605827
-0.005782316
-0.0044567974
-0.007865225
-0.0061484179
-0.0067482802
-0.0043676866
-0.0054884665
-0.0065723988
-0.0032206371
-0.0080078272
-0.0072645488
-0.0094014056
-0.0086731949
-0.0092508097
-0.010740113
-0.010038502
-0.0077623495
-0.0071703462
-0.0088906248
-0.0065267451
-0.0053758822
-0.0041962151
-0.007638479
0.015625233
0.014441141
0.015444993
0.013157685
0.013294944
0.013364095
0.012952237
0.01306451
0.013094894
0.013057743
0.014340521
0.015525054
-0.011421561
-0.010209963
-0.0089454385
-0.0095954631
-0.01016914
-0.0087186739
-0.0073065172
-0.0072905211
-0.00049580671
-0.0018312932
-0.0031568605
-0.0018727179
-0.00058431875
0.002778207
0.004404596
0.0011404011
0.0011029479
0.0011603866
0.0035499818
0.0026759523
0.0019244864
0.00029165642
0.0017918336
-0.0016136961
-0.00066070952
9.2365249e-05
0.0015731001
0.0035572853
0.0026535757
0.0055123888
0.0044044282
0.0032533336
0.0051743407
0.0074057041
0.0065578544
0.017616021
0.017876979
0.018710224
0.017969635
0.016731174
0.015292973
0.015306592
0.017892161
0.018982693
0.0011830554
0.0019980991
-0.00090909464
0.00033820596
-0.00050838064
-0.0029841149
-0.0021485441
0.015298343
0.013897511
0.015108806
0.016441978
0.017297775
0.014724567
0.013637998
0.0010893805
0.0024952298
-6.7349374e-05
0.0038655908
0.005024381
0.0061537613
0.0074578663
0.0051694727
0.0026918644
0.0054629435
0.007892201
0.0047465799
0.0029338761
0.0064907967
0.0096088055
0.010997757
0.0099106356
0.012322632
0.011934181
0.011408309
0.012700612
0.013570344
0.012567993
0.013925881
0.013369954
0.012784959
0.012717505
0.013804946
0.014812219
0.014081618
0.011974681
0.011559674
0.015793351
0.016056712
0.016626138
0.015346746
0.017742097
0.0098558186
0.0082080032
0.0089377051
0.007850078
0.0088730835
0.0082518516
0.0067339012
0.0055485998
0.0086078104
0.0097112884
0.0077768589
0.0058787466
0.0039162658
0.0051382124
0.0063020139
0.0043481572
0.0019237232
0.00055180149
0.0026037909
-0.00089389315
-0.0015213404
-0.0035732223
-0.002324907
-0.00027473378
0.014131813
0.014407416
0.014615969
0.013691042
0.013097076
0.015019575
0.015468978
-0.00012996717
-0.0015104148
-0.00019804079
0.0012502097
-0.0016404983
0.017163735
0.018237535
0.016353752
0.015877654
0.016727337
0.011607043
0.012130956
0.010368703
0.011001941
0.010323259
0.0090807501
0.0096673504
0.0099109935
0.011415732
0.010962949
0.012813906
0.011755376
0.010634256
0.013799725
0.0093251126
0.0095768977
0.0079615193
0.0089817346
0.0085527464
0.006556046
0.0068661458
-0.0050781778
-0.0067984403
-0.0033679257
-0.0033050749
-0.0034080145
0.017349035
0.017261767
0.016520563
0.017054256
0.017837506
0.018532859
0.016189466
-0.0052967802
-0.0046933575
-0.0040622624
-0.0057747104
-0.0074398966
0.014378776
0.015323372
0.015526357
0.0076870145
0.0090315782
0.0084297637
0.010946816
0.010586691
0.010158652
0.011396465
0.012575585
0.012995692
0.012959762
0.012009116
0.012866664
0.011073581
0.011693441
0.010356202
0.010744874
0.0097326026
0.00896301
0.0067360327
0.0082633482
0.0078788954
-0.018973906
-0.019822568
-0.01898065
-0.020400326
-0.020332086
-0.020111268
-0.020491884
-0.020692792
-0.020314516
-0.014146845
-0.015667985
-0.014124789
-0.017009678
-0.016948383
-0.016698022
-0.017930124
-0.018142888
-0.016882174
-0.015239097
-0.016266064
-0.013594825
-0.013942175
-0.013109645
-0.018034939
-0.017257058
-0.016959576
-0.016307482
-0.017259527
-0.017998608
-0.01696551
-0.01520077
-0.015158544
-0.01955478
-0.019762164
-0.018824735
-0.019009245
-0.018419273
-0.01875539
-0.019350707
-0.018772167
-0.018469851
-0.019775043
-0.01920848
-0.018278924
-0.01930473
-0.019880724
-0.020278824
-0.019266483
-0.018592737
-0.016754527
-0.015525365
-0.01411379
-0.013957487
-0.013661978
-0.020147553
-0.020269095
-0.020459449
-0.020192789
-0.01980108
-0.019284153
-0.019065993
-0.019919266
-0.02045459
-0.019201131
-0.018518071
-0.018929097
-0.019623118
-0.018075142
-0.014583927
-0.012832467
-0.015417219
-0.016152432
-0.0175014
-0.016152618
-0.014560145
-0.020459456
-0.020048073
-0.020256398
-0.019462623
-0.019621081
-0.019589976
-0.018983884
-0.018711481
-0.019116422
-0.015355511
-0.016750362
-0.014359739
-0.013770638
-0.012029025
-0.013289811
-0.014870084
-0.015169543
-0.014098948
-0.0150598
-0.016058963
-0.013977601
-0.02068149
-0.020747648
-0.020667763
-0.020450258
-0.020655977
-0.019874674
-0.019349689
-0.019299445
-0.018562381
-0.018687644
-0.017709414
-0.018343597
-0.017260732
-0.018799029
-0.019235427
-0.019551774
-0.018247503
-0.019310915
-0.019982914
-0.01897131
-0.018429725
-0.01735672
-0.018535883
-0.019323241
-0.011740902
-0.011015602
-0.013212277
-0.012350472
-0.013998162
-0.013797224
-0.013926582
-0.015179085
-0.013993712
-0.012530231
-0.010956792
-0.015322577
-0.017740798
-0.017895944
-0.017933425
-0.01705351
-0.016058495
-0.016050301
-0.017852436
-0.0099447231
-0.011371493
-0.0098364099
-0.01272151
-0.012800739
-0.012820781
-0.012584601
-0.011408211
-0.012024575
-0.010672813
-0.019982592
-0.020270459
-0.020429791
-0.017063613
-0.01623692
-0.017879591
-0.017748067
-0.017893337
-0.017101372
-0.016255256
-0.016192761
0.01040502
0.0083184593
0.0095714936
0.0061130085
0.0069170733
0.0076589602
0.0054092463
0.0038385169
0.0052558258
0.016833742
0.015409274
0.016342588
0.013802634
0.01420653
0.014440805
0.012768515
0.012044657
0.013232976
0.015992892
0.014548245
0.017353917
0.017173871
0.018054518
0.018496153
0.017370126
0.007182558
0.0089444659
0.01061951
0.010977459
0.011212167
0.012811868
0.012178463
0.0094520795
0.0079084787
0.011164188
0.010843558
0.011364631
0.0095202682
0.007745805
0.0075002196
0.0053569669
0.0059169151
0.0081869039
0.010217776
0.0067507789
0.006028175
0.0037932526
0.0052803105
0.0074115049
0.012380643
0.014069574
0.015603187
0.014714291
0.01368892
0.015153705
0.016949096
0.0040731497
0.0020859197
0.0042200955
7.798517e-05
-8.4856716e-05
-0.00025459984
-0.0022415288
-0.0019151007
0.00023064368
0.0016421635
0.0035239208
0.0038118697
0.012536644
0.012999869
0.011309091
0.011898794
0.011102117
0.010017561
0.010617956
0.00090764148
-4.9343814e-05
0.0021124837
-0.0010040596
-0.0022199904
-0.0034134615
-0.0043607723
-0.0019413743
0.00021234341
0.015217007
0.013638297
0.015794652
0.016621568
0.017820165
0.016272503
0.014896353
0.013148569
0.012680796
0.0140567
0.013470694
0.014564908
0.0034504739
0.0026577747
0.0014502782
-0.00055579092
0.0018544821
0.0028705719
0.0036132335
0.0019173226
0.00094891614
0.0043306922
-0.0076107584
-0.005868366
-0.004068185
-0.0039075677
-0.0037170571
-0.0046968744
-0.0026934553
-0.0056491837
-0.0066617905
-0.0085523036
-0.0065653536
-0.0045916894
0.0099557332
0.010271739
0.0087534578
0.010494272
0.01169516
0.012826726
0.0092364963
0.0052943989
0.0066431713
0.005490194
0.0079606548
0.0077371309
0.0074476997
0.0081148186
0.00050226107
0.0022071983
0.0038995648
0.0034470798
0.0029767972
0.0046489252
0.0055587123
0.015306397
0.016402557
0.014984778
0.014058902
0.015833639
0.018231874
0.017516925
0.016715359
0.017041594
0.017248935
-0.0024656865
-0.0015096667
-0.00030366866
0.009202194
0.0085767575
0.0083310977
0.0097514076
0.0068593238
0.0064461636
0.0073009433
0.0059879532
-0.017618333
-0.016456766
-0.01730582
-0.015138382
-0.015319218
-0.015299153
-0.013924172
-0.013683966
-0.014756379
-0.012061241
-0.010052473
-0.011952256
-0.0079096785
-0.007970682
-0.0079519032
-0.0057668945
-0.0056797701
-0.0077683956
-0.016735674
-0.015313838
-0.017972494
-0.017879536
-0.017895275
-0.0096378854
-0.007412166
-0.011228675
-0.01171015
-0.013571546
-0.012696757
-0.010627223
-0.01292404
-0.012630091
-0.012084085
-0.013049037
-0.013005059
-0.011169866
-0.011038469
-0.011065363
-0.010110414
-0.0089714517
-0.006770908
-0.0091002691
-0.00031301019
-0.0021586838
-0.00035398867
-0.0039874472
-0.0039439227
-0.003869962
-0.0040013277
-0.013950567
-0.015360763
-0.016631528
-0.015796841
-0.014813836
-0.015858413
-0.014386368
-0.016319491
-0.017148425
-0.018227465
-0.01669018
-0.015415407
-0.013673459
-0.013086083
-0.014582023
-0.014110019
-0.014984838
-0.010521998
-0.011682342
-0.011868963
-0.0127778
-0.011376074
-0.0098693291
-0.014050683
-0.0037102166
-0.0024632863
-0.005454383
-0.0049237825
-0.0060841148
-0.007151011
-0.0059461296
0.0032343769
0.0030868566
0.0012908686
0.002916154
0.0048647316
0.0067627482
0.0065935413
0.0027240743
0.00094972907
0.0055563206
0.0036068122
0.0044661919
0.0033421014
0.0016318959
-0.013775584
-0.012653985
-0.013350035
-0.01278164
-0.011459925
-0.0084601025
-0.0078692263
-0.0096357692
-0.0072143758
-0.0060238514
-0.0047837888
-0.0041284607
-0.006505481
-0.0083382133
-0.0054950947
-0.0036121552
-0.0061610275
-0.0073340377
-0.0049558189
0.0011927201
0.0024190017
-0.0006029329
-4.7812067e-05
-0.0012813016
-0.0023874663
-0.0011570943
-0.0089436832
-0.0079273992
-0.0092499864
-0.0094651726
-0.0068370944
-0.015636128
-0.015533341
-0.016534774
-0.015315181
-0.014377399
-0.013366407
-0.016171024
-0.017834548
-0.017044124
-0.017266819
-0.0022712621
-0.0040220636
-0.00065841033
-0.00048961455
-0.00081649243
-0.012001985
-0.011409395
-0.010739563
-0.009954984
-0.0091136615
-0.0084368343
-0.010000596
-0.0079651298
-0.0087388747
-0.0074293659
-0.010484723
-0.01127607
-0.0098396565
-0.0047947462
-0.0030456267
-0.0036028012
-0.0026979513
-0.0020073878
-0.0017630473
-0.0033724739
-0.00014664276
0.0015676265
0.0007094527
-0.00022357701
0.018034039
0.018862644
0.018523252
0.019522395
0.01887979
0.018024208
0.018575748
0.020002208
0.019939557
0.018695948
0.017981297
0.017088302
0.017913077
0.018517955
0.017536873
0.016030804
0.017275156
0.016992422
0.016313243
0.017259382
0.015210638
0.019332361
0.018952219
0.019914602
0.019384425
0.019105135
0.020252244
0.020278353
0.013071254
0.01476381
0.013146804
0.016279821
0.016155252
0.015926104
0.017285105
0.017588271
0.016299285
0.014855531
0.016013954
0.013698506
0.013452306
0.011839241
0.012465973
0.013799208
0.016038824
0.01636617
0.017363873
0.016601528
0.015123369
0.013464701
0.013666553
0.016742983
0.017869012
0.020450718
0.02042942
0.020666271
0.020272249
0.01998142
0.019576076
0.019330553
0.019980745
0.020445006
0.019609565
0.019452185
0.020035288
0.013715524
0.012255911
0.013829547
0.014978071
0.012604314
0.019895712
0.020378173
0.019673149
0.019185212
0.01826126
0.019336683
0.020032697
0.02023064
0.01968272
0.018953469
0.019198539
0.019256212
0.016143152
0.016834915
0.015212426
0.015251282
0.014176813
0.014207573
0.015091598
0.015964529
0.017308447
0.015108004
0.014424659
0.012719029
0.014182262
0.015708599
0.016009494
0.015064575
0.01590268
0.016762372
0.014964327
0.013872877
0.012136923
0.014523886
0.015449282
0.013532312
0.020405816
0.020650083
0.020756126
0.020708964
0.020525337
0.02062096
0.020722429
0.017689781
0.018419677
0.018970259
0.01930239
0.019525959
0.019201726
0.01988156
0.018768938
0.018318739
0.019030989
0.0092712802
0.01077631
0.0099345341
0.012203072
0.011514911
0.010771985
0.012830912
0.01239581
0.010873987
0.013735887
0.013801169
0.013604748
0.01144465
0.012222745
0.01294466
0.011603935
0.010178437
0.012887613
0.012888882
0.011464955
0.019754421
0.020139119
0.020255884
0.020115522
0.02040589
0.020575052
0.020636694
0.020562526
0.019471022
0.018572613
0.019860644
0.020139165
0.019445725
0.018420462
0.018158063
0.018854101
0.019163523
0.017788465
0.018227243
0.01875477
0.018068808
-0.017639925
-0.017692878
-0.016594895
-0.017416896
-0.017028513
-0.015398859
-0.015622648
0.0011840695
-3.3808923e-05
0.00042543711
0.0023996286
0.0035898022
-0.0003390336
-0.0015452886
-0.0051775774
-0.0039955708
-0.0059295187
-0.0027787292
-0.002019344
-0.0012392691
-0.0035070283
-0.0037425588
-0.0049400673
-0.0044774025
-0.0025019484
-0.0064025999
-0.01699115
-0.016363523
-0.016564956
-0.017456579
-0.017751439
-0.015987849
-0.015581133
-0.007760154
-0.008122768
-0.0093528345
-0.0084259355
-0.0068166099
-0.0051592721
-0.0054531992
-0.0086661543
-0.0099657074
-0.0067963582
-0.0081558652
-0.0063857738
-0.0094535179
-0.0098525316
-0.010167305
-0.011447535
-0.010672323
-0.0089767535
-0.01581562
-0.016555184
-0.014538066
-0.014921037
-0.013886398
-0.013145067
-0.014015535
0.0057370252
0.0046774506
0.0048799161
0.006749933
0.007697963
0.0039927964
0.002972798
0.0077676454
0.0059568361
0.0040878181
0.0041553784
0.0041947856
0.0023250756
0.002191229
-0.004802632
-0.003463107
-0.00440726
-0.0061070241
-0.0073570518
-0.0039769284
-0.0026830966
-0.016878605
-0.015969392
-0.015846762
-0.014672886
-0.014974154
-0.01175306
-0.013056683
-0.01062158
-0.010329596
-0.0088105294
-0.0094367394
-0.010814478
-0.00780248
-0.0080986582
-0.0067145749
-0.0055644333
-0.008324246
-0.0064471417
-0.0075978525
-0.0069248396
-0.0052338528
-0.0085581172
0.00052629724
-0.0010537913
0.00083588406
-0.0026248972
-0.0029396544
-0.0032362961
-0.0047889223
-0.0041654268
-0.002296188
-0.015055385
-0.014100794
-0.014592415
-0.015877718
-0.013191522
-0.013084144
-0.013990894
-0.012598745
-0.014825628
-0.015252744
-0.015542545
-0.014267832
-0.012455413
-0.011977522
-0.011675781
-0.012816975
-0.010473221
0.00077663497
-0.0011899852
0.0018848241
0.0027431407
0.0010237585
-0.010804855
-0.01041342
-0.012182616
-0.011109731
-0.011323527
-0.013468401
-0.013171539
-0.013700552
-0.013850996
-0.012629163
-0.011472217
-0.013917752
-0.011954456
-0.013157839
-0.0123321
-0.0090564079
-0.0085067242
-0.010463483
-0.0095414539
-0.0099555516
-0.011804147
-0.011312723
-0.0106312
-0.0092176841
-0.0098752348
-0.0090542319
-0.0077522607
-0.0058140993
-0.0074248986
-0.0061265666
-0.01280998
-0.011422328
-0.012352087
-0.0063473391
-0.0077229768
-0.0070805105
-0.0019780278
-0.0023564567
-0.00047730602
-0.001587514
0.0006352409
0.00076843963
0.00070116964
-0.00079982959
-0.00057724752
0.0012503097
-0.00079014437
-0.0024065607
-0.0042067778
-0.00098886495
0.00082433575
-0.0015862652
-0.003454801
8.0304065e-05
0.00030175843
0.0021779274
0.0017369945
-0.00013419286
-0.0058613979
-0.0042896987
-0.0026728917
-0.0043363926
-0.0059535597
-0.0043443547
-0.0010352239
-0.0075765139
-0.0075413943
-0.0091415469
-0.0075339595
-0.010654416
0.0053469
0.0034998415
0.0064666851
0.0071493483
0.0088767609
0.0075432357
0.0057306023
0.0055647544
0.0056396669
0.0072599863
0.0056721359
0.003957429
0.0022101415
0.0022411186
0.0056616612
0.0073283287
0.01115749
0.010877524
0.0099662274
0.011330351
0.011394113
0.0086970831
0.0085301561
-0.0086303351
-0.010235023
-0.0070176226
-0.0069369502
-0.0051842194
-0.0053527246
-0.0070373247
0.0022498164
0.0005536511
0.0022668584
0.0039312345
0.0055696699
0.0022603513
0.00059394445
0.0030865097
0.0028407388
0.0044220396
0.00330755
0.0055101737
-0.014180287
-0.015297603
-0.012690126
-0.012923868
-0.011549603
-0.01109475
-0.012384772
-0.013111891
-0.011829956
-0.012783782
-0.014274373
-0.011187091
-0.0010671631
-0.0010856678
-0.002725271
-0.0043526166
-0.0010901081
0.0062028731
0.0079146677
0.0055932085
0.0044259369
0.0026143332
0.0049432794
0.0067257332
0.0094712897
0.01011593
0.0081186296
0.0087332439
0.0074350733
0.011152263
0.011356117
0.0097528732
0.010840026
0.010424157
0.0082856999
0.0085911059
-0.0035607512
-0.0036444003
-0.0018962985
-0.00021801363
-0.003704018
0.0095800426
0.0088907812
0.010194847
0.010710483
0.0081208563
-0.01004698
-0.0098096099
-0.0084517581
-0.0067892887
-0.0095252361
0.0024255324
0.0035927515
0.0022142594
0.0019840824
0.0047417995
0.0042204846
0.0058900803
0.0027515742
0.0025074452
0.00077827877
0.0012720248
0.0029700367
0.0057923264
0.0072107812
0.0056652741
0.0043296237
0.0069629641
0.0096173861
0.0083086681
0.0084452406
-0.0026020986
-0.00095331008
-0.0040968537
-0.0042344403
-0.0058280436
-0.0055548512
-0.0039411392
-0.0083331192
-0.0096436053
-0.0070966646
-0.0069647529
-0.0071829048
0.0087025047
0.010086503
0.008737962
-0.0022190073
-0.00071859275
-0.00047233676
-0.0088090116
-0.010028252
-0.010366408
0.0036655833
0.0050462236
0.0053231243
0.0069334547
0.0063855204
0.0080567148
0.0077722515
0.0091225223
-0.01167187
-0.010870026
-0.011793366
-0.010037091
-0.0098906672
-0.009717122
-0.0088631917
-0.0091770435
-0.010157284
-0.0061828146
-0.0070929432
-0.0059997741
-0.0079874508
-0.0081541178
-0.0082944584
-0.0077954
-0.0075783711
-0.0066954069
-0.0057961547
-0.0055726608
-0.0053287246
-0.0044400999
-0.0048824705
-0.007394171
-0.0084067604
-0.0064815136
-0.0063441012
-0.0052600734
-0.0055623616
-0.0065898018
-0.0063602699
-0.0052148917
-0.0073781487
-0.0074887766
-0.00859106
-0.0083761793
-0.007246184
-0.011455682
-0.010533841
-0.01154823
-0.009577642
-0.009474237
-0.009348616
-0.0096585411
-0.010682926
-0.011614472
-0.011654941
-0.012561337
-0.012509933
-0.010290016
-0.0092014993
-0.011194486
-0.011337262
-0.01233977
-0.012054805
-0.01103093
0.0058608632
0.0067016874
0.0065825876
0.0075348203
0.0067880747
0.0060159506
0.006845202
0.0083543789
0.008253177
0.0092249663
0.0084527916
0.0084523783
0.0076585748
0.0084201865
0.0091554033
0.0068737416
0.0060696322
0.0068736014
0.0076570194
0.0068440083
0.0060201389
0.006781803
0.0084176446
0.0099335683
0.0098622849
0.0106851
0.0099704631
0.0099728071
0.011407628
0.011366821
0.0052321522
0.0051974243
0.0044182609
0.00524861
0.0052428943
0.0035854699
0.0035807753
0.0026732412
0.0035408145
0.0034903119
0.004398527
0.0035726703
0.0027392653
0.0052140203
0.005162289
0.004297411
0.005089588
0.0050018232
0.0034242824
0.0018845765
0.0019005423
0.0010259659
0.00185053
0.0017979428
0.00016616716
0.00020168264
-0.0017908785
-0.0020302359
-0.0026308459
-0.0022697058
-0.0014145182
-0.00055560142
-0.00079141693
-0.0025058577
-0.0031195997
-0.0014848944
-0.0012569952
-0.0006302176
-0.001025645
-0.0018833788
-0.0027368047
-0.00016568926
0.00069426108
0.00045879423
0.00022536344
0.001078544
0.001926176
0.0016911263
-4.1942672e-06
-0.0029611416
-0.0035841128
-0.0031782218
-0.0023353401
-0.0017100776
-0.0033909313
-0.0040108393
0.0022468817
0.0028413815
0.0025678819
0.0016347232
0.001013999
0.002887157
0.0034912829
0.0019688788
0.0016516862
0.0010270512
0.0013333165
0.0022723083
0.0032033506
0.00038939126
-0.0002358685
8.2682691e-05
-0.00085874557
-0.0014760429
0.00039921029
0.0035156698
0.0041251976
0.0038242174
0.0029029713
0.002284945
0.0041313546
0.0047292946
0.0037122367
0.0041709254
0.0029609308
0.0046224412
0.0053777808
0.0061171872
0.0065714076
0.0050664773
0.0038520942
0.0078672469
0.0074473573
0.0086029454
0.0070150949
0.0062665387
0.0055018742
0.0077441339
0.0084505458
0.0088888086
0.0093142663
0.0099977268
0.010650247
0.011061411
0.0097264481
0.0059270041
0.0047246202
0.0063396664
0.0071110679
0.0082738424
0.0067367109
0.0055620389
-0.00073075255
-0.0013918531
-0.001280219
-0.0020565029
-0.0014995701
-0.00093825541
-0.0016048418
-0.0027207134
-0.0026079731
-0.0035837909
-0.0029293801
-0.0030261864
-0.0022692272
-0.0028274352
-0.0033813482
-0.0017077652
-0.0011444447
-0.0018077749
-0.0024652298
-0.0019033724
-0.0013436914
-0.0019908927
-0.003115366
-0.0040356991
-0.0039304272
-0.0046814252
-0.0041360343
-0.0042318466
-0.0053176534
-0.0052200206
-0.00043860664
-0.00054751005
0.0004763238
-0.00033315353
-0.00022888079
0.0013946309
0.0012824985
0.0025180998
0.0016056105
0.0017048749
0.00068896274
0.0015020347
0.0023109612
-0.00012555919
-2.3814935e-05
0.00088874882
7.4746854e-05
0.0032205242
0.0031139161
0.0041187156
0.0033240501
0.0048994316
0.009865586
0.010929009
0.0090528169
0.0087577628
0.0076149097
0.0082161464
0.0093356594
0.0050132545
0.0058927963
0.0046993085
0.0067611503
0.007066664
0.0073600465
0.0064443992
0.0052529804
0.0043772927
0.004048199
0.0064894013
0.0076403981
0.0056100615
0.0053175954
0.0058870802
-0.0049245272
-0.005064215
-0.0042735052
-0.004769454
-0.0045975143
-0.0036128108
-0.0037735824
-0.0025701913
-0.0032509455
-0.0030493474
-0.0039271921
-0.0034390306
-0.0029453434
-0.0044088191
-0.0042044904
-0.0035223692
-0.0039869854
-0.0037614691
-0.002837327
-0.0022736784
-0.0024465672
-0.0016000635
-0.0020866892
-0.0018856979
-0.00092540372
-0.0011097817
-0.0064510866
-0.0073743704
-0.0082858955
-0.0081407106
-0.007971594
-0.0088854862
-0.0091809947
-0.011491925
-0.010648859
-0.011338368
-0.0097789606
-0.00992893
-0.010054742
-0.0096049952
-0.0094080499
-0.010295513
-0.011158114
-0.010952733
-0.010725532
-0.011570468
-0.011994272
-0.010902154
-0.01171773
-0.011618207
-0.012305026
-0.012495098
-0.0055792675
-0.0045590652
-0.0059367358
-0.0065947092
-0.007594248
-0.0062864568
-0.0052724845
-0.0085680352
-0.0082559132
-0.0092020434
-0.0079310698
-0.0072828303
-0.0066273138
-0.0085710425
-0.0095198917
-0.0098252642
-0.010435609
-0.011310838
-0.010118031
-0.0069579112
-0.0059649984
-0.007276342
-0.0079253771
-0.0088669317
-0.0075797164
-0.0066230244
0.0074719549
0.0066851674
0.0082010463
0.0082429877
0.0089929068
0.0089206245
0.0081472662
0.011064516
0.010389903
0.011082041
0.00969888
0.0096686704
0.0096276878
0.0097181375
0.010415275
0.011087075
0.011079919
0.011704854
0.011740765
0.010319417
0.0095762101
0.01099312
0.011034622
0.011721974
0.011646997
0.010942223
0.011376915
0.012050394
0.011334494
0.010662521
0.0099148018
0.011279736
0.011987806
0.0096765468
0.0097665682
0.0089689731
0.0098460455
0.01053777
0.011212495
0.0091387406
0.0083384667
0.0082486205
0.0075184596
0.011133024
0.011869496
0.011042186
0.01036853
0.011695539
-0.0032122633
-0.0029576433
-0.0037937956
-0.0034594891
-0.0036993784
-0.0043726251
-0.0041213
-0.0054079985
-0.0048445214
-0.0050655839
-0.004274738
-0.0046131973
-0.0049464919
-0.0039314697
-0.0041543429
-0.0047174913
-0.0043652137
-0.0055134954
-0.0052746382
-0.0060722354
-0.0057436788
-0.0063952118
-0.0019270495
-0.0012601881
-0.0025735257
-0.0025944529
-0.0032605149
-0.0032182775
-0.0025444324
-0.0051881359
-0.0045514459
-0.0052085618
-0.0039085785
-0.0038874879
-0.003859304
-0.0039226142
-0.0045779788
-0.0052200996
-0.0052233713
-0.0058545212
-0.0058565672
-0.0044944421
-0.0038250782
-0.0051212007
-0.0051587739
-0.0058175495
-0.0057366481
-0.0050780851
-0.0081399065
-0.0073106353
-0.0075871895
-0.0064559834
-0.0070170364
-0.0075694029
-0.0067060296
-0.0055823312
-0.0058867331
-0.0040278784
-0.0049318885
-0.0045871204
-0.0058256126
-0.0052639564
-0.0046945627
-0.0063784891
-0.006921374
-0.0060358747
-0.0051388176
-0.0056806077
-0.0062096023
-0.0037970644
-0.0041182204
-0.0028943324
-0.0034630822
-0.0023220677
-0.0069309763
-0.0065499934
-0.0076460641
-0.0072945631
-0.0076410697
-0.0083527175
-0.0079742896
-0.0097334586
-0.0090484003
-0.0093647554
-0.0083505078
-0.0087106744
-0.0090485471
-0.0079693507
-0.0082778211
-0.0089741521
-0.0085643579
-0.0088252764
-0.0096577769
-0.0097311756
-0.0093643077
-0.010398223
-0.010078355
-0.010404487
-0.011047605
-0.010693696
-0.0086052451
-0.0083311452
-0.0091607833
-0.0080421569
-0.0074729397
-0.0068942808
-0.0065932106
-0.0077381127
-0.0086017722
-0.0056198751
-0.0059554919
-0.0050436544
-0.006280177
-0.0068546981
-0.0074197369
-0.0056971108
-0.005106331
-0.0047891666
-0.0044611649
-0.0038741171
-0.0032835171
-0.0070882134
-0.0079743465
-0.0067454574
-0.0061878809
-0.0072900905
0.016096022
0.015543573
0.016000746
0.01496168
0.015046567
0.015113775
0.014511789
0.014352866
0.014859365
0.012562578
0.013234701
0.012626128
0.0138849
0.013810877
0.013719447
0.013941486
0.01398041
0.013338249
0.012673981
0.012705716
0.012720172
0.013063722
0.013610451
0.012388199
0.012483385
0.012275783
0.012372748
0.01240745
0.012425262
0.013088309
0.01372972
0.013740745
0.012427209
0.013669253
0.013710458
0.014302548
0.013734275
0.013084684
0.012413567
0.01436092
0.014963024
0.014946014
0.014911384
0.015493471
0.016046385
0.012384251
0.012338774
0.013013806
-0.01166428
-0.011080199
-0.010479044
-0.010823098
-0.011149057
-0.010538798
-0.0098630137
-0.0086320437
-0.0092792525
-0.0089511724
-0.0099151665
-0.0095835967
-0.0092342276
-0.010228125
-0.010521065
-0.0098927428
-0.0092528608
-0.0095353311
-0.0097956525
-0.0085946668
-0.0079461822
-0.0082967665
-0.010067683
-0.0093931367
-0.0094080367
-0.0087182275
-0.0087042905
-0.0065849573
-0.0073053486
-0.0065704892
-0.0080168536
-0.0080175657
-0.0080035823
-0.0080016016
-0.0072619728
-0.006543764
-0.0065043601
-0.007293455
-0.0065764033
-0.0065871623
-0.00047355488
-0.0011384106
-0.0018064294
-0.0011634514
-0.00051781972
-0.0011864531
-0.0024736141
-0.0031736162
-0.0025161443
-0.0025324495
-0.0018532644
-0.0024965374
-0.0031368626
-0.0012080163
-0.0005619224
-0.0012282075
-0.0018891915
-0.0012463995
-0.00060712633
-0.0037935329
-0.0044411733
-0.0038105179
0.004403714
0.0051938275
0.0035991129
0.0035923467
0.0027646095
0.0027870577
0.0036020699
0.000302219
0.0011234936
0.0002809703
0.0019448563
0.0019600876
0.0019707189
0.0019250912
0.0010786896
0.00025756259
0.00023153296
0.0011531513
0.0019763673
0.00033747317
0.00032130259
0.00034802663
0.0047776365
0.0043539929
0.003979855
0.0031727282
0.0039231718
0.0018617165
0.0023020439
0.0014858845
0.0027393162
0.0031150536
0.0034863341
0.002359717
0.0015439304
0.001107885
0.00072857188
-8.2946132e-05
0.00066817675
0.003045047
0.0026014954
0.0022341679
0.0014196852
0.0021590813
-0.0029297117
-0.0024623233
-0.0020865794
-0.001236456
-0.0019896515
0.0001923278
-0.00028461292
0.00056857162
-0.00076117988
-0.0011380389
-0.0015132148
-0.00038320534
0.00046962974
0.00094418099
0.0013183559
-0.001034817
-0.00055683608
-0.00018337226
0.0011358957
0.0021224338
0.0016687697
0.0031124775
0.0025665902
0.0020074947
0.0030013224
0.0040997084
0.0036424629
0.0059285133
0.0049654617
0.0053717788
0.0039885701
0.004540686
0.0050783832
0.0034242973
0.0028510091
0.0038323967
0.0048014216
0.0042215055
0.0036379165
0.0045844582
0.0057555836
0.0060432041
0.0056007583
0.006989138
0.0064684131
0.0068747928
0.0079120558
0.0074910004
0.018009861
0.018192483
0.018532963
0.018334995
0.01776711
0.017143298
0.017262878
0.018435317
0.018845145
0.017370894
0.017377079
0.016736242
0.017340996
0.017944653
0.018492361
0.016684137
0.015977149
0.016035293
0.016051679
0.015321423
0.014550296
0.014548368
0.016025775
0.018505745
0.018981931
0.018475823
0.01795195
0.017322584
0.018404143
0.018938493
0.0026251664
0.0030145352
0.0015949185
0.0022237378
0.0018104422
0.00055480333
0.00096650096
-0.0013315948
-0.00028546043
-0.00070964317
0.00076330838
0.00013701235
-0.00048892134
0.0013877085
0.0009589169
-8.8047461e-05
0.00052902119
0.0001076046
-0.0011302764
-0.0015304739
-0.0011128204
-0.0025640529
-0.0019505731
-0.002371975
-0.0035846487
-0.0031715928
0.01461294
0.013852825
0.014627138
0.015320396
0.015966101
0.014594283
0.013898767
0.015633425
0.015793914
0.016289622
0.015904845
0.015227679
0.014514908
0.016544146
0.017050223
0.01690668
0.017481214
0.017835671
0.016713413
0.014389394
0.01376862
0.01421773
0.014941561
0.015422856
0.013997802
0.013465455
-0.00018945933
0.00051248603
-0.00076054475
0.0012136943
0.001795239
0.0023732864
0.0030756337
0.0019110093
0.00062945288
0.0051112944
0.0044478267
0.0056881515
0.003768157
0.0031864878
0.0026008935
0.0043444195
0.0049138283
0.0055934973
0.0062565944
0.0068147381
0.00736148
0.0079981267
0.0069018919
0.0032796346
0.0020127773
0.0039424281
0.0045283916
0.0057550212
0.0045807502
0.0033571916
0.0070324372
0.008212888
0.0066939257
0.0058120372
0.0045634387
0.0063463978
0.0075578869
0.0034816946
0.003846452
0.0025691596
0.0042073488
0.0051073685
0.0059910016
0.0032946766
0.0020134321
0.0016498329
0.00072866428
0.005629462
0.0068554847
0.0052643114
0.0043821676
0.0061202626
0.0090726867
0.009778458
0.0092140079
0.010472498
0.010310462
0.010113981
0.010807772
0.011152752
0.010598119
0.012788256
0.012146365
0.012582276
0.011485734
0.011669058
0.0118169
0.011267637
0.011016163
0.011687442
0.012340289
0.012064371
0.011758122
0.012394067
0.012973648
0.012462602
0.011929809
0.013087522
0.012956833
0.013410179
0.013689612
0.013182872
0.013605796
0.013363688
0.013033705
0.013094782
0.013660685
0.014208586
0.013920306
0.012801356
0.01251153
0.012910696
0.013270504
0.013446372
0.013607259
0.013055187
0.012485018
0.01414027
0.014653021
0.014319384
0.01396264
0.01445743
0.014928374
0.014555683
0.013583697
0.012147076
0.011897352
0.011788448
0.012357495
0.012527873
0.011408593
0.01120433
0.015454543
0.015541353
0.015948828
0.01532013
0.015140758
0.016407242
0.016537872
0.016379518
0.016005611
0.015736749
0.015592251
0.016229356
0.016826905
0.014917831
0.014652495
0.015057542
0.01434577
0.017205674
0.017383101
0.017542033
0.016982386
0.018055377
0.011025922
0.010261182
0.010646022
0.010227588
0.009469249
0.0077265201
0.0085797935
0.0080838832
0.0094143445
0.0090418672
0.0086548137
0.0097719241
0.0092810661
0.00842844
0.0087587334
0.0078224211
0.0069766072
0.0073573416
0.0081480898
0.0086329405
0.0083756395
0.0076326523
0.0070932148
0.0085925582
0.0091025488
0.0076857011
0.0074993075
0.0069226585
0.0073016623
0.0080567362
0.0087974787
0.0065339336
0.005958045
0.006149146
0.005368474
0.0047679985
0.0063276396
0.0089895356
0.0095228309
0.0091685475
0.0084352715
0.0078608605
0.009336181
0.0098835318
0.0080948715
0.0071732195
0.0062258915
0.0068381061
0.0074364097
0.0064849059
0.0052591231
0.0035400084
0.0045330871
0.004149636
0.0055158903
0.0049032958
0.0042785557
0.0061146005
0.0066970131
0.0057289703
0.0047478045
0.0053308443
0.005893493
0.0049255325
0.0037554029
0.00328961
0.0022978882
0.0029219197
0.0025396625
0.001308641
0.0023017709
0.0033097369
0.0015829811
0.0012758754
0.00024060308
0.00086091771
0.0018884263
-0.001926364
-0.001207215
-0.0022406439
-0.00048448228
-0.00017211353
0.00013818928
-0.00079826315
-0.001835329
-0.0025534532
-0.0028639377
-0.0038737503
-0.0032666682
-0.00058260285
0.0004459808
-0.0012987779
-0.0016118111
-0.0026413081
-0.0020080208
-0.00099022555
0.013999087
0.01409351
0.014291697
0.013860222
0.013679994
0.014565492
0.014703832
0.014373626
0.014162263
0.013901623
0.013930926
0.014383982
0.014819091
0.013460522
0.01320339
0.013413106
0.012909873
0.01258154
0.013601588
0.0150515
0.015236026
0.015262269
0.014827571
0.014565032
0.015452631
0.015677746
-0.00079114971
-0.0014744307
-0.00082311708
-9.7854139e-05
0.00059696932
-0.00085548588
-0.0015453627
0.00048722244
0.00052593173
0.0012100096
0.00056244687
-0.00016333396
-0.00088786287
0.0012883351
0.0019728968
0.001931134
0.0026478856
-0.00092030292
-0.0016106287
-0.00095357867
-0.00023472378
-0.0016682604
0.018077803
0.018558133
0.017728498
0.017538578
0.016944262
0.017357315
0.017892509
0.01569128
0.016127992
0.015438431
0.016545839
0.016768493
0.016965378
0.016298059
0.015603625
0.015163
0.01486602
0.016553892
0.017136004
0.016124201
0.01592037
0.016300668
0.012465769
0.012705945
0.011878995
0.012204189
0.011920617
0.011275472
0.01153646
0.010060173
0.010694021
0.010374134
0.011314484
0.010994741
0.010657333
0.011615821
0.011291127
0.010670829
0.010948463
0.010590825
0.010036678
0.010026662
0.010302047
0.0093856498
0.0097303329
0.0094137903
0.0087363334
0.0090258732
0.0096710222
0.010446046
0.010191107
0.011203495
0.010674712
0.010129024
0.010877393
0.011937177
0.011714916
0.012954906
0.012293196
0.012426352
0.011599861
0.01212994
0.012642659
0.011053424
0.010491791
0.011201884
0.01188112
0.011321355
0.010749525
0.013316326
0.013137247
0.01395491
0.013464942
0.014424041
0.010114474
0.010218814
0.0094619158
0.0099872856
0.0098354091
0.0087942203
0.0089171774
0.0077867039
0.0084816441
0.0082920406
0.0091649517
0.0086492996
0.0081138094
0.0096590508
0.0094592896
0.0087768575
0.0092380777
0.0089992157
0.008082243
0.0074230279
0.0075587567
0.0067241472
0.0072633531
0.0070812506
0.0060188952
0.0061699417
-0.00677568
-0.007609711
-0.0059466117
-0.0059196705
-0.0050464723
-0.005103798
-0.0059678482
-0.0024765463
-0.0033390922
-0.0024441834
-0.0041964666
-0.004226625
-0.0042508239
-0.0041604085
-0.0032657853
-0.0024080599
-0.0023678113
-0.003391197
-0.0042687175
-0.002528801
-0.0025049923
-0.0025460944
0.016949598
0.01694525
0.016533678
0.016910641
0.017320695
0.017709715
0.017655853
0.016846625
0.016479683
0.017311419
0.017456442
0.01769633
0.017571297
0.017172855
0.016753584
0.01794832
0.018303283
0.018196596
0.018059534
0.01839985
0.018716046
0.016631732
0.016313975
0.016481042
0.016905944
0.016037678
-0.0047303164
-0.004437744
-0.0041361725
-0.0049990748
-0.0058544676
-0.0055512338
-0.0038277898
-0.0045988679
-0.0049228265
-0.0054521481
-0.0052404387
-0.0043808147
-0.0035139919
-0.0060906587
-0.0069287958
-0.0066148455
-0.0062943819
-0.0071216961
-0.0079294067
-0.0031957019
-0.0028733315
-0.0037380718
0.013244096
0.013753739
0.013879709
0.014484293
0.014247899
0.015885954
0.015437876
0.01597851
0.014970391
0.014860366
0.014725013
0.015054844
0.015588707
0.016044128
0.016082998
0.015183454
0.015621531
0.015766696
0.006592373
0.0072863016
0.0069986112
0.007387823
0.0079724188
0.009393988
0.0087376817
0.0090881976
0.0080685481
0.008365275
0.0086481232
0.007758562
0.0081089466
0.0087683892
0.0084363739
0.009311032
0.0099589952
0.0096844703
0.010496846
0.010335991
0.010156161
0.010775957
0.011382039
0.011200306
0.0099595672
0.01055151
0.01078424
0.011169539
0.011000663
0.010380594
0.0097475839
0.01160685
0.01219835
0.011993939
0.011773175
0.01236035
0.012929181
0.0095211696
0.0092808661
0.0099211833
0.013437536
0.013377864
0.012997446
0.013458014
0.013436268
0.012535057
0.012517967
0.011924395
0.012447963
0.01234256
0.01295224
0.012512254
0.012052339
0.013371431
0.013263887
0.012740137
0.013115241
0.011550995
0.011572885
0.011032427
0.011487259
0.010559858
0.012770315
0.012140254
0.012336331
0.011881833
0.011490264
0.009872237
0.010557647
0.010065791
0.011227965
0.011032767
0.010822902
0.011408237
0.01091723
0.010245725
0.010411021
0.0098928378
0.0095586179
0.010140708
0.0094464793
0.0096656971
0.009173019
0.0087431898
0.0053654721
0.0061473873
0.0059564959
0.0065394327
0.0069227259
0.0088249444
0.0080761262
0.0086324615
0.0073137151
0.0075057928
0.0076880911
0.0071121517
0.0076723844
0.0084295385
0.0082173802
0.0084403973
0.0091764645
0.0090063323
-0.018491413
-0.018997102
-0.018488112
-0.019441739
-0.019430996
-0.019381723
-0.019784996
-0.019821612
-0.019413616
-0.020579167
-0.020385418
-0.020536953
-0.020120168
-0.020146335
-0.020133945
-0.020055637
-0.019953042
-0.020240588
-0.020456529
-0.020338391
-0.020183215
-0.020347701
-0.020599419
-0.02037669
-0.020082947
-0.020548238
-0.020582926
-0.020700252
-0.020646938
-0.020475355
-0.013359911
-0.014161008
-0.013340522
-0.014927187
-0.014928058
-0.014881622
-0.01563501
-0.015653679
-0.014877945
-0.017611462
-0.01700299
-0.01756976
-0.016343176
-0.0163631
-0.016335739
-0.016276087
-0.01616257
-0.016846313
-0.017479117
-0.017340716
-0.017157161
-0.017752615
-0.018059242
-0.0169689
-0.016261727
-0.017548606
-0.017604069
-0.018166003
-0.018069705
-0.017448134
-0.016499944
-0.016932207
-0.015787793
-0.015993699
-0.015415952
-0.015025682
-0.015545542
-0.012908834
-0.013785783
-0.013072727
-0.01462254
-0.014438159
-0.014218115
-0.014770677
-0.014063056
-0.013203753
-0.013300442
-0.013369624
-0.013962632
-0.012485271
-0.012712943
-0.012224138
-0.017852987
-0.01752195
-0.017305689
-0.017143915
-0.017668539
-0.018141632
-0.017740726
-0.016722057
-0.016569088
-0.01628147
-0.016808971
-0.01674078
-0.017295921
-0.016802698
-0.016258955
-0.017736859
-0.018123432
-0.017656906
-0.01714859
-0.017502388
-0.017798835
-0.017277744
-0.016599575
-0.015757001
-0.015665882
-0.015218434
-0.015773145
-0.015714764
-0.01464444
-0.01461905
-0.019964895
-0.019990142
-0.019700672
-0.019855366
-0.019660435
-0.019392315
-0.019489042
-0.018522579
-0.018944321
-0.018594796
-0.01932388
-0.019210809
-0.019041554
-0.019380929
-0.019019293
-0.018613981
-0.018579792
-0.018650218
-0.01881533
-0.0182202
-0.018397664
-0.017988613
-0.018230979
-0.018627392
-0.018396354
-0.018483687
-0.018985338
-0.019317652
-0.019081955
-0.019009305
-0.018803628
-0.019073991
-0.019302627
-0.018492449
-0.018422642
-0.018661019
-0.018274755
-0.018049489
-0.018855516
-0.019577526
-0.019808751
-0.019584508
-0.019510136
-0.019995926
-0.018646811
-0.018126728
-0.018774083
-0.019110949
-0.019512659
-0.018869862
-0.018402854
-0.019608107
-0.019610096
-0.019879059
-0.019578202
-0.019273167
-0.01893379
-0.019848345
-0.020115794
-0.020114537
-0.020313606
-0.020440994
-0.020079234
-0.018965418
-0.018560427
-0.018964098
-0.019302717
-0.019571969
-0.018928582
-0.018593496
-0.017388569
-0.016836539
-0.016231773
-0.016164312
-0.016059503
-0.015435756
-0.015577692
-0.013300023
-0.014053119
-0.013218194
-0.014766047
-0.014840649
-0.014878353
-0.014655183
-0.014508192
-0.013827246
-0.013104087
-0.012957743
-0.01277781
-0.014138402
-0.013363615
-0.013348955
-0.020192663
-0.020320212
-0.020337152
-0.020399544
-0.020232877
-0.020033497
-0.020076018
-0.020429572
-0.020533172
-0.019907002
-0.020012881
-0.019701972
-0.020069213
-0.020255772
-0.0204098
-0.019850587
-0.019600386
-0.019557996
-0.019466145
-0.019200364
-0.018905299
-0.018780835
-0.019324061
-0.020340201
-0.020530934
-0.020221267
-0.020080389
-0.019751816
-0.020054335
-0.020328699
-0.018921911
-0.018517402
-0.018890975
-0.019266582
-0.01954712
-0.01881355
-0.018473953
-0.019099994
-0.019296655
-0.019437103
-0.019445745
-0.019088489
-0.018690252
-0.019761084
-0.019907182
-0.019732689
-0.019985118
-0.018521662
-0.018251791
-0.018308264
-0.018723091
-0.017856941
-0.013262582
-0.012357316
-0.013728663
-0.014133551
-0.014962143
-0.014175061
-0.013293007
-0.016183994
-0.015800909
-0.016537514
-0.015393337
-0.015012197
-0.014600363
-0.015742746
-0.016470573
-0.016856775
-0.017140645
-0.017746426
-0.017217835
-0.015002966
-0.014158866
-0.015380995
-0.015797752
-0.016541843
-0.015732151
-0.014937348
-0.020539691
-0.020382254
-0.020433436
-0.020179729
-0.020275975
-0.020323526
-0.020114571
-0.019933211
-0.020034844
-0.019226561
-0.019565335
-0.019300255
-0.019861605
-0.019776617
-0.019643872
-0.019898676
-0.019887496
-0.019629499
-0.01932787
-0.019308976
-0.019242694
-0.01894011
-0.018982859
-0.01931311
-0.019463265
-0.018942693
-0.019107227
-0.01884611
-0.018534576
-0.018732606
-0.016518119
-0.017157646
-0.016078688
-0.015822115
-0.015075632
-0.01561558
-0.016315482
-0.013545537
-0.014074571
-0.013239592
-0.014584934
-0.014867578
-0.015130488
-0.014283096
-0.013448778
-0.012916763
-0.012578029
-0.011679467
-0.012366647
-0.014625202
-0.015373295
-0.01410176
-0.013833425
-0.012998453
-0.013562553
-0.014348594
-0.014659309
-0.014085992
-0.01465479
-0.015195056
-0.015686682
-0.014631435
-0.014094571
-0.015481888
-0.015570233
-0.015967298
-0.015638478
-0.015124465
-0.01458945
-0.01613058
-0.016524579
-0.016429717
-0.016867264
-0.014528776
-0.014033859
-0.01444895
-0.014975229
-0.013904105
-0.020493311
-0.020611962
-0.020589794
-0.020636297
-0.020692454
-0.020709033
-0.020724474
-0.02066323
-0.020700154
-0.020734203
-0.020734273
-0.020632314
-0.02057772
-0.020584379
-0.020472756
-0.020317939
-0.020550654
-0.020737135
-0.020700965
-0.02072163
-0.020653665
-0.020625736
-0.020284535
-0.020098509
-0.020083718
-0.019839359
-0.019876008
-0.019039295
-0.019341121
-0.019010924
-0.019607988
-0.019629771
-0.019617831
-0.019552532
-0.019224659
-0.018950385
-0.018857763
-0.018454695
-0.018640266
-0.019324953
-0.018998641
-0.019035303
-0.018703227
-0.018640559
-0.017135423
-0.017500563
-0.016911941
-0.017824707
-0.018048394
-0.018242106
-0.018551069
-0.018106496
-0.017571157
-0.019202221
-0.019032003
-0.019418251
-0.018814632
-0.018594173
-0.018344451
-0.019005364
-0.019166092
-0.019408769
-0.01960409
-0.01975913
-0.019883235
-0.018537246
-0.018066075
-0.018683485
-0.018956895
-0.018383501
-0.019791157
-0.020083041
-0.019673841
-0.019443768
-0.019043142
-0.019531243
-0.019856102
-0.018527201
-0.018723489
-0.018243549
-0.018895559
-0.019153327
-0.019363712
-0.01859148
-0.0180913
-0.017915836
-0.017545811
-0.016959396
-0.017715768
-0.019171833
-0.019525477
-0.018956426
-0.018765321
-0.018307063
-0.018718514
-0.019098107
-0.010602228
-0.010213271
-0.011392435
-0.010965782
-0.011303178
-0.012160695
-0.011800574
-0.013490347
-0.012790452
-0.013058516
-0.012060612
-0.012490813
-0.012902733
-0.011612993
-0.011893661
-0.01260875
-0.012143117
-0.01361499
-0.013295834
-0.014294186
-0.013902632
-0.014664719
-0.014423557
-0.01450543
-0.015099311
-0.014572542
-0.013869461
-0.013133394
-0.013196701
-0.0146237
-0.015241687
-0.013294284
-0.013277309
-0.012553936
-0.013244761
-0.013968072
-0.014658364
-0.012490913
-0.011709257
-0.011755642
-0.011786128
-0.010994854
-0.01018484
-0.014676412
-0.01531362
-0.014678164
-0.014003596
-0.0153134
-0.0180549
-0.018167669
-0.018252346
-0.017832759
-0.017381871
-0.017453301
-0.018307494
-0.017491781
-0.01750854
-0.017045789
-0.01749567
-0.017929614
-0.018332403
-0.017031589
-0.016538481
-0.016569721
-0.016571234
-0.016069978
-0.015543955
-0.01553478
-0.016542573
-0.018326839
-0.018291069
-0.017907476
-0.017445646
-0.018226393
-0.0091687285
-0.0098985881
-0.009112547
-0.010615719
-0.01066658
-0.010702901
-0.011411642
-0.011316931
-0.010549876
-0.013413312
-0.012768581
-0.013448653
-0.012100813
-0.012057228
-0.011999258
-0.012129936
-0.012144753
-0.01281801
-0.01346811
-0.013471987
-0.013461254
-0.012659897
-0.011927242
-0.013295893
-0.013362191
-0.013216114
-0.011396293
-0.011734468
-0.011080095
-0.010735342
-0.012060126
-0.011649927
-0.011358692
-0.010967423
-0.011053667
-0.011723317
-0.012371833
-0.010364474
-0.0099693032
-0.010266876
-0.0095515084
-0.012668563
-0.012949767
-0.012311584
-0.019473017
-0.019678682
-0.019799198
-0.020073667
-0.019859214
-0.020472134
-0.020366291
-0.020537825
-0.020233368
-0.020139818
-0.020014032
-0.020294613
-0.020460842
-0.020570942
-0.020571488
-0.020142543
-0.0202441
-0.020374074
-0.016210247
-0.015768593
-0.01666761
-0.016619492
-0.016994995
-0.017102802
-0.016685688
-0.018207519
-0.017828586
-0.018135429
-0.017424175
-0.017483991
-0.017514381
-0.01733523
-0.017638649
-0.018033704
-0.017903411
-0.017900975
-0.017515534
-0.018261163
-0.018249436
-0.018243746
-0.017882598
-0.017512461
-0.01748921
-0.017065157
-0.017117171
-0.015784533
-0.01623393
-0.01575082
-0.016661043
-0.01668972
-0.016698038
-0.01661206
-0.016131695
-0.015698133
-0.015626358
-0.016256474
-0.015794203
-0.015799136
0.010980234
0.0099950852
0.010563886
0.0089652499
0.0093800206
0.0097793196
0.0087221074
0.0078996558
0.0085360032
0.0053906923
0.0065220294
0.0057881065
0.0076343052
0.0072272511
0.0068058019
0.0080259297
0.0084008279
0.0072966829
0.0061724577
0.006541344
0.0068911984
0.0057725494
0.0050315943
0.0056908975
0.0063706907
0.0045625845
0.0049818917
0.0042440838
0.0034286605
0.0041318057
0.017253936
0.016609333
0.01699982
0.015910513
0.01614625
0.016337765
0.015612153
0.015162563
0.015631283
0.013170121
0.014025168
0.013361336
0.0148402
0.014626726
0.014370396
0.01501039
0.015136219
0.014345688
0.013513476
0.013624891
0.013692447
0.01285907
0.012640911
0.013539051
0.014070808
0.012674033
0.012940912
0.012277614
0.011780677
0.012367109
0.014515695
0.013738279
0.0153014
0.015238845
0.015901397
0.016044116
0.015323
0.017895927
0.017284358
0.017795862
0.016618535
0.016699138
0.016739132
0.016497796
0.017023233
0.017654356
0.017472859
0.017839742
0.018229252
0.017382357
0.016738488
0.017969835
0.017953877
0.018450937
0.018497271
0.017945268
0.0060964002
0.0069900171
0.0078708714
0.0080726928
0.0082467814
0.0091255301
0.0087351846
0.011616736
0.010813647
0.011786432
0.0099821986
0.0097946277
0.0095786132
0.010140467
0.010269069
0.011110244
0.011923324
0.012027146
0.012099318
0.012880439
0.012706354
0.010396653
0.01118441
0.011415321
0.012388561
0.011936288
0.0078000745
0.0070082852
0.0086978845
0.0085638852
0.0092948525
0.0095800091
0.0088009933
0.011844072
0.011019285
0.011673807
0.010168656
0.01032004
0.010441757
0.0099879878
0.010638076
0.011471352
0.011238828
0.011278532
0.010534631
0.012085706
0.011981201
0.012161457
0.011298095
0.010466736
0.010378423
0.0094096126
0.0096099152
0.0067204265
0.0076323665
0.0065875083
0.0085296677
0.0086414567
0.0087323253
0.0083979243
0.0073502383
0.0064391487
0.00627569
0.0051889584
0.00551486
0.0078387986
0.0069344944
0.0068368359
0.0057956687
0.0060241217
0.009902159
0.01087181
0.0092212197
0.0088866622
0.0078344031
0.0085236534
0.0095403009
0.0056630501
0.0063962885
0.0052949627
0.0071206028
0.0074742069
0.0078122419
0.0067524645
0.0056477331
0.0049162793
0.004528315
0.003405845
0.0041767592
0.007089916
0.0081336668
0.0063599712
0.0060188545
0.0049221291
0.0056260823
0.0066822676
0.011949764
0.012826204
0.013674945
0.013242236
0.012773602
0.01361411
0.014489183
0.015892022
0.01517689
0.015444546
0.01441647
0.014858023
0.01526316
0.013939845
0.013430066
0.014217448
0.014961058
0.014444603
0.01389928
0.014617206
0.015658827
0.01599185
0.016670492
0.016301195
0.016559334
0.01729469
0.0051175617
0.0041473591
0.0051867895
0.0031604809
0.0030843639
0.003005212
0.0020060922
0.0021627448
0.0032339533
-0.0010045345
-2.5718598e-06
-0.0010867718
0.0010021811
0.0010822749
0.0011595457
0.00091950917
0.00083422982
-0.00016873176
-0.0011687862
-0.0012508656
-0.0013343861
-0.0023151227
-0.002164435
0.00015613656
0.0012335022
-0.00084172627
-0.00092245619
-0.0020009043
-0.0018272344
-0.00076515084
-0.00039587563
0.00054877258
0.00069369058
0.0017849563
0.0014949309
0.0045998298
0.003671138
0.0047426376
0.0027317372
0.0025869787
0.0024376017
0.0028711783
0.0039456931
0.0048761945
0.005000568
0.0033715856
0.0042910047
0.0044486266
0.013356117
0.013544191
0.012789828
0.013123043
0.012844142
0.012202943
0.012431838
0.010977691
0.011616732
0.011260539
0.012239255
0.011931455
0.011597764
0.012520399
0.012154034
0.011518138
0.011748792
0.011311721
0.010866547
0.01097643
0.011238163
0.010340881
0.010670878
0.010322949
0.0096922374
0.0099866031
0.0019790284
0.0015085005
0.0025743477
0.0010350535
0.00042929821
-0.00017452235
-0.00065589213
0.00055889417
0.0016421209
-0.0020876513
-0.001613747
-0.002695431
-0.0011359739
-0.00052765499
8.1759489e-05
-0.0017409697
-0.0023409417
-0.0028204144
-0.0032965483
-0.0038884331
-0.0044696253
-0.0049382232
-0.0037686292
-0.00039403175
0.00068944658
-0.00086536334
-0.0014762877
-0.0025556609
-0.0013273212
-0.00026116484
0.014101937
0.013279816
0.014446575
0.014893574
0.015645028
0.01477103
0.013981739
0.016466386
0.016217453
0.016867319
0.015943422
0.015517715
0.015073998
0.01635057
0.01700608
0.017248193
0.017607867
0.018151396
0.017464958
0.015354058
0.014612567
0.01560948
0.016046635
0.016689679
0.015837972
0.015156516
0.012440539
0.01217639
0.012933098
0.012670614
0.012866017
0.013411754
0.013174755
0.014201656
0.013773358
0.013897907
0.013327929
0.013610968
0.013874678
0.013026089
0.013149719
0.013575162
0.013235184
0.014320326
0.014118994
0.014747552
0.014485109
0.014990014
0.0048166756
0.0044375926
0.0038384103
0.0028458749
0.0040496185
0.0016564252
0.002056303
0.0010522554
0.0024531534
0.0030565438
0.0036540127
0.0018451288
0.00084135495
0.00044603588
-0.00016019582
-0.0011535857
4.7248772e-05
0.0032526301
0.002848231
0.0022561121
0.0012552195
0.0024455759
0.0029557537
0.0033373454
0.0024923119
0.0020206562
0.0037152947
0.0031334561
0.0027676925
0.0022855626
0.0023964245
0.0032447732
0.0040872126
0.0015440077
0.0010647109
0.0014347458
0.00058456532
0.00010413811
0.00179881
0.0044514716
0.0048070975
0.0039751006
0.0034936023
0.0051546239
-0.0085314796
-0.0076902757
-0.0068257576
-0.0067485268
-0.0066625792
-0.0057855638
-0.0059423855
-0.0030806181
-0.0039915535
-0.002999458
-0.004894225
-0.0049736687
-0.005044575
-0.0048064843
-0.0047103116
-0.0038162633
-0.0029128778
-0.0028205889
-0.0027210503
-0.0041368356
-0.0032245314
-0.0031560042
-0.003211818
-0.0022132077
-0.0036981354
-0.0042100944
-0.0052018802
-0.0041798087
-0.0031738818
-0.006630208
-0.0061625731
-0.0071331811
-0.0056861855
-0.0051768897
-0.0046557021
-0.0061818568
-0.0071449313
-0.0076189417
-0.0080854507
-0.0089960922
-0.0080842941
-0.0051242534
-0.0041249968
-0.0055834501
-0.0061124893
-0.0070881318
-0.0060305987
-0.0050492207
0.0091810258
0.0093628362
0.0085854696
0.0095224377
0.010125564
0.010712754
0.010867195
0.0096606875
0.0089038004
0.011183461
0.011102688
0.011782135
0.010997122
0.010394733
0.0097773069
0.011583263
0.012152141
0.012270198
0.012363224
0.012924782
0.013465523
0.0098716219
0.0091461686
0.0099423839
0.010569387
0.0093052281
0.0047260578
0.005402006
0.0048211738
0.006073651
0.0059721057
0.0058540092
0.006530096
0.0067394436
0.006157258
0.008507329
0.0078577395
0.0083911817
0.0071983314
0.0073064647
0.0073974803
0.0070735861
0.0069334911
0.0075998355
0.0082567381
0.0081054813
0.0079403739
0.0080457959
0.0074721407
0.0086823519
0.0086043915
0.0087433553
-0.00011753131
0.00072919339
0.0015797003
0.0013549684
0.0011253748
0.0019793861
0.0024302554
0.0045144012
0.0036760332
0.004287526
0.0028303409
0.0030563049
0.0032773172
0.0025998494
0.0023657414
0.0032135377
0.0040545795
0.0038169126
0.0035769337
0.0044043543
0.0048878376
0.0041175008
0.0049473044
0.004734393
0.0053437496
0.0057633002
0.015973695
0.016475238
0.015874962
0.015428588
0.014844208
0.015749553
0.016301824
0.014336948
0.014530929
0.013869294
0.014700142
0.015158362
0.015597519
0.014223657
0.013569797
0.013385094
0.012885875
0.015419329
0.016016939
0.015216022
0.014786434
0.015624015
0.018366715
0.018040274
0.017689942
0.017885681
0.018051713
0.017687051
0.017317078
0.016465004
0.016893055
0.016617556
0.017300605
0.017126523
0.016922927
0.017444902
0.017558858
0.017160489
0.01674142
0.016835969
0.016900071
0.016508661
0.016075406
0.016284215
-0.0040053446
-0.0035357499
-0.0029410735
-0.0018645911
-0.0030616235
-0.00043000474
-0.00090827985
0.00017430363
-0.0013867673
-0.0019881504
-0.0025843113
-0.00078172059
0.00030217504
0.00077868916
0.0013808906
-0.0021055369
-0.0016275762
-0.0010316948
0.0093035125
0.0089738446
0.0088978591
0.009617562
0.0099122687
0.0084777373
0.0081646738
0.0085974225
0.0090486475
0.0093042204
0.0094871537
0.0087729784
0.0080449422
0.010185714
0.010436834
0.0099946464
0.010665235
0.0076008907
0.0073041934
0.007146651
0.0078772778
0.0064077596
0.0062135744
0.0066592307
0.0060056522
0.0057866863
0.0070974192
0.0070652071
0.0066484836
0.0064082556
0.0062220402
0.0068783876
0.0075261713
0.0055581369
0.0053209069
0.0057442427
0.0050754454
0.0079439864
0.0083497381
0.007713028
-0.018011571
-0.017487362
-0.017839651
-0.01691821
-0.017058421
-0.017146338
-0.016554338
-0.016307268
-0.016726461
-0.014549397
-0.015253686
-0.014624123
-0.01592273
-0.015815864
-0.015657774
-0.01597828
-0.015981986
-0.015334651
-0.01465094
-0.014629577
-0.014558809
-0.013872694
-0.013932095
-0.0149731
-0.015447876
-0.014256856
-0.014426986
-0.013811954
-0.013512464
-0.014036903
-0.012959957
-0.012017345
-0.012899311
-0.011028177
-0.011076518
-0.011102646
-0.010083716
-0.0099994445
-0.010957944
-0.0068452617
-0.0079499211
-0.0068707777
-0.0090310543
-0.0089948925
-0.0089377004
-0.0090461655
-0.0090398492
-0.007971672
-0.0068792803
-0.006869904
-0.0068402205
-0.0057555751
-0.0057649625
-0.0078495596
-0.0088591766
-0.0067424969
-0.0068027893
-0.005721285
-0.0056255189
-0.0066614412
-0.015328388
-0.014557846
-0.016057421
-0.016040643
-0.016688326
-0.016740962
-0.01603166
-0.018494232
-0.017947352
-0.018437097
-0.017344462
-0.017380749
-0.017374713
-0.017266125
-0.017769547
-0.018336766
-0.018194277
-0.017954962
-0.017326452
-0.018478106
-0.018507793
-0.018406663
-0.0076979784
-0.006568678
-0.0085409006
-0.0088052044
-0.0098804737
-0.0093653112
-0.0082461203
-0.012243924
-0.01148541
-0.012474784
-0.010696628
-0.010446864
-0.010166994
-0.010915353
-0.011902093
-0.012671152
-0.012832564
-0.013696217
-0.013408057
-0.010941637
-0.0098586398
-0.011684593
-0.011979758
-0.012969502
-0.012390516
-0.011363518
-0.013166102
-0.012978776
-0.012796824
-0.013314659
-0.013420406
-0.012406845
-0.012259524
-0.012126539
-0.01257696
-0.012597347
-0.013008436
-0.012513498
-0.011997884
-0.01348177
-0.013498764
-0.013046887
-0.01347295
-0.013408362
-0.012577082
-0.011571345
-0.011461844
-0.011128184
-0.011636335
-0.011657272
-0.010667869
-0.010601928
-0.012488986
-0.012057671
-0.011517917
-0.010504446
-0.01160645
-0.0090509554
-0.0095498605
-0.008473459
-0.010034731
-0.010595699
-0.011136917
-0.0094554077
-0.008377086
-0.0078812717
-0.0072766228
-0.0061639929
-0.0073715022
-0.010651064
-0.010151527
-0.009611299
-0.0085389914
-0.0096420897
0.00057778677
-0.00033763976
0.00055768755
-0.0012572431
-0.0012362732
-0.0012088606
-0.0021341134
-0.0021768301
-0.0012717466
-0.0048741949
-0.0039698492
-0.0048523896
-0.0030554104
-0.0030770262
-0.0030917937
-0.0030268567
-0.0029921016
-0.003910104
-0.0048202289
-0.0047786793
-0.0047307461
-0.0039973114
-0.0031006844
-0.0048877143
-0.004885636
-0.0048837178
-0.013640763
-0.014374073
-0.01507961
-0.014671617
-0.014224678
-0.014929516
-0.015753097
-0.016828327
-0.016233728
-0.016408571
-0.015600025
-0.016015046
-0.016390703
-0.015146886
-0.014657433
-0.015322746
-0.015950209
-0.015455899
-0.014929479
-0.016989011
-0.017544761
-0.017207524
-0.014858972
-0.014088709
-0.01514239
-0.015596213
-0.016290835
-0.01540717
-0.014670031
-0.016936374
-0.016743745
-0.017336493
-0.016528383
-0.016099784
-0.015652271
-0.016937514
-0.017532582
-0.017715704
-0.018072823
-0.01855429
-0.017875974
-0.015876529
-0.015186059
-0.016078508
-0.016516589
-0.017105901
-0.016256311
-0.015623539
-0.012901138
-0.01257428
-0.013398692
-0.013192919
-0.013448645
-0.013880879
-0.013585865
-0.014779904
-0.014354712
-0.014533426
-0.013910726
-0.014136897
-0.014345802
-0.013667581
-0.013848615
-0.014269639
-0.013989922
-0.014791826
-0.014537439
-0.015217694
-0.015008118
-0.015409891
-0.010620108
-0.011212065
-0.011282789
-0.011791592
-0.011109462
-0.010396917
-0.010978062
-0.012356077
-0.012441724
-0.012622122
-0.012091856
-0.011915298
-0.011543467
-0.012238974
-0.012903273
-0.010819234
-0.01006947
-0.010633862
-0.011180617
-0.010422541
-0.0096473106
-0.013431252
-0.01353495
-0.013938354
-0.013297516
-0.014542127
-0.002208198
-0.0015857694
-0.0030902819
-0.002827481
-0.0034419227
-0.0039696186
-0.0033432487
-0.0060549419
-0.005193855
-0.0057887067
-0.0043220889
-0.0045868298
-0.0048423829
-0.0040488893
-0.0046454203
-0.0055124
-0.0052278355
-0.0057905507
-0.0063685317
-0.005704909
-0.0050888546
-0.0065533643
-0.0063099761
-0.006903264
-0.0073837079
-0.0067864074
0.0023352406
0.0022655282
0.0013715535
0.0021889263
0.0031639263
0.0041321482
0.0040594147
0.0021074967
0.0012080197
0.0038034418
0.0038947443
0.0047763314
0.0039801273
0.0030041124
0.0020221194
0.0049469041
0.0059010201
0.0058220668
0.0057369954
0.006680578
0.0076016464
0.0075179369
0.0056458946
0.0019330732
0.0010371756
0.0018400772
0.0028229756
0.0037061054
0.0017417854
0.00086140814
0.0070237533
0.0060822617
0.00651158
0.0059828506
0.0051224377
0.0030546125
0.0040397731
0.003483668
0.005016979
0.0045866281
0.0041494918
0.0054397656
0.0048848852
0.0039066151
0.0043216203
0.0037558868
0.0029208229
0.0031681336
0.0021832117
0.0026208139
0.0020640555
0.0012000401
-0.014442861
-0.013931559
-0.014305966
-0.01413011
-0.013398023
-0.012426261
-0.013013331
-0.012765603
-0.013581639
-0.013224401
-0.01284439
-0.013915422
-0.01366296
-0.013082353
-0.013374874
-0.013055489
-0.012483461
-0.012272629
-0.011684566
-0.012065608
-0.011821134
-0.011081274
-0.0093283777
-0.0090551903
-0.0099097632
-0.0087642125
-0.0081727545
-0.0075661027
-0.0072679529
-0.0084550085
-0.0093397556
-0.0062838229
-0.006626174
-0.0056880189
-0.0069545424
-0.0075494776
-0.0081284605
-0.0063453849
-0.0057232803
-0.0054093245
-0.005080733
-0.0044642802
-0.0038400966
-0.0035151032
-0.0047377515
-0.0077860369
-0.0086893707
-0.0074300175
-0.0068655472
-0.005929137
-0.0070644918
-0.0079726181
-0.0042030195
-0.0032593376
-0.0045570682
-0.0051448992
-0.006078737
-0.0049021986
-0.0039601451
-0.0070696677
-0.0067526468
-0.0076550123
-0.0064220126
-0.0058341237
-0.0052374174
-0.0069996949
-0.0079035388
-0.0082277723
-0.0087859449
-0.0055612807
-0.0046335009
-0.0058715482
-0.0064741575
-0.0052660185
0.0026976117
0.0032992368
0.0018083779
0.0020876669
0.0014711183
0.00091324917
0.0015285154
-0.0012226113
-0.00032539959
-0.00094542749
0.00057326076
0.00029486873
1.5939981e-05
0.00085047994
0.00022867751
-0.00066743041
-0.00039041628
-0.00100046
-0.0015620503
-0.0008799672
-0.0002635264
-0.001770649
-0.0014978444
-0.0021164893
-0.0026520584
-0.0020422995
-0.009216612
-0.0087575657
-0.0094194354
-0.0096009058
-0.0082748982
-0.0080607623
-0.0085942888
-0.0087205329
-0.0091082844
-0.0084454726
-0.0077717576
-0.0097591229
-0.0098930139
-0.0093684549
-0.010002357
-0.01008902
-0.0088248888
-0.007250718
-0.0067140067
-0.0073912424
-0.00750811
-0.0061625627
-0.016108432
-0.016095875
-0.016548621
-0.016054894
-0.015598975
-0.015122715
-0.015062161
-0.015984327
-0.016490183
-0.014710398
-0.014855977
-0.014238003
-0.014973309
-0.01543873
-0.015883903
-0.014488457
-0.013984996
-0.01388057
-0.013747808
-0.013241383
-0.012719884
-0.015753862
-0.016308105
-0.015595073
-0.015163338
-0.016003889
-0.018397882
-0.018052916
-0.018196761
-0.017950828
-0.017684797
-0.016750277
-0.017171828
-0.016851232
-0.017572211
-0.017450055
-0.017294696
-0.017660955
-0.017328702
-0.016920133
-0.016956527
-0.016883763
-0.016453155
-0.016617559
-0.0039465651
-0.004802725
-0.0031521731
-0.0030735512
-0.0021889017
-0.0023507585
-0.0032285457
0.00023206208
-0.00057496609
0.00031750683
-0.0013825463
-0.0014654002
-0.001545449
-0.0012970745
-0.00040243771
0.00040333264
0.00048974026
-0.00073933903
-0.0016221796
6.4188829e-05
0.00014730232
-1.4830062e-05
-0.012669374
-0.012398747
-0.012107015
-0.011715415
-0.011308777
-0.011009319
-0.011794102
-0.01000029
-0.010354672
-0.0096082117
-0.010691249
-0.01108388
-0.011460841
-0.010283628
-0.009861315
-0.0095412633
-0.009202878
-0.0087853391
-0.0083557824
-0.0080191806
-0.0088459347
-0.011108487
-0.010738934
-0.010377772
-0.0096294566
-0.010355414
-0.0078002574
-0.0082100646
-0.0075623383
-0.0073086485
-0.0086104695
-0.0084629634
-0.0080894569
-0.0078063941
-0.0077044411
-0.0083577198
-0.0089996331
-0.0070409258
-0.0067603161
-0.0071404375
-0.0064675655
-0.00937619
-0.0097392202
-0.0091079276
-0.010347503
-0.010774222
-0.010066641
-0.0097631122
-0.01118714
-0.010946007
-0.010567216
-0.010224829
-0.010172658
-0.010888299
-0.011584277
-0.0094390123
-0.0090957975
-0.0094866246
-0.0087346069
-0.011964146
-0.012325743
-0.011647273
-0.0062285137
-0.0053760627
-0.0056562808
-0.0050710202
-0.0045109803
-0.002446409
-0.003327455
-0.0027243004
-0.0042030659
-0.0039235577
-0.0036369881
-0.0044748843
-0.0038704578
-0.0029964773
-0.003261139
-0.0027577718
-0.0018774
-0.002163936
-0.0028108555
-0.0024630238
-0.0023534882
-0.0031585296
-0.0035020317
-0.0018903613
-0.0015455987
-0.0020976167
-0.0025697052
-0.0029017433
-0.0030381267
-0.0022323127
-0.0014235989
-0.0038392212
-0.0041687588
-0.0037003228
-0.0044898245
-0.00095479571
-0.0006133532
-0.00048514822
-0.0012910623
0.000317319
0.0028809123
0.0024584643
0.0019944079
0.0011011101
0.0020322142
-0.00018556269
0.00024345868
-0.00065217268
0.00067261023
0.0011390092
0.0016032224
0.00020491204
-0.00069059919
-0.0011179198
-0.0015815038
0.0011729144
0.000743262
0.00028030084
0.017845769
0.018308319
0.018070035
0.018733489
0.018468608
0.018147525
0.018550545
0.019118554
0.018940399
0.019501286
0.0192287
0.019161526
0.018911395
0.01921443
0.019461197
0.018553539
0.018142717
0.018477538
0.018767928
0.018323061
0.017830349
0.018090685
0.019012838
0.019759533
0.019650914
0.020012056
0.019785265
0.019728304
0.020217809
0.020181113
0.018542722
0.01824504
0.017898941
0.018361943
0.018771139
0.018401467
0.017507451
0.017025839
0.017527231
0.017420871
0.017986279
0.017556108
0.017073009
0.018362099
0.018681853
0.018243991
0.017762516
0.018048797
0.018277217
0.017780673
0.01723852
0.01659789
0.016084238
0.016579527
0.016483403
0.015533201
0.017528766
0.017308902
0.017170277
0.017677446
0.017751034
0.016757874
0.016622402
0.0162576
0.01680666
0.016719068
0.017305017
0.016819703
0.016293929
0.017748232
0.017669294
0.01713954
0.017516266
0.015780893
0.015729059
0.01522142
0.015757627
0.014650046
0.018756413
0.01848095
0.019183063
0.018953094
0.019069661
0.01955374
0.019370973
0.019879002
0.019669888
0.019602576
0.019399624
0.019653486
0.019865898
0.019105173
0.019059366
0.019286519
0.018932577
0.018725027
0.019450782
0.020117632
0.020036236
0.020307583
0.020114377
0.020026182
0.020435204
0.020457917
0.012228959
0.013122061
0.012261512
0.013981132
0.013937543
0.013868737
0.014701461
0.014800604
0.013999142
0.016920171
0.016230743
0.016851274
0.015490027
0.015545895
0.015575817
0.015408347
0.015301124
0.016053558
0.016755241
0.016632674
0.01648472
0.017139615
0.017403569
0.016302555
0.01557979
0.016976432
0.016961766
0.017555545
0.017592191
0.016965437
0.015988236
0.016507753
0.015466425
0.015402374
0.014752898
0.014921167
0.015493525
0.012982966
0.01359267
0.01284181
0.014183008
0.014287074
0.014354429
0.014043316
0.013278332
0.012668674
0.012464294
0.011610874
0.01204045
0.013768263
0.01438361
0.013164771
0.013091174
0.012354735
0.012545647
0.013199645
0.016538084
0.016728883
0.017176988
0.016897761
0.016213752
0.01547813
0.015637063
0.017043551
0.017527588
0.015977364
0.015886999
0.015221256
0.015773478
0.016495549
0.017165513
0.015002662
0.014186782
0.014314538
0.014419717
0.013577332
0.012699812
0.012796431
0.014501972
0.017263282
0.017780755
0.017336929
0.016683974
0.016044421
0.017387242
0.017931345
0.020538565
0.020573528
0.020636154
0.02057464
0.020457059
0.02030976
0.020287528
0.020541659
0.020662307
0.020017503
0.020141356
0.019863156
0.02023139
0.02036778
0.020474581
0.020065753
0.019871198
0.019792881
0.019680666
0.019470647
0.019233569
0.019101732
0.019534101
0.020373622
0.020551497
0.020239264
0.020143094
0.019859995
0.020072382
0.020305188
0.019300795
0.019320431
0.019616938
0.019884046
0.01929333
0.019631777
0.019764172
0.019921419
0.019848277
0.019554544
0.019219888
0.02010026
0.020264446
0.02016995
0.020376059
0.01910052
0.018935659
0.019302565
0.012869839
0.012094528
0.013007509
0.013607111
0.014298006
0.013113018
0.012388617
0.01441772
0.014414036
0.014982298
0.014373878
0.013789844
0.013186029
0.014937039
0.015520156
0.015525174
0.016044388
0.013225979
0.012563326
0.013231683
0.013833482
0.012614069
0.020206659
0.02039011
0.020166288
0.019963499
0.019662657
0.020096524
0.02033639
0.019292807
0.019444812
0.019035728
0.01956814
0.019798869
0.019997447
0.019305901
0.018895242
0.018748834
0.018433381
0.017924344
0.018573166
0.019869356
0.020163395
0.019712842
0.01951891
0.019112337
0.019529016
0.019873253
0.020330913
0.020109171
0.019839627
0.01998003
0.020072119
0.019793462
0.01952398
0.018685627
0.019099138
0.01880218
0.019468781
0.019340041
0.019164002
0.019550068
0.019583471
0.019251172
0.018873552
0.018899026
0.018877311
0.018761706
0.018319494
0.018524541
0.016923368
0.017215683
0.01651434
0.01657858
0.016182209
0.016083538
0.01643015
0.014743264
0.015241835
0.014748389
0.015721709
0.015687395
0.015632484
0.015735586
0.015240919
0.014734649
0.014701988
0.014125688
0.014210769
0.015162608
0.015556775
0.014675217
0.014719077
0.014226273
0.014171025
0.014610135
0.017036294
0.017652074
0.016662766
0.016364052
0.015640469
0.016267849
0.016940546
0.014317499
0.014776171
0.013962618
0.01521742
0.015545467
0.015852822
0.014869341
0.014054488
0.013590017
0.01320092
0.01231714
0.013108599
0.015419098
0.01613908
0.014968344
0.014653289
0.013841854
0.014502586
0.015260736
0.015556641
0.015041735
0.015559041
0.016030903
0.016458355
0.015540864
0.015068303
0.016251939
0.016342657
0.016667194
0.016411427
0.015966771
0.015502267
0.016835624
0.017160825
0.017061351
0.017433032
0.015443177
0.015018172
0.015363129
0.015816866
0.014891298
0.012649595
0.01175205
0.013022177
0.013518776
0.014350901
0.013378234
0.012509426
0.015286745
0.014995415
0.015736936
0.014683238
0.014208253
0.013716584
0.015140731
0.015884284
0.016167714
0.016577664
0.014035879
0.0132087
0.01433444
0.014818665
0.01383607
0.020286733
0.020443045
0.02056575
0.020545091
0.020489546
0.020611065
0.020654398
0.020766353
0.020749674
0.020741839
0.020697857
0.020720503
0.020708645
0.020640761
0.020549341
0.020634122
0.020683358
0.02059122
0.020465897
0.020512073
0.020696968
0.020728307
0.020713328
0.02075681
0.020747808
0.020663643
0.017119422
0.017533339
0.017906596
0.018076531
0.018219406
0.018575237
0.018237304
0.019366307
0.019149754
0.019530795
0.018885699
0.018718017
0.018523734
0.019026467
0.019140156
0.019427829
0.019667881
0.019777203
0.019858827
0.018764424
0.018957891
0.019175038
0.019727291
0.020023221
0.019567735
0.019377564
0.018976029
0.019380301
0.019710482
0.018322163
0.018566691
0.018086024
0.018784783
0.018998692
0.01916555
0.018524753
0.018026133
0.017805895
0.017483207
0.018924289
0.019284157
0.018657584
0.018513101
0.01875336
0.008842384
0.0096111688
0.0091686126
0.010367927
0.010032092
0.0096815201
0.010429988
0.011108097
0.010688487
0.012549902
0.01186634
0.01220329
0.01115906
0.011500883
0.011828028
0.010803131
0.010433933
0.011149723
0.011841948
0.011467445
0.011081893
0.012524572
0.012140272
0.013194742
0.012880622
0.013492682
0.01092761
0.010144938
0.011647949
0.011689767
0.012426556
0.012348602
0.011589115
0.014411961
0.013776968
0.014441085
0.013114566
0.013078668
0.013026355
0.013134016
0.013808593
0.01445243
0.01444638
0.013678223
0.012957947
0.014301062
0.014365108
0.014221378
0.011692342
0.01209564
0.012487541
0.011840166
0.011167699
0.011554527
0.012866041
0.012629781
0.012286266
0.011952138
0.011927656
0.012591221
0.013229588
0.011240736
0.010532804
0.010900318
0.011252591
0.010534702
0.0098030291
0.013576993
0.01390749
0.0132825
0.01351531
0.013550789
0.012864398
0.012178923
0.013570728
0.012171806
0.01218889
0.011452333
0.012191259
0.012895829
0.013574632
0.011462847
0.010719698
0.010711726
0.0099533677
0.013562453
0.013534639
0.012867007
0.019161693
0.019419663
0.019519246
0.01982287
0.019650527
0.020367343
0.020215251
0.020411605
0.020033614
0.019961239
0.019853481
0.020070563
0.020260973
0.020420144
0.020393096
0.020027731
0.02017245
0.02028748
0.019917007
0.020091638
0.020236892
0.020275745
0.020280018
0.020424921
0.020352472
0.020675508
0.020622877
0.020703633
0.02053928
0.020505741
0.020438058
0.020538636
0.0205039
0.02061652
0.020697844
0.020658302
0.020585443
0.020493386
0.020518208
0.02061357
0.018780061
0.018281216
0.019049491
0.019227446
0.019619311
0.019288276
0.018836694
0.020165717
0.020017205
0.020291504
0.019834898
0.019682323
0.019495408
0.019952914
0.02022625
0.020382211
0.020437659
0.019669941
0.019274459
0.019810885
0.020005267
0.019583814
0.018234147
0.018158802
0.018510738
0.018758762
0.01805638
0.018357618
0.018518758
0.018703909
0.018652576
0.018302717
0.017927557
0.018976635
0.019163308
0.019024441
0.019318107
0.019440894
0.018858056
0.017772862
0.017592701
0.017986747
0.018169096
0.01738678
0.017938403
0.018260234
0.017921016
0.017873285
0.01855534
0.018656146
0.018424459
0.018312369
0.018163268
0.018505542
0.01882201
0.017795724
0.017688717
0.017944017
0.017552534
0.019059003
0.019265413
0.018974173
-0.018125346
-0.018107682
-0.017687471
-0.018100907
-0.018033058
-0.017206809
-0.017234295
-0.016461843
-0.017025402
-0.016871759
-0.017549664
-0.017137243
-0.01668583
-0.017921712
-0.017767536
-0.017242589
-0.017572055
-0.017338287
-0.016677461
-0.016126948
-0.016196537
-0.015532809
-0.01601486
-0.01586045
-0.014906072
-0.015017173
0.00094587382
0.00034143454
0.00057329761
0.001557699
0.002169913
0.00019595967
-0.00041281549
0.001031089
0.0014139136
0.0020175398
0.0017939693
0.00080594304
-0.00018317953
0.0027780796
0.0033789
0.0029986519
0.0039697243
0.0045492404
0.0026153788
-0.00056212865
-0.0011707001
-0.00093964408
4.3760934e-05
0.00064603373
-0.0013162237
-0.0019136524
-0.0061298965
-0.0055563802
-0.006501797
-0.0049697438
-0.0045915393
-0.0042061861
-0.0036125047
-0.0043712163
-0.0053404444
-0.0017877409
-0.0024019141
-0.0014082157
-0.0030107451
-0.003390667
-0.003763051
-0.002624288
-0.0022314465
-0.0016319204
-0.001025631
-0.00064109394
-0.00025387441
-0.0031480014
-0.0041261544
-0.0025296994
-0.0021624301
-0.0028851428
-0.0039673463
-0.0045524163
-0.0043485653
-0.0033650197
-0.0027513464
-0.0047240154
-0.0053212607
-0.003854099
-0.0034939502
-0.0028660435
-0.0031259904
-0.004113969
-0.0050911404
-0.0021303958
-0.0015054847
-0.001872706
-0.00087949579
-0.0054482384
-0.0060544001
-0.005794303
-0.0048318952
-0.0067356699
-0.016824551
-0.016466978
-0.016696571
-0.01714617
-0.017428131
-0.016529827
-0.016222652
-0.016762267
-0.01702282
-0.017206079
-0.017244989
-0.016797094
-0.016325372
-0.01766824
-0.01786514
-0.017625234
-0.018018215
-0.018128195
-0.017346943
-0.016084076
-0.015830645
-0.015806679
-0.01629529
-0.016463326
-0.01549312
-0.015297794
-0.0083669698
-0.0085641548
-0.0091552017
-0.0087488708
-0.0079481382
-0.0071324203
-0.0073120568
-0.0089181985
-0.0095337678
-0.0077639881
-0.0076285637
-0.0069587849
-0.0074777976
-0.0082823242
-0.0090707568
-0.0066593127
-0.0058288644
-0.0059927422
-0.006141311
-0.0053149983
-0.0044831501
-0.004628089
-0.0062742317
-0.0092059201
-0.0098409336
-0.0093237927
-0.0085535467
-0.0078845083
-0.0094261099
-0.010070409
-0.0059160559
-0.0066024549
-0.0057117872
-0.0072785409
-0.0074830855
-0.0076674065
-0.0083491845
-0.0079425453
-0.007053389
-0.01029295
-0.0096634853
-0.010490122
-0.009015001
-0.008813341
-0.0085918981
-0.0091963282
-0.0093574845
-0.010020307
-0.010664729
-0.010816589
-0.010946781
-0.011579505
-0.011289982
-0.0092238319
-0.0083520869
-0.0098351486
-0.010074045
-0.010901521
-0.010421658
-0.0095800939
-0.016774661
-0.0171024
-0.016205167
-0.016405292
-0.015994903
-0.015600026
-0.015969117
-0.014076939
-0.014747141
-0.014265592
-0.015387062
-0.015192466
-0.014962104
-0.015545261
-0.015058722
-0.014419837
-0.014538421
-0.013988803
-0.013750035
-0.014294312
-0.014695973
-0.013599883
-0.013854817
-0.01337835
-0.012882406
-0.013311639
0.0056213355
0.0050852346
0.0052112358
0.0061520228
0.0066711289
0.0047913629
0.0042602094
0.0053833145
0.0058212645
0.0063157056
0.0062507988
0.0053125804
0.0043636382
0.0071752298
0.0076619063
0.0072326457
0.0081292155
0.0085761078
0.0067948155
0.0039294808
0.0034061696
0.0034898627
0.0044398771
0.0049374747
0.0030447797
0.0025379952
0.0086110286
0.0077358322
0.0068367216
0.0068713799
0.0068987111
0.005987467
0.005918712
0.0031798214
0.0041249062
0.0032133941
0.0050618039
0.0050277206
0.0049863428
0.0050885184
0.0051075204
0.0041789295
0.0032416164
0.0032638332
0.0032782884
0.0023505473
0.002296355
0.0040439792
0.0030964681
0.0031409936
0.0022293751
0.0021501107
-0.004315214
-0.003641827
-0.0041355708
-0.0049864741
-0.0056501008
-0.0039468434
-0.0032768925
-0.0050532066
-0.0052616034
-0.0059019805
-0.0054606998
-0.0046092771
-0.0037503599
-0.0063024619
-0.0069407281
-0.0067395538
-0.0075624085
-0.0081656364
-0.0065292844
-0.0035468625
-0.0028859879
-0.0033365068
-0.0041967475
-0.0048352572
-0.0031178754
-0.0024769114
-0.017734883
-0.01733557
-0.017298115
-0.016819846
-0.016911026
-0.015437798
-0.015920787
-0.015369065
-0.016381741
-0.016435323
-0.016462685
-0.016302155
-0.015747453
-0.015276085
-0.015158935
-0.014541406
-0.014782533
-0.015992086
-0.01550098
-0.015481985
-0.014933509
-0.014991267
-0.012950444
-0.013570159
-0.012420759
-0.012295381
-0.011607873
-0.01187322
-0.012521532
-0.0099055269
-0.010487319
-0.009753572
-0.011055106
-0.01119471
-0.011309465
-0.010891165
-0.010148814
-0.0095799891
-0.0093852178
-0.0086067199
-0.0089968103
-0.01073136
-0.011398069
-0.010141029
-0.010035104
-0.0093108341
-0.0095408392
-0.010220246
-0.0081306181
-0.00831815
-0.007628635
-0.0071056862
-0.0084888571
-0.0075386746
-0.007411583
-0.0068469741
-0.0072670584
-0.0079595135
-0.0086411542
-0.0065649895
-0.0060092065
-0.0061469262
-0.0054407733
-0.0048612067
-0.0062661488
-0.0087741903
-0.0088878866
-0.0082197545
-0.0076489874
-0.0089841432
-0.0067704419
-0.0073267817
-0.0070319964
-0.0061925088
-0.0055982089
-0.0072834514
-0.0078580857
-0.0063126369
-0.0060852022
-0.0054660495
-0.0058468596
-0.00669162
-0.0075231154
-0.0049909771
-0.0043735893
-0.0046101572
-0.0037485952
-0.0077499877
-0.0083394004
-0.0079637441
-0.0071464338
-0.0087605232
0.0014607928
0.00067857957
0.0016132599
-0.00010770461
-0.00026377228
-0.00041658706
-0.0012091146
-0.0008952768
5.1758208e-05
-0.0035635954
-0.0027845948
-0.0037206927
-0.0019990696
-0.001841686
-0.0016809679
-0.0021527543
-0.002303018
-0.0030899579
-0.003871219
-0.0040152636
-0.0041544346
-0.0049214236
-0.0046462539
-0.0024614743
-0.0015179396
-0.0032329257
-0.0034005322
-0.0043338046
-0.0039901678
-0.0030641021
-0.014765579
-0.014260466
-0.014593385
-0.015242725
-0.015687704
-0.014391792
-0.013913063
-0.01498796
-0.015250714
-0.015627827
-0.015484143
-0.014838299
-0.014162105
-0.016097792
-0.016471056
-0.016234867
-0.01680609
-0.013905256
-0.013457368
-0.013621882
-0.014318223
-0.012902536
-0.012392137
-0.01285896
-0.012145045
-0.013310162
-0.013546207
-0.013749164
-0.014203359
-0.013745221
-0.01304021
-0.015453599
-0.015056223
-0.01565878
-0.014639246
-0.014417653
-0.014162977
-0.014827217
-0.014981513
-0.015414778
-0.01582858
-0.015962792
-0.016062201
-0.014562077
-0.013876539
-0.014940963
-0.015213807
-0.01463848
-0.012568998
-0.012299942
-0.01222998
-0.012812321
-0.01302652
-0.011867948
-0.011631825
-0.011836738
-0.01225461
-0.012402823
-0.012651498
-0.012076112
-0.011484705
-0.013209856
-0.013361416
-0.012951629
-0.013481068
-0.011081731
-0.010878035
-0.010660221
-0.011255281
-0.0100527
-0.00076353724
-0.0017366089
-0.00020870546
0.00021916756
0.0012052401
0.00034700669
-0.00063775229
0.0028635304
0.0023150351
0.0032920353
0.001761897
0.0013323351
0.00090185066
0.0021897572
0.0031682092
0.0037164045
0.0041355783
0.001453836
0.00047140875
0.0020004353
0.0024323328
0.0015709015
-0.009893844
-0.0096801799
-0.010620159
-0.010086831
-0.010260013
-0.011330069
-0.011133216
-0.012322085
-0.011656056
-0.011785037
-0.010968122
-0.01150426
-0.012020292
-0.010413131
-0.010545527
-0.011228794
-0.010656032
-0.010741997
-0.01189007
-0.01268801
-0.012515464
-0.013330549
-0.012837836
-0.01296492
-0.013945552
-0.013799276
-0.014082259
-0.014200142
-0.013594183
-0.013080537
-0.01429721
-0.013305828
-0.013251431
-0.01269377
-0.013176275
-0.013786336
-0.014372571
-0.012543775
-0.011986021
-0.012060781
-0.011409364
-0.010815582
-0.012114313
-0.014425911
-0.014457431
-0.013894571
-0.013339823
-0.014468314
-0.011081054
-0.011726478
-0.011322046
-0.011538689
-0.012354301
-0.013326506
-0.012752899
-0.012911146
-0.012156461
-0.0125671
-0.012961674
-0.011730446
-0.01189654
-0.012480294
-0.012035683
-0.013546181
-0.014105629
-0.013725002
-0.0080620643
-0.0077767877
-0.0087897747
-0.008332591
-0.0085889675
-0.009506737
-0.0092290628
-0.010699505
-0.010011105
-0.010237325
-0.009307129
-0.0097673675
-0.010210132
-0.0088305605
-0.0090563279
-0.0097582306
-0.0092647243
-0.0094529324
-0.010444726
-0.010897432
-0.010635018
-0.011566127
-0.01114291
-0.011371138
-0.012213822
-0.011968772
-0.011651543
-0.010981384
-0.011313748
-0.01095554
-0.010292456
-0.0088303141
-0.0095533227
-0.0091577597
-0.010262204
-0.0099318434
-0.0095874385
-0.010577932
-0.010182362
-0.0094718116
-0.0097709129
-0.0093469955
-0.008746772
-0.00886889
-0.0081395627
-0.0084906422
-0.0080943426
-0.0074022688
-0.0048163076
-0.0056400026
-0.0049929912
-0.0051595111
-0.0064565485
-0.0075744444
-0.0067819942
-0.0069250012
-0.0059763459
-0.0066256842
-0.007262104
-0.0053157998
-0.0054611777
-0.0062637388
-0.0055942322
-0.008053324
-0.0088269783
-0.0082092402
-0.013646376
-0.013002689
-0.013468682
-0.013265398
-0.012332988
-0.01118106
-0.011897627
-0.011645203
-0.012592974
-0.012127086
-0.011640289
-0.013036877
-0.012784066
-0.012088479
-0.012508657
-0.010927411
-0.010197316
-0.010697888
-0.0052585891
-0.0059620235
-0.0056467272
-0.0060248538
-0.0066598654
-0.0080824557
-0.0074067728
-0.0077589915
-0.0067205036
-0.0070400248
-0.0073495209
-0.0063916015
-0.0067452741
-0.0074254577
-0.0070835195
-0.0080286318
-0.008694981
-0.0083946709
-0.0029097917
-0.0030924618
-0.0021684662
-0.0027236004
-0.0025327138
-0.0014213365
-0.0016119452
-0.0002809729
-0.0010332474
-0.00083586461
-0.0017842993
-0.0012285698
-0.00067131956
-0.0023373305
-0.0021382531
-0.0013887341
-0.0019369914
7.901307e-05
-0.00011310426
0.00082715511
0.00027392471
0.0013779241
0.0015815034
0.0015500939
0.00080184643
1.7530056e-05
0.0015176628
-8.1512687e-05
-4.8949084e-05
-0.00083178929
-1.5918777e-05
0.00073493375
0.0014837773
-0.00076736254
-0.0015495026
-0.0015806938
-0.0023256462
0.0014485104
0.0014125373
0.00066755643
0.00044708367
0.0013517331
0.00033901348
-0.00046730496
-0.0013846747
0.00023170103
0.0011462557
-0.0017021953
-0.0015997699
-0.0025099977
-0.0014938303
-0.00068484979
0.00012490294
-0.0022997244
-0.0032077317
-0.0033117869
-0.0041039549
-0.0049839061
-0.0034132143
1.906749e-05
0.00093283564
-8.4471543e-05
-0.00089221163
-0.0017998235
-0.00018217973
0.00071540334
-0.0033452491
-0.0042621639
-0.0025246229
-0.0024146288
-0.0014748764
-0.0016957475
-0.0026330047
0.0010233006
0.0001907369
0.0011340481
-0.00064288193
-0.00075358512
-0.00086242217
-0.00053067502
0.00041330865
0.0012435162
0.0013518404
0.0022782675
0.002072859
-2.8643209e-05
-0.00096826585
0.00080094779
0.00091182297
0.0018517937
0.0016202425
0.00069392268
-0.0058026924
-0.0050369201
-0.0042517216
-0.0050829717
-0.0059060308
-0.0051182528
-0.0034529431
-0.0026917732
-0.0035085801
-0.0035227852
-0.0043182058
-0.0034852261
-0.0026451728
-0.0051415583
-0.0059520988
-0.0051527573
-0.004344593
-0.005152626
-0.0059409339
-0.0051437842
-0.0035287086
-0.0018323106
-0.0010179467
-0.0018555475
-0.0018697085
-0.00020482273
-0.0067587111
-0.0067267241
-0.0075692478
-0.0067706868
-0.0067652082
-0.0083673992
-0.0083461841
-0.0091132029
-0.008348012
-0.0083078505
-0.0075646594
-0.0083677809
-0.0091491636
-0.0067428619
-0.0067035169
-0.0074837515
-0.0066463418
-0.0099111495
-0.0099064977
-0.01065018
-0.0098953133
-0.011374737
0.0038553012
0.0029329101
0.0044275043
0.0047744403
0.0056856999
0.0049941588
0.0040661459
0.0073656622
0.006815719
0.0077039782
0.0062553789
0.0059114009
0.0055536298
0.0065845906
0.0074666759
0.0080247006
0.0083269465
0.0091588099
0.0085724016
0.0061039745
0.0051839629
0.006642897
0.0070111994
0.0079040017
0.0071675384
0.0062652592
0.0063675824
0.0064182633
0.0072059078
0.0064596155
0.005606907
0.0047424483
0.0047781178
0.006489045
0.0072995269
0.0048260328
0.0048203564
0.0039682038
0.0048043601
0.0056615772
0.0065056566
0.0039366058
0.0030606355
0.0030864875
0.0031021542
0.0022318083
0.0013608129
0.0013762407
0.0031074504
0.0065093409
0.0073338227
0.0065007943
0.0056717
0.0048220985
0.0064825296
0.007307743
0.011576317
0.011408781
0.011030056
0.011719541
0.011835284
0.010459501
0.010321051
0.010038064
0.010658281
0.010717182
0.011257858
0.010572332
0.0098674584
0.011922215
0.011979928
0.011375233
0.012008879
0.012011298
0.010750052
0.0092563634
0.0091446435
0.0086284769
0.0093408693
0.0093981161
0.0079851704
0.0079030687
-0.01020863
-0.010978461
-0.0094452286
-0.0094095131
-0.0085847721
-0.0086596701
-0.009464762
-0.0061613938
-0.0069845486
-0.0061199369
-0.0077931095
-0.0078321086
-0.0078553059
-0.0077383814
-0.0068745901
-0.0060658098
-0.005998533
-0.0051172225
-0.0052416845
-0.007035679
-0.0078620301
-0.006204991
-0.006190023
-0.0053261587
-0.0053687224
-0.0062037513
0.0013842491
0.00054061443
0.0014013582
0.0022333114
0.0030809583
0.0014143226
0.00056544412
0.0031025531
0.0031016075
0.0039336938
0.003094398
0.0022608834
0.0014238498
0.0039222413
0.0047530345
0.0047571193
0.0055694398
0.0063679533
0.0047550676
0.0014299573
0.00058550543
0.0014318485
0.0022672378
0.0030964168
0.0014266508
0.00060145989
0.002292874
0.0021672162
0.0029672163
0.0024124392
0.0025274674
0.0036398716
0.0035153007
0.0045291689
0.0038676022
0.0039712193
0.0031999479
0.0037570148
0.0043081221
0.0026380471
0.0027436203
0.0034082947
0.002842891
0.0049696576
0.0048527548
0.0056224327
0.0050801139
0.0061556982
-0.015429056
-0.015939279
-0.014757361
-0.014878818
-0.014290999
-0.014050827
-0.014617297
-0.012036066
-0.012815934
-0.012151356
-0.013568333
-0.013449777
-0.013312785
-0.013668259
-0.013013521
-0.012249754
-0.012330534
-0.011625151
-0.011458479
-0.012546512
-0.013157353
-0.011755684
-0.0119042
-0.011230705
-0.010944809
-0.011589592
-0.012611808
-0.011951958
-0.012484162
-0.013248726
-0.013856769
-0.012338686
-0.011691937
-0.013359648
-0.013543733
-0.014097774
-0.013709531
-0.012956741
-0.012176263
-0.014432357
-0.014972816
-0.014804283
-0.015475791
-0.011997361
-0.01136999
-0.011802055
-0.012593196
-0.010990569
-0.0002218687
-0.00023480277
-0.0010534046
-0.0018864528
-0.00024585052
-0.0019112136
-0.0019068356
-0.0027302348
-0.0018985878
-0.0010777874
-0.00025575315
-0.0027161596
-0.0035384611
-0.0035440565
-0.0043495095
-0.0051458726
-0.0035459633
-0.00026455071
-0.00027146196
-0.0010903306
-0.001910921
-0.00027363823
0.007342603
0.0081699987
0.0070692521
0.0064891392
0.0056164287
0.0067812462
0.0076410733
0.0046956086
0.0050131816
0.0041119697
0.0053203895
0.0059039789
0.0064792794
0.0047294961
0.0038327179
0.0035230553
0.0029305078
0.002027623
0.0032023343
0.0061645618
0.0070452468
0.0058391271
0.0052720664
0.0043692429
0.0055071614
0.0063941625
0.010451982
0.010750061
0.0098052392
0.010128872
0.009780368
0.0091438227
0.0094641772
0.0077449334
0.0084347191
0.0080473477
0.0091135756
0.0088006926
0.0084699175
0.0094076933
0.0090128011
0.0083325043
0.0085985724
0.0077856496
0.0081210927
0.0070931354
0.0074265782
0.006743897
0.011920134
0.011992074
0.011267246
0.011821122
0.011693291
0.010590924
0.010693903
0.0095847032
0.010306387
0.010124469
0.011009837
0.010462024
0.0098944885
0.011536585
0.011351792
0.010644004
0.011140667
0.010906851
0.0099179031
0.0091809489
0.0093079122
0.0084532347
0.0090269592
0.0088461091
0.0077136002
0.0078644169
-0.0043228983
-0.0043796509
-0.0035098568
-0.0026845666
-0.0044295543
-0.0028099272
-0.0027735917
-0.0019355733
-0.0027317424
-0.003605817
-0.004471527
-0.0018518092
-0.0010156189
-0.0010575733
-0.00017982236
0.00065222494
-0.0010939744
-0.004505329
-0.0045315314
-0.0036767226
-0.00284132
-0.0045524306
0.0095337934
0.0092381283
0.0098917429
0.010228185
0.0089195841
0.0091773015
0.0095489087
0.0098276026
0.0098995924
0.0092458125
0.0085802801
0.010540566
0.010827188
0.010464878
0.011087106
0.011321225
0.010082069
0.0082218367
0.007845474
0.0085159444
0.0087847521
0.0074510067
-0.01090128
-0.010811671
-0.010147016
-0.0093678923
-0.01070866
-0.0090064665
-0.0091387317
-0.0083238439
-0.0092592635
-0.0099344927
-0.010592098
-0.0085679294
-0.0077506878
-0.0076274861
-0.0069199396
-0.0060799806
-0.0074921478
-0.010462305
-0.010320157
-0.0096728466
-0.0088629602
-0.010167667
0.0019366877
0.0025238038
0.0018380691
0.0017349766
0.0031102117
0.0034865085
0.0029062197
0.0027963101
0.0023220494
0.0030109357
0.0036935875
0.0016286033
0.0015193288
0.0021020202
0.0014069363
0.0012898902
0.0026803475
0.0042720037
0.0048438991
0.0041698545
0.0040623325
0.0054087364
0.0057782747
0.006593314
0.0050620211
0.0049453881
0.0040983442
0.0043359334
0.005172336
0.0018927988
0.0026321968
0.0017696178
0.0033679117
0.0034885349
0.0036025975
0.0032409969
0.0023773453
0.0016427886
0.0015121373
0.00065180592
0.00090411467
0.0028647931
0.0037091415
0.0021258243
0.0020119219
0.0011514172
0.0013899159
0.002231419
0.0065543187
0.0072471037
0.0065084484
0.0058445184
0.0051221126
0.0064542324
0.0071640021
0.0049301708
0.0050012244
0.0042616915
0.0050652331
0.0057326331
0.0063913114
0.0043903848
0.003652145
0.003587605
0.0029101931
0.0063198693
0.0070398508
0.0062406685
0.0055907145
0.0068767043
0.010799634
0.010174362
0.010254222
0.0096867579
0.0095348991
0.0077159995
0.0083831671
0.0077808939
0.0090404377
0.0089683684
0.0088832813
0.0090993731
0.0084945268
0.0078342472
0.0078754504
0.0082215682
0.0075519723
0.0076397804
-0.0010252086
-0.00020595819
-0.0017785527
-0.0018472842
-0.0026686634
-0.0025308971
-0.001704696
-0.0049067126
-0.0041682429
-0.004975365
-0.0034216221
-0.0033527188
-0.0032792962
-0.0034858982
-0.0042956035
-0.0050376339
-0.0050939204
-0.0058758311
-0.0057718317
-0.0040207539
-0.0032019842
-0.004751742
-0.0048318859
-0.0056349973
-0.0054674507
-0.0046684624
-0.0095892834
-0.010224459
-0.0089962942
-0.0089352831
-0.0082645979
-0.0083901572
-0.0090462118
-0.0064077915
-0.0070360305
-0.0063404453
-0.0076553289
-0.0077197704
-0.0077727372
-0.0075795803
-0.0068827596
-0.0062636791
-0.0061772711
-0.0071460998
-0.0078134422
-0.0065127493
-0.0064654879
-0.0065473696
0.0079355145
0.0086568947
0.0079871846
0.0080214789
0.0093656619
0.010095135
0.0094211998
0.0094198527
0.0087294057
0.0094031213
0.010058309
0.0080389005
0.0080393538
0.0087276907
0.0080221563
0.010731845
0.011383514
0.010750582
-0.0038230906
-0.0030844963
-0.0029643495
-0.0020960623
-0.0023389314
0.00015473286
-0.00059637746
0.00027835712
-0.001347241
-0.0014696815
-0.0015891601
-0.0012221229
-0.00034649046
0.00040211697
0.00052622441
-0.00083817819
-8.9596948e-05
3.1673683e-05
-0.0073687665
-0.0080031618
-0.0081805577
-0.0089782354
-0.0086280385
-0.010794595
-0.010203545
-0.010960042
-0.0095977309
-0.0094254174
-0.0092413978
-0.0097580847
-0.010516623
-0.011111806
-0.011249828
-0.0098411987
-0.010425143
-0.010615947
0.0021270496
0.0028266182
0.002965265
0.0038008861
0.0035231872
0.0058689638
0.0051885625
0.0060069649
0.0044986824
0.0043598902
0.0042141494
0.0046302837
0.0054498958
0.0061358296
0.0062556903
0.0070424928
0.0068126221
0.0048968095
0.0055680585
0.0057222914
0.0065380735
0.0062238147
0.0076148757
0.0075008327
0.008178739
0.0087294713
0.0073735273
0.0082938753
0.0084527223
0.0089672835
0.0085980371
0.007920981
0.0072339701
0.0092640278
0.0097801069
0.009628648
0.010275825
0.0070827053
0.0069197818
0.0076105959
