FiniteElementSpace
FiniteElementCollection: H1_2D_P1
VDim: 1
Ordering: 0

-0.004930959
-0.0075706648
0.0049472033
0.0075758149
-0.018227371
0.018222543
-0.0074395885
-0.0088209015
-0.0088754963
-0.0051058333
-0.0018441652
0.0016811113
0.0074523878
0.008831973
0.0088775642
0.0051193263
0.0018762518
-0.001655805
-0.013957635
-0.018231274
-0.019729997
-0.013950344
-0.0075259542
3.3124353e-05
0.013963135
0.018225421
0.019724042
0.013927569
0.0075111785
-4.3239464e-05
0.0024116984
0.009393557
0.014950015
0.018714869
0.016354952
0.011514545
-0.002380864
-0.009361216
-0.014933127
-0.018724585
-0.016361371
-0.011510145
0.0034936608
0.011452314
0.0083997376
0.013910292
0.0037846625
0.0086017582
0.0160403
-0.0015528151
0.0070889112
0.019926157
0.017420442
0.014719387
0.014805636
0.017763088
0.017782257
0.013331942
0.020123806
0.010530518
0.0095252503
-0.0019532237
0.0022578409
0.0047620411
-0.0040140285
-0.0018342844
-0.0038565078
0.014390013
-0.006698666
-0.014304497
-0.013847209
-0.0088269754
-0.017400146
-0.01093849
-0.01775532
-0.0011722409
-0.014703116
-0.01923896
-0.014710304
-0.019942515
-0.017257498
-0.013384857
-0.017697632
-0.020215193
-0.010784758
-0.0038660756
0.00058402527
-0.0095237629
0.0020996568
-0.0054794512
-0.0035128847
0.0015761563
0.0038906206
-0.014135042
0.014131691
0.0081954472
0.01682471
0.013844656
0.008717253
0.0058102736
0.0021231032
0.012193234
0.010508618
0.017645729
-0.014612818
-0.0023034411
-0.01073439
-0.0052659851
-0.011809397
-0.0051645179
0.0007979733
-0.0088175825
-0.016357033
-0.007361885
0.0056944019
0.00764648
0.0096543443
0.0038133413
0.0017897667
0.012805746
0.010211421
0.014201537
0.015416753
0.011436409
-0.00068228128
0.0036811827
-0.00082009133
-0.0035417758
0.00097540706
0.0028069962
0.0051525096
0.0061617645
0.016674489
0.017570879
0.015181979
0.017868564
-8.9149603e-05
0.006122962
0.010149048
0.012962579
0.010913431
-0.00080103138
0.00098575516
0.0044233531
0.0078355827
0.0093962893
-0.0033641788
0.013925758
0.012804647
0.017470203
0.018819966
0.016384788
0.01514299
-0.0064640753
-0.0046357251
0.0083899981
0.0060989254
0.0033755278
-0.0038807638
0.011401976
0.0086115734
0.0062542012
0.01973003
0.019131914
0.018166579
0.012178237
0.011350095
0.008304287
0.01933841
0.020292663
0.012035866
0.015106406
0.018814337
0.019093214
0.019775901
0.017252938
0.015064802
0.013438145
0.016422453
0.012098618
0.011226941
0.014256122
0.0090198087
0.019091719
0.017825368
0.016051181
0.01640788
0.020118233
0.020224464
0.011133833
0.012769287
0.019614236
0.0090798787
0.015585841
0.016270393
0.010657003
0.0083867598
0.010974984
0.013794115
0.01946116
0.0063157377
0.00783896
0.019338871
0.016494718
0.016444564
0.017957651
0.0036364534
0.001430594
0.00017694984
0.0088013494
0.0060242297
0.0050013212
0.011984854
0.0097879711
0.012512563
0.012398498
0.0072644509
0.0071973861
-0.0030203465
-0.00087777316
0.0011549994
0.0036916932
0.00029536361
0.001501134
0.006017461
-0.00079892372
-0.0019664892
-0.0048032982
-0.0082940337
-0.0054820317
0.014292762
0.012083752
0.01481021
-0.0019153766
-0.006507955
-0.0034509037
-0.0012855698
-0.006301263
-0.0046856169
-0.0058170032
-0.008385072
-0.0064270669
-0.0090277828
-0.0065345773
0.016905648
0.016529896
-0.0039761753
-0.011719628
-0.011735506
-0.014445534
-0.0083133204
-0.010502204
-0.011861198
-0.0059922688
-0.0046706257
-0.004418992
-0.0025801127
-0.0078973788
-0.0054262705
-0.016074916
-0.015820249
-0.014759276
-0.012371159
-0.0071530004
-0.008117314
-0.010070408
-0.016058349
-0.016528383
-0.014442179
-0.016403428
-0.016541902
-0.0017983196
-0.0039896347
0.00025542295
-0.012781845
-0.018053208
-0.0094474245
-0.010967021
-0.012574535
-0.016900474
-0.018310337
-0.019342022
-0.018919317
-0.019347243
-0.018814695
0.0019153743
0.0013078269
-0.017771488
-0.012168799
-0.015063257
-0.01198229
-0.01606471
-0.018105779
-0.017405748
-0.011338645
-0.013432732
-0.014207766
-0.016407189
-0.016387963
-0.018706593
-0.019355264
-0.017879671
-0.012041393
-0.0092012955
-0.012875058
-0.011263969
-0.010676856
-0.011258447
-0.015855695
-0.018002935
-0.018833219
-0.019588858
-0.019678998
-0.020188499
-0.01423443
-0.019164342
-0.018899811
-0.017776988
-0.019882428
-0.019353532
-0.020126668
-0.013808956
-0.0083772876
-0.0079709631
-0.019979879
-0.016200774
-0.015489617
-0.02030521
-0.0097695851
-0.0068601276
-0.0067403401
0.0048770639
0.004848408
-0.012505226
0.0055590661
0.0013910475
-0.010020397
-0.0076066622
-0.012003134
-0.010941461
-0.0065789156
-0.0028058017
0.00030139078
-0.0024718
0.0048830532
0.00456728
0.0018660386
-0.0038197322
-0.0066027386
-0.0037378974
-0.0032088637
-0.014674031
-0.011943281
0.0019777241
0.002258967
0.0064508109
-0.014182263
-0.0011669259
-0.00089536489
0.0033301676
-0.00041034349
-0.0163967
-0.016428205
0.0058231431
0.003879077
-0.00070809564
-0.0014750664
-0.0045464457
0.0089513764
0.0054036405
0.014301816
0.016456396
0.017845829
0.015752109
0.018591351
0.0022924773
-0.001434619
0.010630893
0.0073703954
0.0091431416
0.00011278298
0.0021132298
0.0038978155
0.014658221
0.011805613
0.0092066344
0.012369105
0.0064704503
0.0078937423
0.013352293
0.011580651
0.0052243082
0.018251995
0.016468728
0.018879749
0.014714596
0.0035623392
0.0053762702
0.0070225288
0.011184682
-0.0033574894
0.00023475492
0.015960278
0.012472035
0.0070984736
0.010340693
0.004019868
0.013193395
0.015518311
0.017428441
0.0097213851
-0.015740774
-0.016961139
0.0014327498
-0.00021595541
-0.013812859
-0.012908801
-0.011322863
0.0042709809
0.002994544
-0.010505882
-0.0071177527
-0.0086301119
-0.00644174
-0.0026100341
-0.0017189012
-0.0035136003
-0.013409512
-0.011897923
-0.00075982715
-0.0045543055
-0.0062504228
-0.0095365623
-0.0099227125
-0.017720541
-0.017582569
-0.01530641
-0.0130669
-0.0098069155
-0.0038448447
0.00042041976
-0.0063923389
-0.015695132
-0.0056405204
-0.0037870498
-0.0022096703
-0.0080926431
-0.0071391661
-0.0091461292
-0.014262515
0.0066710892
0.0077269891
0.0086071077
0.0087171916
0.006706601
0.0046201598
0.0055785518
0.0096253483
0.010612226
0.0037564968
0.0026708213
0.002836092
0.0047792296
0.005715469
0.0018730149
0.00087481107
0.014727666
0.013586217
0.015364642
0.012315878
0.011564007
0.010666307
0.0093537495
0.010938218
0.012903717
0.012180701
0.0099632081
0.013543187
0.014200854
0.015966126
0.014723688
0.012765949
-0.0029400461
-0.00075361084
-0.0030006559
0.001440258
0.0015134066
0.0015837285
0.0037433172
0.0035972928
0.001367352
0.00014964552
0.0023986087
-0.0012822164
-0.0021192736
-0.004352986
-0.0026964128
-0.00045166498
0.00332282
0.00451755
0.004975685
0.0056908643
0.0039928548
0.0022513076
0.0034163909
0.0068323439
0.007312773
0.015362673
0.01597297
0.014590481
0.016470145
0.017183321
0.017801563
0.018197425
0.016846688
0.015668992
0.01735426
0.01838241
0.016738569
0.016127291
0.01718456
0.0013626623
0.0008083651
0.00045850738
0.0018978662
-0.00098347635
0.0089293988
0.010838351
0.0081835301
0.0069051221
0.0048096889
0.0073970997
0.0093983392
0.012264191
0.011364501
0.010348341
0.011995924
0.013521612
0.012495308
0.0092305176
0.0013918494
0.0022586264
0.00010416164
0.00049373134
-0.00041772016
-0.0011822094
-0.00029392458
0.0065119049
0.0081440825
0.0061589743
0.0048001918
0.0030458739
0.0057807714
0.0074815467
0.0098326626
0.010491049
0.0086777029
0.009044287
0.0082546956
-0.0021002061
-0.0042534931
-0.0011944186
8.5108651e-05
-0.0024576076
0.014039111
0.013395485
0.013413039
0.014590533
0.015042633
0.012717668
0.01215111
0.017936019
0.018197597
0.01860489
0.018285244
0.017608682
0.016832495
0.018855412
0.016385182
0.015638155
0.015844993
0.016973978
0.017394812
0.01521672
0.014567237
-0.007057546
-0.005563241
-0.0061416566
-0.0040232247
-0.0049299342
-0.0058062063
-0.0030936928
0.006683958
0.0072621677
0.0055356496
0.0077885881
0.0089232134
0.010014695
0.0066210898
0.0025315402
0.0039151299
0.0052821158
0.004749607
0.0041879058
-0.0019514974
-0.0023490535
-0.0027310759
-0.0042682747
-0.0057726579
0.014103013
0.014611351
0.013482236
0.010022526
0.010803244
0.011515781
0.012141028
0.012708541
0.010053293
0.0085319558
0.010073794
0.011455778
0.0086351871
0.0074052073
0.0062302328
0.0074536938
0.0074566409
0.0050205447
0.0049158841
0.0062077394
0.0049861871
0.019128563
0.019066087
0.018283425
0.018815301
0.019526521
0.0199965
0.019651152
0.018379074
0.017875412
0.010571634
0.010300417
0.008613386
0.0099207043
0.011820634
0.013577273
0.01312843
0.0094375564
0.007913051
0.020111262
0.020223614
0.019987786
0.019653971
0.018864412
0.019627279
0.020123395
0.013710887
0.014996264
0.013684012
0.01218552
0.010460694
0.013499035
0.015041157
0.018907872
0.019361914
0.019351588
0.019586458
0.019070571
0.018426456
0.018482578
0.019577409
0.019967646
0.018121139
0.017559898
0.017706857
0.018396403
0.016847523
0.016544831
0.015840522
0.017146564
0.01504573
0.014293501
0.013366181
0.012543287
0.014168093
0.015605437
0.013538369
0.013216895
0.014580708
0.012809898
0.011702943
0.010527731
0.01006844
0.01232327
0.013836824
0.010612419
0.0089894987
0.010591128
0.012124501
0.0089660521
0.014677097
0.015845873
0.016241158
0.018537134
0.017677237
0.018574962
0.01917365
0.01957269
0.018490907
0.017860586
0.016838007
0.017193442
0.017385118
0.016311626
0.015081804
0.01524624
0.017410917
0.020308974
0.020122253
0.020291893
0.02025727
0.019967166
0.020171855
0.020226232
0.013136704
0.013791616
0.012029964
0.012319339
0.011354108
0.010857959
0.011674901
0.01974519
0.019206919
0.02003778
0.020052614
0.019923185
0.010241516
0.0082790822
0.010990106
0.012091686
0.0098361904
0.01531755
0.015568628
0.015981922
0.014959032
0.014498211
0.016568032
0.016892398
0.0091435672
0.0095495741
0.0080151798
0.0098602552
0.010993894
0.012066064
0.0086762633
0.012287753
0.013597822
0.012447403
0.010846765
0.0093004356
0.012543909
0.01391654
0.019190581
0.018904225
0.019632235
0.019292309
0.019872123
0.0056501871
0.0070960288
0.0063994062
0.0084967974
0.0077266127
0.0069226561
0.0092272389
0.019627741
0.019805283
0.019886992
0.019448609
0.01886355
0.0097962505
0.0095326281
0.0081353215
0.014972131
0.014777613
0.015861741
0.017198275
0.017203571
0.017101206
0.01643662
0.015689367
0.015828118
0.015618209
0.016564823
0.015851915
0.017172079
0.016478859
0.017243998
0.017252473
0.017916538
0.017905149
0.019143465
0.018587982
0.018585279
0.0029655599
0.0019118774
0.0012447937
0.00082251431
0.0025451006
0.004243582
0.003128884
-0.00027971726
-0.00090275133
0.0082143888
0.0069384485
0.0063104816
0.0055719488
0.0074536101
0.0092421583
0.007842148
0.0041383272
0.0036331438
0.010448411
0.010798099
0.011539595
0.0099221351
0.013038781
0.0096706612
0.011164528
0.01092867
0.012555761
0.011208519
0.0097351943
0.011061905
0.013821659
0.013752011
0.0054875676
0.0060232123
0.0066920407
0.0048538733
0.0084441972
0.008561869
0.0073087981
0.0085287712
0.0083437857
0.0059902672
-0.00035322173
0.00071375626
-0.0019519435
-0.0014291569
-0.0024882207
-0.0035333702
-0.0024669883
0.0017294011
0.003093669
0.00443062
0.0025023565
0.00055744948
0.0042633619
0.002603191
0.0031676559
0.00091247639
0.0019991292
0.0030671911
0.0013691254
-0.00078133923
-0.00018266479
0.0048778142
0.0042149762
0.006646057
0.0054744556
0.0077622229
-0.00041122829
-0.0009963049
-0.0013830392
0.00017672425
0.00075417776
-0.0023496322
-0.0029273652
-0.0033819689
-0.0051717995
-0.0037143063
-0.0069212797
-0.00657592
-0.0061695767
-0.0079015858
-0.0086039425
-0.0072020491
0.012063814
0.010817276
0.013261231
0.013179535
0.014140735
0.014377201
0.01328482
0.01370366
0.014915146
0.01352368
0.012328135
0.014634701
0.0014692567
-0.00024162906
-0.00020973875
-0.0018794888
-0.0019399701
-0.0042668423
-0.0047869031
-0.0060146022
-0.0077037754
-0.0052674816
-0.0042196825
-0.0023747927
-0.0031429279
-0.0005015373
-0.0015826528
-0.0026475712
0.00058451328
-0.0040920398
-0.0032555087
-0.0055167067
-0.0048895748
-0.0056342257
-0.0069092514
-0.0060914248
-0.0048623421
-0.0067328951
-0.0039086536
-0.0029394067
-0.0048491463
-0.0086758094
-0.0074355167
-0.0076800223
-0.0061567055
-0.007117818
-0.0080117338
-0.0051435293
-0.0089683997
-0.0077921715
-0.0065582863
-0.0078056195
-0.0089961611
-0.007742096
-0.0052817782
0.017653558
0.016758737
0.017441859
0.01574861
0.015911802
0.015994753
0.015505521
0.015391101
0.015487976
0.016497764
-0.0047597502
-0.0033255924
-0.0033668234
-0.0023971326
-0.0039256579
-0.0024361472
-0.00084260537
-0.0040058667
-0.0052678338
-0.005221847
-0.0064976345
-0.012902049
-0.013134648
-0.014232653
-0.013194882
-0.011812616
-0.010340906
-0.010301465
-0.013082541
-0.014469626
-0.0089208419
-0.010150039
-0.010652158
-0.011271511
-0.0094670627
-0.0075610487
-0.0086218514
-0.012265218
-0.012938118
-0.006519824
-0.0057349697
-0.0053888175
-0.0071924983
-0.0077373309
-0.0041876525
-0.0035399281
-0.0031425012
-0.0022644022
-0.0013565727
-0.003513454
-0.0056216913
-0.0046934655
-0.00043235485
-0.0098621656
-0.00840421
-0.0092879832
-0.011160232
-0.0073220398
-0.0061880103
-0.0067074151
-0.0049453558
-0.0036290143
-0.0071776279
-0.015190416
-0.014867267
-0.01605073
-0.015313563
-0.015233127
-0.016803695
-0.016672055
-0.014386958
-0.013376188
-0.012205274
-0.013642861
-0.014941977
-0.01373094
-0.010895752
-0.0080534803
-0.0086406453
-0.0094858461
-0.0091486426
-0.0076761761
-0.0061574235
-0.0066153274
-0.0095705499
-0.010559417
-0.0053694074
-0.0045232643
-0.0063178054
-0.015713981
-0.015766499
-0.016397401
-0.01545594
-0.014998568
-0.016985817
-0.017196674
-0.014450482
-0.015569953
-0.015476178
-0.016560981
-0.015490854
-0.014275089
-0.015241082
-0.017409034
-0.017468178
-0.0043409854
-0.0053764165
-0.0029203896
-0.003241172
-0.0020989529
-0.0014873228
-0.0025775394
-0.0011621205
0.00097600029
-0.0018798719
-0.003294664
-0.00046565711
-0.010940474
-0.012316416
-0.011472527
-0.011889069
-0.013593676
-0.016365735
-0.017138415
-0.017360789
-0.018202946
-0.017783406
-0.0085426798
-0.007980581
-0.0073352657
-0.0088231044
-0.010253367
-0.011068879
-0.01177929
-0.01183192
-0.010234828
-0.0092932993
-0.01253617
-0.013305891
-0.017654162
-0.017657452
-0.018347488
-0.017504277
-0.016792558
-0.01598327
-0.018111087
-0.019631804
-0.019216272
-0.01937313
-0.018708092
-0.018872016
-0.018866804
-0.018376406
-0.018873711
-0.018763987
-0.01852633
-0.019145461
-0.019634351
-0.019340347
-0.018162877
0.0026513136
0.003456931
0.0010942313
0.001819571
0.00036040314
-0.00055769639
-0.00024754126
5.9720415e-05
0.0016153183
0.0031603964
-0.01355094
-0.012753901
-0.013647088
-0.01697292
-0.017812297
-0.016867997
-0.015985816
-0.017633136
-0.018337302
-0.018408918
-0.018919686
-0.010563681
-0.012156328
-0.010430894
-0.013634938
-0.013683153
-0.013565409
-0.014969445
-0.014975082
-0.013423121
-0.015503988
-0.016812706
-0.016137871
-0.017906084
-0.017203127
-0.016352209
-0.017296486
-0.018759215
-0.018450406
-0.011809659
-0.013115623
-0.0099097687
-0.010290656
-0.0094261206
-0.015226259
-0.01537113
-0.013948606
-0.014818966
-0.014158833
-0.012539472
-0.012907299
-0.015780361
-0.01558421
-0.016496119
-0.015783505
-0.015592824
-0.017115689
-0.017098525
-0.016962563
-0.017672573
-0.018119225
-0.019035862
-0.018256994
-0.019129971
-0.018701095
-0.01839441
-0.01808678
-0.018823214
-0.019390547
-0.017193026
-0.013458856
-0.012069478
-0.010563855
-0.010585516
-0.010498214
-0.012139314
-0.013832217
-0.011105508
-0.01029357
-0.0083328957
-0.010024858
-0.011852618
-0.012378514
-0.011418007
-0.012149923
-0.013188271
-0.011051901
-0.012101182
-0.01101998
-0.012366607
-0.0098742461
-0.0095600588
-0.0091498395
-0.010085279
-0.017272905
-0.018183671
-0.017011704
-0.016191055
-0.014956675
-0.016628637
-0.017691167
-0.018869305
-0.019352193
-0.019248594
-0.019730667
-0.019264769
-0.01861485
-0.018989237
-0.020001201
-0.020003712
-0.019520048
-0.019986485
-0.019862961
-0.020010829
-0.020257195
-0.011690489
-0.012812749
-0.013178539
-0.014521991
-0.01385237
-0.01850883
-0.01854705
-0.01781315
-0.018424878
-0.01911355
-0.019645582
-0.01950397
-0.018143655
-0.017589345
-0.019588368
-0.019986733
-0.019384216
-0.019008846
-0.019629938
-0.019808359
-0.019999177
-0.019836864
-0.019423937
-0.018852375
-0.01971931
-0.020106911
-0.010851145
-0.012450501
-0.01230519
-0.013629571
-0.013918764
-0.0066668089
-0.0081961205
-0.006457822
-0.0096646656
-0.0098593025
-0.010007292
-0.0094256662
-0.0077839497
-0.008625012
-0.0071549146
-0.019722702
-0.019667868
-0.019928043
-0.019582169
-0.020163882
-0.015500148
-0.015260802
-0.014915537
-0.015898256
-0.016791095
-0.016425906
-0.014468495
-0.015713005
-0.014710144
-0.014873117
-0.017141225
-0.016367631
-0.017038349
-0.018518708
-0.018756128
-0.019198057
-0.020160229
-0.020178511
-0.020219505
-0.019989208
-0.020317577
-0.020216111
-0.020322687
-0.020272284
-0.0096444516
-0.0082990104
-0.0081053221
-0.0068708019
-0.0083505833
-0.0097272587
-0.0082553034
-0.0053810329
-0.0053126391
0.0069398242
0.0069938555
0.0069885885
0.004888267
0.0027295453
0.0027114107
0.0069249611
-0.011195777
-0.011060552
-0.012538378
-0.011142046
-0.013809143
0.0031453969
0.00099334541
0.0035150773
0.0052487724
0.0072458015
0.003826457
0.0017637381
-0.012096331
-0.011050518
-0.013058575
-0.0098777185
-0.0088656073
-0.0077891942
-0.0065565045
-0.008603972
-0.010812446
-0.0083368674
-0.0060416925
-0.0088301063
-0.010512915
-0.012518798
-0.009260305
-0.0070779477
-0.0041860615
-0.0026525775
-0.004000105
-0.0011037404
-0.0012545326
-0.0013835177
0.00016296118
0.00044551765
-0.00093056447
0.0034973312
0.0033824467
0.0019922823
0.0032391896
0.0047403974
0.0062147164
0.0060410096
0.0030674203
0.0017258574
0.0066201252
0.0069646511
0.005250429
-0.0033230333
-0.0018830799
-0.0052315819
-0.0047196781
-0.0057198544
-0.0053128585
-0.0038160948
-0.0052063529
-0.0067517683
-0.0081029606
-0.0050609356
-0.0036356179
-0.0035647437
-0.0050006181
-0.0063982821
-0.0046233181
-0.0028101457
-0.012253196
-0.010747053
-0.013382747
-0.013626728
-0.014839231
-0.014438413
-0.013081496
0.0012841069
0.0014174074
0.0021198857
0.0011427246
0.00099832766
0.002948667
0.0030893161
0.0056668443
0.0076947206
0.0043840754
0.0035598139
0.005173932
-0.013127885
-0.014098648
-0.013134709
-0.012003652
-0.014195293
0.00021716968
0.00035040779
0.00048488993
-0.0010321441
-0.0025408304
-0.0024039784
0.00061933558
0.0041676919
0.0048373907
0.0054648135
0.0039717826
0.0024580741
0.0014635177
0.00059318199
0.00045511136
0.0023246805
-0.0014104322
-0.017402849
-0.016454545
-0.017400629
-0.015380734
-0.015347697
-0.015233541
-0.015331616
0.0071224924
0.0067335694
0.0061715754
0.0074446386
0.0048680123
0.0019473775
0.0029402204
0.003916697
0.0048630267
0.0057740419
-0.015846652
-0.01562898
-0.01670543
-0.0018133232
-0.00080138941
-0.0021927066
-0.00212893
-0.0022306552
-0.0023225338
-0.00080620905
0.00071456632
-4.5251937e-05
-0.00043441611
-0.0010895773
0.00034046394
-0.0025094499
-0.0019809828
-0.0035188398
-0.0030204548
-0.0040365708
-0.005031001
-0.0071232337
-0.0055948817
-0.0060950384
0.0057396925
0.0039112358
0.0072113991
0.007518311
0.0092153161
0.0086079238
0.0068447223
0.016505132
0.017424869
0.015456355
0.015422205
0.014194243
0.014280154
0.01534771
0.017409231
0.01687215
0.016365341
0.016181636
0.017226944
0.018119704
0.014999931
0.019052857
0.019245589
0.018310107
0.018674976
0.017776307
-0.0013628862
-0.0032159274
0.00043195394
0.00050668211
0.002359361
0.0022129275
0.00036066855
0.011467196
0.009922751
0.010724078
0.0082952894
0.0090367554
0.009705448
0.0080794227
0.0066070911
0.0074904673
0.0010082261
0.0020164154
0.0028867356
0.0030169407
0.0011192643
-0.00078367571
0.00021205031
0.0039962797
0.00488086
0.01216277
0.010628179
0.013295846
0.013585376
0.01487151
0.014312192
0.012887226
0.011725331
0.013208937
0.010844405
0.010119537
0.0084199809
0.0099090457
0.011462421
0.0070624624
0.0078598914
0.0085884269
0.0072200972
0.0058161776
0.0065107872
0.0092359314
0.011148695
0.010170497
0.012517526
0.012033995
0.012812949
0.013795549
0.012911798
0.0038585178
0.0037788482
0.0053284324
0.0067440564
0.0036721834
0.016764574
0.015742897
0.017444009
0.017626764
0.018315882
0.018026744
0.017107887
0.018845741
0.018659296
0.019194505
0.019355535
0.018305932
0.015288117
0.01583508
0.014099194
0.014604569
0.013489895
0.0043687328
0.0053154396
0.0060847269
0.0062263373
0.0044900421
0.0027227508
0.0036217907
0.0070895494
0.0079073907
0.010112673
0.0097120227
0.011545264
0.010420011
0.012573636
-0.0025109349
-0.0015647973
-0.00072051231
-0.00060493518
-0.0024015428
-0.0041718674
0.0011892007
0.015352075
0.014943312
0.016287867
0.015620233
0.016868194
0.013422799
0.013349989
0.012480536
0.013375355
0.011517901
0.0097744537
0.011315582
0.0087546758
0.0081517906
0.0064704104
0.0076780075
0.0092915622
0.0061806453
0.0046401818
0.0055766745
0.0049392677
0.0030738718
0.0030746453
0.0021348218
0.0011779148
0.015167669
0.016225658
0.014408921
0.013997802
0.012731356
0.013566896
0.014717868
0.015785159
0.016530835
0.016745802
0.017587581
0.017171796
0.0063960609
0.0056565438
0.0046570077
0.010801638
0.011812395
0.012233373
0.018789219
0.018234911
0.018057442
0.010684813
0.009240601
0.0111355
0.01206037
0.010147191
0.0074814476
0.0088399548
0.0083957666
-0.0174928
-0.017929078
-0.016433896
-0.016885831
-0.016119912
-0.015232914
-0.015844393
0.0016801314
0.00084507264
0.00061531579
0.0025058399
0.0033074015
-0.00045446932
-0.0012755232
-0.015174406
-0.01484518
-0.014395898
-0.013418899
-0.01231788
-0.011865958
-0.013832552
-0.012630567
-0.011075499
-0.012828085
-0.014070424
-0.011468665
0.0047515077
0.0040780062
0.0036533734
0.0053855281
0.0059683849
0.0025326707
0.0018934667
-0.011215671
-0.0096085954
-0.010277951
-0.0079150478
-0.0088490661
-0.0096983303
-0.0080115355
-0.0061600102
-0.006909846
-0.0032284448
-0.0012824163
-0.0045464833
-0.0051507239
-0.0070156464
-0.0058194605
-0.0039151221
-0.0017085267
-0.0025856439
-0.0026256845
-0.00080941876
9.80022e-05
-0.0035227756
-0.0044147319
-0.011247636
-0.010382745
-0.012711658
-0.01200707
-0.012648648
-0.01406971
-0.013320545
0.00033684982
-0.0015422727
0.0011223806
0.0022201368
2.6042882e-05
-0.0048173085
-0.0056068356
-0.0054247368
-0.0039772102
-0.0031001639
-0.0059849886
-0.006840474
-0.0089948571
-0.010560405
-0.0079361472
-0.0073340103
-0.0084627076
-0.012448543
-0.010963999
-0.011460276
-0.010371528
-0.0093996338
-0.018255558
-0.017981363
-0.017740982
-0.018353564
-0.018273116
-0.017077474
-0.017036756
-0.015920381
-0.0146581
-0.016523293
-0.017034304
-0.015877051
-0.01041531
-0.0086865293
-0.011492681
-0.012049292
-0.013560582
-0.012477753
-0.010856479
-0.00097476389
-0.0027916908
-0.0020390604
-0.0030787738
-0.0045801007
0.004084606
0.0023547511
0.002159112
0.00022540128
0.00061297664
-0.0040493366
-0.0054929709
-0.0049677457
-0.0058417989
-0.0069029497
-0.017401082
-0.016784225
-0.016371078
-0.015199779
-0.016084036
-0.0054704544
-0.0044980821
-0.0047379683
-0.0063992483
-0.007270358
-0.0039703269
-0.003049166
-0.0030052851
-0.0037106647
-0.0014922171
-0.0022793891
-0.00069597467
-0.0010965257
-0.00090058066
-0.0024150308
-0.0085558243
-0.0080143263
-0.0076472836
-0.0090375049
-0.0094526252
-0.0066858404
-0.0062147092
-0.0077931684
-0.0082691341
-0.0086456438
-0.0072633132
-0.0099741405
-0.0092524377
-0.0081601444
-0.0075649971
-0.0055138543
-0.0064142198
-0.0047619759
-0.010260051
-0.0093867069
-0.010456374
-0.014600586
-0.015035314
-0.01388586
-0.013065789
-0.01536807
-0.013701648
-0.014839325
-0.014234976
0.0071123991
0.0076550435
0.0080601492
0.0081878425
0.0072057548
0.0061969123
0.0067218915
0.0087054478
0.0091402082
0.0081973428
0.0077241329
0.0071863372
0.0072317234
0.0082316378
0.0092041027
0.0062086517
0.0051674348
0.0056700016
0.0061548761
0.0051095055
0.0040579948
0.0045295625
0.0066204198
0.0096810315
0.010146044
0.01013439
0.0091819537
0.0086502089
0.010564338
0.011049457
0.0036479375
0.0030924167
0.0032188299
0.0041968874
0.0047306294
0.0027752424
0.002235738
0.0033339897
0.0038118399
0.0043018992
0.004277946
0.0033021062
0.0023201604
0.0052441396
0.005733812
0.0052582075
0.0061971399
0.0066341932
0.004772345
0.0018560492
0.0013351598
0.0013847781
0.0023598804
0.0028448337
0.00090557858
0.0004128982
0.015586346
0.015066664
0.015885303
0.014508875
0.014174164
0.013797849
0.013216038
0.013915108
0.014801847
0.011288313
0.011959105
0.010900635
0.012602433
0.012965918
0.013288302
0.012199641
0.011759101
0.011132562
0.010478316
0.010023643
0.0095382727
0.0088846084
0.0097975566
0.012631873
0.013567488
0.011949886
0.011639018
0.010592344
0.011247132
0.012215681
0.010329833
0.0091863319
0.011092785
0.011440762
0.012508507
0.011823021
0.010715475
0.014511538
0.013887874
0.01483233
0.013219154
0.012882728
0.012516311
0.013524462
0.01448096
0.015118879
0.015370167
0.016182168
0.015710322
0.013168506
0.012121275
0.013774959
0.014158222
0.015087196
0.014329202
0.013365735
-0.0040438717
-0.0029708213
-0.0040706925
-0.0018831101
-0.0018504628
-0.0018161216
-0.00071857126
-0.00078746544
-0.0019143331
0.0025655006
0.0014771548
0.0026025933
0.00038085373
0.00034513835
0.0003100258
0.00041697134
0.00045344894
0.0015488542
0.0026370401
0.0026691393
0.0027001083
0.003766165
0.0037149951
0.0014033098
0.00027583862
0.0024854055
0.0025260675
0.0036419368
0.0035474225
0.0024463206
0.0019921217
0.0030993761
0.0012793206
0.00086738531
-0.00026627915
0.00056392076
0.0016892293
-0.0024143745
-0.0017017063
-0.0028328321
-0.00098519667
-0.00056757278
-0.00015148791
-0.0014020234
-0.0025325869
-0.0032450753
-0.0036491361
-0.0047391014
-0.0039528818
-0.00086404029
0.00026056821
-0.001570574
-0.0019923197
-0.003122116
-0.0022680177
-0.0011563241
0.0035614086
0.0041599382
0.0043772811
0.0047567916
0.0039220528
0.0030708537
0.0036688538
0.0053493238
0.0055717494
0.0054299421
0.0048496706
0.0045765194
0.0042622436
0.0051076605
0.0059352238
0.0034025952
0.0025330319
0.0031250214
0.0037106705
0.0028377993
0.0019649264
0.0025415746
0.0042889092
0.0065125147
0.0067430171
0.0070796751
0.00626597
0.0060020879
0.0076364343
0.0078673737
0.014648384
0.014987697
0.014259413
0.015301272
0.015681657
0.016039866
0.016335102
0.01558849
0.014898687
0.017044742
0.016838192
0.017392452
0.016601408
0.016236068
0.015848448
0.01694385
0.017262774
0.017504678
0.017716098
0.018014707
0.018287554
0.018470755
0.017897004
0.016080119
0.01543909
0.016282112
0.016674142
0.017220301
0.016452048
0.015870432
0.018112833
0.018571837
0.017894455
0.017599314
0.017034586
0.017632601
0.018147582
0.016100808
0.016452687
0.015791967
0.016764328
0.017066962
0.017328308
0.016421645
0.015763698
0.015446054
0.015064611
0.016983249
0.017546876
0.01659993
0.016370837
0.016784828
0.0015297135
0.001250528
0.0010857621
0.0018102105
0.002086326
0.00063720279
0.00036064449
0.00072132636
0.0011790638
0.0014379343
0.0016343796
0.0009114281
0.00018700235
0.0023546824
0.0026131174
0.0021520167
0.0028608274
-0.00026247929
-0.00053815504
-0.00070970241
4.7322583e-06
-0.0014213796
0.010240449
0.011156119
0.0099013722
0.0092839643
0.0082953516
0.0095475416
0.010502067
0.0071635589
0.0075513061
0.0065190237
0.0079288322
0.0085622583
0.0091799039
0.0072810487
0.0062469442
0.0058635325
0.005199581
0.0041476626
0.0054696621
0.0087997894
0.0097806744
0.0084091856
0.0077945763
0.0067664032
0.0080114607
0.0090039549
0.011868623
0.011452196
0.011001951
0.011830302
0.012629872
0.01217863
0.01052244
0.010647119
0.011185515
0.01146871
0.011696496
0.01086974
0.010016873
0.012494358
0.013260352
0.012775849
0.012262011
0.013022363
0.013744739
0.013234689
0.011719612
0.0094879488
0.0089379875
0.0098018809
0.010081847
0.0083675943
0.0024645297
0.0028841458
0.0018292593
0.0020333694
0.0015920748
0.0011895709
0.0016244931
-0.00034653294
0.00029978944
-0.00015420909
0.00094630344
0.00074823132
0.00054795529
0.0011420731
0.00068565566
3.717814e-05
0.00022670565
-0.00022804899
-0.00060917979
-9.3391183e-05
0.00034535442
-0.00073267532
-0.00053929523
-0.00099233288
-0.0013696048
-0.00092864108
0.0074937145
0.0082792481
0.0073411127
0.0066763558
0.0058362912
0.0071785012
0.0079958877
0.0052975531
0.0054835202
0.0046148733
0.005663296
0.0063392292
0.0070062697
0.0049794459
0.0041105982
0.0039264541
0.003234568
0.0023582337
0.0037356513
0.0068252039
0.0076638955
0.0066367534
0.0059722546
0.0051060011
0.0064440259
0.0072894102
0.010720757
0.011014334
0.010178112
0.010392343
0.010029485
0.0096214527
0.0099506648
0.0082709502
0.0088678675
0.0084448334
0.0094543022
0.0092606843
0.0090527186
0.0096334215
0.0092065336
0.0086057562
0.0087528289
0.0084736551
0.008830219
0.0078857361
0.0080846131
0.0076725736
-0.0036300128
-0.0046863471
-0.0031842491
-0.002551637
-0.0014617712
-0.0027344861
-0.0038119266
-0.00010436864
-0.00055589511
0.0005360937
-0.0010086534
-0.0016473753
-0.002282094
-0.00036711393
0.00072677148
0.0011762108
0.0018137018
-0.0018287331
-0.002912131
-0.0013765755
-0.00074279643
-0.0020029861
0.014004096
0.013663884
0.013727939
0.014324683
0.014622434
0.013432992
0.013108543
0.013681353
0.01401318
0.014267191
0.014327031
0.013734936
0.013120633
0.0148956
0.015143149
0.014829063
0.015364456
0.01555947
0.014496949
0.01279191
0.012485037
0.012447625
0.013073953
0.013331714
0.012087788
0.011805068
0.018101892
0.018283859
0.018432326
0.018424648
0.018088061
0.017725176
0.017846756
0.018522167
0.018734612
0.017950281
0.017959812
0.017611938
0.017925214
0.018263508
0.01857542
0.017561214
0.017172167
0.017232684
0.017249
0.016862556
0.016453431
0.018584081
0.018860289
0.018548577
0.0182629
0.018805845
0.016254274
0.015852089
0.016030321
0.016620869
0.016948084
0.015783163
0.015401291
0.016135318
0.016429148
0.016690824
0.016700227
0.01612631
0.015513995
0.017233901
0.017477109
0.017205605
0.017677019
0.017833737
0.016910888
0.01522378
0.014864497
0.014913213
0.015541748
0.015819081
0.014582132
0.014253373
-0.0073259058
-0.0066020223
-0.0068706304
-0.0058593164
-0.0063176991
-0.0067696666
-0.0060173413
-0.0051025434
-0.0053950181
-0.0036990465
-0.0044797427
-0.0041503946
-0.0052531754
-0.0047974598
-0.0043354129
-0.0057018064
-0.0061423276
-0.0053725957
-0.0045954524
-0.0050323173
-0.005458391
-0.0035611576
-0.0038674485
-0.0027828603
-0.0032428666
-0.0023189055
0.0058127571
0.0061141695
0.0052425512
0.0064048338
0.006979318
0.0075450425
0.0078308356
0.0066846641
0.0058217669
0.008603492
0.0083606882
0.0091674359
0.008102881
0.0075321923
0.0069528589
0.0086639705
0.0092145344
0.0094748923
0.0097200996
0.01025986
0.01078553
0.0072082871
0.0063657772
0.0074492472
0.0080300776
0.0068633075
0.0021036745
0.0027940697
0.0034847695
0.0032246132
0.002956459
0.003648858
0.0041734194
0.0056965713
0.005020096
0.0054277594
0.0043371573
0.0046014975
0.0048576786
0.0040651994
0.0037866789
0.004471679
0.005150244
0.0048656521
0.0045766758
0.0055353419
0.0062043467
0.0059555998
-0.00098724773
-0.0011864111
-0.0013825789
-0.0021522542
-0.0029182665
-0.0031175888
-0.0015765565
-0.0036877203
-0.0035025116
-0.0044545946
-0.0033123613
-0.0025420912
-0.0017681575
-0.0040769867
-0.0048339274
-0.0050257758
-0.0052127438
-0.0059590084
-0.0066902575
-0.0019567087
-0.0021410146
-0.0029153061
0.014058349
0.014356068
0.013820963
0.013544721
0.014636063
0.014287565
0.014058909
0.013713765
0.01381114
0.014366725
0.014897015
0.013231623
0.012883284
0.013117502
0.012501403
0.015137991
0.015358547
0.014836556
0.0093138239
0.0097181761
0.010108065
0.010421166
0.010719885
0.011109645
0.010482892
0.012170353
0.011835442
0.012482529
0.011481615
0.011168399
0.010841623
0.011780794
0.012065838
0.012432032
0.012779519
0.013060676
0.013326186
0.011182987
0.011505189
0.011844051
0.0092539093
0.0084720042
0.0093046297
0.010017095
0.010752749
0.009339293
0.0085786576
0.010755526
0.010772731
0.011437906
0.010771779
0.010072199
0.0093580878
0.011455369
0.012120874
0.012102153
0.012745679
0.0093608511
0.0086304413
0.0093468516
0.010057599
0.0086258117
0.0079264056
0.0073638477
0.0079757366
0.0080133241
0.006787903
0.0062477624
0.0068464176
0.0068587984
0.0074353565
0.0068227146
0.0062013209
0.0080383198
0.0080505173
0.0074604074
0.0080503345
0.0080394502
0.0068605034
0.0056064108
0.0050052702
0.0056292777
0.0056400698
0.0043992003
0.00420783
0.0048678423
0.0042585773
0.0043016693
0.0055231041
0.0062358189
0.0056004288
0.0056252763
0.0049551921
0.0055663924
0.0061703283
0.0043376662
0.0043665747
0.0050084767
0.0043877927
0.0068068712
0.0074304295
0.0068381288
0.018709605
0.018735166
0.018275931
0.018713338
0.019121192
0.019470154
0.019428007
0.018645323
0.018247018
0.01901545
0.019200279
0.019352939
0.019337906
0.01896396
0.018531776
0.019652323
0.019905851
0.019792431
0.019630932
0.01984783
0.02000204
0.019819473
0.019421609
0.018373237
0.018042446
0.018170092
0.018620381
0.018783641
0.017921854
0.017666978
0.0097088785
0.0096057434
0.0087348026
0.0094736523
0.010450344
0.011397769
0.011255698
0.0093157533
0.0084695928
0.010660548
0.010886282
0.011599181
0.011084868
0.010123535
0.0091336765
0.01201392
0.012906596
0.01271917
0.012502951
0.013366656
0.014184578
0.013952907
0.012258685
0.0089283687
0.0081183777
0.0087000145
0.0096922459
0.010407885
0.008446691
0.0076900393
0.020135659
0.020101384
0.020211035
0.020083529
0.019945311
0.020227202
0.02028783
0.019705601
0.019845244
0.019526159
0.019925164
0.020079359
0.020183739
0.019721846
0.01941482
0.019299586
0.019027056
0.018562813
0.019123841
0.020080773
0.020237749
0.019919042
0.019836882
0.019506558
0.019699934
0.019950819
0.014304988
0.014876677
0.01438651
0.01366372
0.012960527
0.014426892
0.015073149
0.012886639
0.012950821
0.012130424
0.012975463
0.013717735
0.014425308
0.012201215
0.01139144
0.011345941
0.010537439
0.0096461039
0.011259756
0.014381785
0.015095737
0.014297474
0.013610417
0.012783839
0.014176129
0.014943246
0.018845176
0.019146965
0.019056422
0.019394658
0.019163022
0.018897958
0.019104477
0.019585912
0.019592256
0.019377662
0.019344959
0.019111376
0.019253733
0.019503314
0.019719352
0.018971324
0.018656872
0.018764138
0.018813238
0.018484336
0.018125661
0.018134139
0.018803034
0.019794259
0.019901252
0.019810582
0.019611066
0.019351703
0.019769322
0.019975107
0.018014166
0.017674722
0.017874852
0.018287646
0.018489976
0.017708692
0.017419112
0.017823706
0.018073192
0.018146113
0.018295325
0.017927442
0.017516375
0.018619227
0.018675125
0.018424908
0.018658508
0.017298397
0.017062085
0.017054886
0.017459382
0.016610799
0.017190495
0.016870313
0.017469503
0.016525385
0.016204402
0.015834672
0.01547615
0.016156434
0.016796962
0.014268638
0.014692388
0.013876015
0.015095144
0.01545398
0.015764591
0.01468996
0.014240037
0.013850899
0.013440833
0.012965207
0.012451311
0.012041414
0.013010227
0.015351271
0.01602464
0.014918183
0.014616798
0.01382463
0.014467147
0.015167908
0.014197903
0.014069986
0.014705929
0.013919736
0.013388396
0.01283698
0.012667221
0.013746752
0.014430565
0.012034594
0.012265685
0.011474979
0.012476713
0.013023905
0.013551291
0.011910822
0.011327387
0.011123185
0.01089905
0.010308782
0.0097058744
0.0094736143
0.010654154
0.013334047
0.014057971
0.013096388
0.012575822
0.01178414
0.012841196
0.01359383
0.0097724883
0.0089431049
0.0098126196
0.010583726
0.011369819
0.0098283696
0.0090151701
0.011330061
0.011371161
0.012094731
0.011384293
0.010614851
0.0098202553
0.012125824
0.012847815
0.012830111
0.01353228
0.0097881425
0.0090033891
0.0097311201
0.010540459
0.0089082668
0.013146279
0.013813788
0.014037908
0.014882018
0.014450208
0.016580161
0.016054698
0.016768484
0.015487794
0.015280788
0.015051978
0.015672543
0.016404653
0.016933229
0.01707391
0.015615521
0.016136799
0.016369138
0.018042403
0.017561819
0.018133639
0.018473139
0.018849355
0.018195703
0.017765305
0.018862909
0.018889083
0.019148162
0.018884518
0.01857111
0.018228532
0.019168224
0.01942792
0.019403245
0.019627307
0.019765958
0.019347646
0.018231978
0.017857149
0.018205687
0.018548407
0.018805787
0.018148644
0.017835716
0.017157123
0.017378242
0.017560603
0.017035645
0.016468575
0.016642651
0.017701895
0.0169204
0.016869078
0.016380327
0.016776412
0.017310143
0.017800954
0.016201711
0.015588016
0.015715142
0.015801032
0.015185512
0.014536729
0.014615356
0.015845286
0.017857353
0.017871433
0.01741842
0.016930744
0.017844912
0.020185609
0.020035044
0.020245065
0.020279032
0.020313356
0.020279394
0.02018569
0.020235174
0.020287075
0.020200737
0.020313125
0.020313299
0.020288313
0.020287899
0.020202648
0.020141664
0.020058247
0.01985645
0.020054668
0.020271609
0.020238093
0.020229143
0.020244716
0.020157416
0.020161058
0.020188461
0.01398729
0.014269552
0.013484474
0.013662672
0.013295801
0.012961124
0.013290577
0.011600752
0.012182697
0.01173456
0.012748042
0.012591954
0.012419313
0.012887545
0.012439703
0.011853058
0.011955681
0.011442237
0.011251136
0.011860936
0.012229989
0.011287691
0.011451877
0.011002623
0.010700374
0.011106793
0.019291964
0.018969773
0.01950424
0.01956075
0.019773009
0.019692327
0.019422339
0.02016104
0.020057729
0.02015177
0.019928292
0.019904365
0.019855428
0.019927229
0.020022524
0.020117455
0.020058411
0.01999283
0.019781497
0.020103909
0.020145081
0.020038115
0.0088643063
0.0078669941
0.0092714313
0.0098460114
0.010802789
0.009667097
0.0086841792
0.011897328
0.01154822
0.0124386
0.011183144
0.010623227
0.010050087
0.011728716
0.012618911
0.012962835
0.01346819
0.010418971
0.0094644348
0.010771965
0.01134101
0.01019298
0.015089249
0.015192347
0.015457224
0.014957681
0.014799894
0.015807897
0.015928757
0.015797286
0.015483847
0.015282083
0.015151214
0.015659263
0.01613978
0.0146169
0.014409323
0.01474138
0.01417761
0.013921781
0.015054012
0.016451756
0.016592046
0.016742992
0.016284912
0.016091273
0.017013234
0.017169757
0.0083600166
0.0085868446
0.0078019342
0.0087915593
0.0093585523
0.0099112532
0.010110595
0.0089746606
0.0082107233
0.010557789
0.010434147
0.011123645
0.01028488
0.0097169497
0.0091356589
0.010838373
0.011376541
0.011538173
0.011673854
0.012206698
0.012721156
0.0092737684
0.0085421912
0.0093876211
0.0099783189
0.0087883848
0.01284827
0.013473078
0.012960888
0.012184352
0.01148678
0.013057473
0.013705029
0.011725995
0.01166175
0.010918576
0.011581974
0.012375551
0.013137306
0.010759493
0.010006121
0.010085249
0.0092305979
0.008437305
0.010148574
0.013200162
0.013864707
0.013246335
0.012503362
0.01177487
0.013277048
0.013949415
0.018767689
0.018575947
0.019070426
0.018915141
0.019017625
0.019338485
0.01920018
0.019647004
0.019474642
0.019472326
0.019264617
0.019429962
0.019570321
0.019074589
0.019085724
0.019273338
0.019050886
0.019764749
0.019685562
0.019920828
0.019796676
0.020019417
0.0053005409
0.006030507
0.0056701722
0.0067558107
0.0063774168
0.0059894058
0.0067102211
0.0074724201
0.007123933
0.0087982072
0.0081164754
0.0084109489
0.0074199454
0.00780329
0.0081770933
0.0070276789
0.0066274003
0.0073282289
0.0080141619
0.0076095254
0.0071993049
0.0088670103
0.0085411116
0.0095395581
0.0091746718
0.0098933392
0.019700139
0.019817195
0.019911039
0.019728366
0.019507132
0.019590969
0.019981161
0.019698186
0.019686639
0.019467073
0.01965087
0.01985822
0.020027184
0.019405811
0.01912387
0.01917389
0.019199401
0.018896605
0.018560433
0.020048868
0.020046156
0.019891565
0.010693653
0.010590103
0.0099110887
0.0091010769
0.010474129
0.0086964616
0.0088418674
0.0079922974
0.0089768326
0.0096700216
0.010345724
0.0082678845
0.0074152949
0.0072750296
0.0065475426
0.010205315
0.010053846
0.0093846834
0.014510729
0.014463199
0.015037789
0.015524485
0.014395149
0.015203968
0.015332306
0.015734509
0.015439164
0.014885339
0.014307074
0.015967381
0.016364222
0.016238317
0.01671329
0.014199167
0.014071195
0.014648792
0.01750708
0.017540085
0.017546505
0.017214129
0.016860115
0.01685989
0.017525519
0.016698955
0.01677954
0.016366999
0.01683319
0.017165975
0.017476886
0.016479036
0.016103825
0.016073124
0.016014918
0.015643779
0.015254251
0.017400761
0.017297822
0.017009657
0.015321689
0.015174369
0.015746908
0.015423355
0.01547996
0.016149884
0.016042716
0.016553762
0.016221251
0.016186529
0.015863034
0.01620903
0.016528699
0.015491558
0.015458053
0.015794409
0.015379211
0.016881797
0.01682163
0.017207988
0.016894627
0.017493735
0.015624459
0.016054129
0.016060088
0.016472933
0.016461983
0.017614565
0.0172595
0.017618133
0.016878709
0.016873833
0.016846475
0.016861162
0.017223122
0.017598864
0.017557088
0.017860976
0.017948811
0.017206156
0.017539496
0.017588203
0.017943037
0.017844553
0.019587729
0.019374522
0.019375888
0.019131126
0.01913033
0.018288401
0.018599047
0.018286264
0.018880119
0.018880624
0.018855876
0.01885432
0.018546575
0.018259936
0.018209367
0.01855202
0.018219888
0.018266317
0.0026132078
0.0021054546
0.0017636459
0.0015803841
0.0024453828
0.0033077351
0.0027764813
0.0010447431
0.00071430844
0.0011318285
0.0016853635
0.001989668
0.0022344663
0.0013696973
0.0005030741
0.0030951139
0.0039492115
0.0033988121
0.0028425099
0.0036862741
0.0045167019
0.0039596083
0.0022836577
-4.0835199e-05
-0.00036343845
-0.00058392221
0.00027279357
0.00057456075
-0.0011261748
-0.0014358212
0.007872993
0.0072700146
0.0069298039
0.0066359885
0.0075898603
0.0085250755
0.0078807796
0.0059778019
0.0056656704
0.0058129113
0.0065218573
0.0067482134
0.0072119543
0.006264605
0.0053004785
0.0081388396
0.0090409117
0.0083621861
0.0076629455
0.0085506658
0.0094038298
0.0087073438
0.0069450651
0.0046081631
0.004322177
0.0039042155
0.0048630028
0.0050863316
0.0031893628
0.0029406833
0.010035639
0.010165899
0.01064697
0.0098577879
0.0096373463
0.011231683
0.011406278
0.011248955
0.01074409
0.010434941
0.010206111
0.011010065
0.011785549
0.0093766747
0.0090775633
0.0095973695
0.0087414186
0.012305306
0.01253015
0.012788488
0.012034845
0.013506769
0.0095501259
0.010319657
0.010163094
0.011071484
0.010428747
0.0097504873
0.01049266
0.011800509
0.011675924
0.012559371
0.011899776
0.011876178
0.011210037
0.01187459
0.012502459
0.010511595
0.0097826543
0.010485594
0.011159676
0.010414604
0.0096474299
0.010296654
0.011802773
0.013173651
0.013091897
0.013810898
0.013205379
0.013186863
0.014412202
0.014374114
0.0051452565
0.0053906277
0.005770179
0.0048690963
0.0045695867
0.0063866477
0.0066495771
0.0063701182
0.0057819067
0.0054455932
0.0051812058
0.006096017
0.0069909431
0.0042502272
0.0039131378
0.0045065202
0.0035596493
0.007580121
0.0078639086
0.0081521458
0.0072741189
0.009000712
0.0090966903
0.0085198709
0.0091599392
0.0091845169
0.0079215406
0.007271973
0.0079273834
0.0078714797
0.0085653796
0.0079440102
0.0073053085
0.0091681733
0.0091107785
0.0084533803
0.0090143357
0.008884451
0.0077799642
0.0066742608
0.00603077
0.0066576964
0.0065995841
0.005374462
0.00097670886
0.0014978437
0.00018186056
0.00044725779
-8.8340416e-05
-0.00061661579
-8.0207864e-05
-0.0024882384
-0.0016915613
-0.0022272672
-0.00089101049
-0.00115382
-0.0014150334
-0.00062719596
-0.0011657074
-0.0019636352
-0.0016989701
-0.0022190315
-0.0027559819
-0.0022100815
-0.0016746715
-0.0029987276
-0.0027454865
-0.0032799253
-0.0037790173
-0.003249887
0.0020025948
0.0026859502
0.0033718237
0.0024126103
0.0014460388
0.0021269214
0.0040525153
0.0041274867
0.0034707138
0.0031632562
0.002803012
0.0037676282
0.0047226984
0.0018320187
0.00085815863
0.0015298297
0.0021926812
0.0012213859
0.00025543501
0.0053781829
0.0060156499
0.0050800468
0.004524444
0.0037160672
0.0039806325
0.0028902681
0.0034392708
0.0039850168
0.0031496688
0.0020534014
0.0023389595
0.00060684917
0.001457297
0.0011475813
0.0023058782
0.0017596067
0.0012104266
0.0028481752
0.0033851368
0.0025363967
0.0016852157
0.0022172645
0.0027405287
0.0018973801
0.00083393285
0.00036573164
0.00065902099
-0.00047654154
6.5008463e-05
-0.00024393
-0.0013135108
-0.0010179621
0.0036481595
0.0033069771
0.0045546935
0.0039756769
0.0042897671
0.0054540826
0.0051207819
0.0069321909
0.0060665168
0.006344428
0.0051847426
0.0057692685
0.0063411986
0.0045892598
0.0048723755
0.0057445165
0.005136182
0.0072113987
0.0068996946
0.0080602624
0.0075048617
0.0085982889
-0.0002231155
-0.00051459883
-0.00070625708
7.4312212e-05
0.00037164813
-0.0011911375
-0.0014813872
-0.0010910036
-0.00060399742
-0.00031184716
-0.00011614362
-0.00089746499
-0.001675562
0.00066602994
0.0009558041
0.00046660102
0.001239976
0.0015189365
-2.0533729e-05
-0.0021578185
-0.0024492323
-0.0026367935
-0.0018671121
-0.0015766439
-0.0031129127
-0.0033980976
-0.0026625969
-0.0035568644
-0.0028264194
-0.0044487609
-0.0042804458
-0.0040974569
-0.004994474
-0.0053342766
-0.0046017126
-0.0076170823
-0.006756872
-0.0074428021
-0.0058817856
-0.0060531809
-0.0062091544
-0.0056953913
-0.0054952879
-0.0063794804
-0.0072506574
-0.007042397
-0.0068214917
-0.0076779258
-0.0081075342
-0.0070691474
-0.0063504038
-0.0079096078
-0.0077726413
-0.0084598451
-0.0087252069
-0.008030576
0.010816081
0.010169757
0.01145569
0.011438435
0.012031506
0.012081382
0.011457003
0.013796189
0.01322786
0.01374675
0.012639229
0.012672067
0.012690317
0.01259185
0.013116368
0.013681619
0.013601307
0.014040926
0.014224961
0.01327994
0.012694049
0.013847928
0.013829782
0.014343642
0.01439296
0.013852385
0.014380166
0.014941119
0.014332218
0.013770403
0.013118168
0.014267905
0.014871537
0.012822222
0.01293575
0.012213586
0.01303445
0.01362135
0.014187163
0.012427729
0.011702822
0.011587864
0.010947835
0.014090268
0.014731222
0.013978012
0.013411193
0.014520851
0.0031474922
0.0023028674
0.0023214803
0.0014861788
0.0014507862
-0.0010792423
-0.00022528329
-0.0010639612
0.00063064272
0.0006138313
0.00059537112
0.0006458665
-0.00019522802
-0.0010480415
-0.0010321266
-0.001857811
-0.0018987641
-0.00025928111
-0.0011086951
-0.0010938878
-0.0019291461
-0.0019478762
-0.0031060741
-0.0033794276
-0.003994701
-0.0048787037
-0.0036470544
-0.0056539444
-0.0054050662
-0.0062663869
-0.0051464632
-0.0045310796
-0.0039083492
-0.0057531956
-0.0066138974
-0.006867942
-0.0074564509
-0.0082762933
-0.0071129372
-0.0041621929
-0.0044067884
-0.005033078
-0.0058918245
-0.0046388017
-0.004585033
-0.0036822364
-0.0040522728
-0.0027621241
-0.0033030839
-0.0038407229
-0.0029149726
-0.0018314181
-0.0022184252
-0.00010417489
-0.0010432326
-0.00064383429
-0.0019812113
-0.0014395323
-0.00089540264
-0.0025193186
-0.0030524407
-0.0021181007
-0.0011813925
-0.0017142878
-0.0022391854
4.1207575e-05
-0.0003495585
0.00097367663
0.00043551903
0.0015100669
-0.0029593389
-0.0025402022
-0.0036786944
-0.0033715368
-0.0037766862
-0.0043951977
-0.0039720446
-0.0059157001
-0.0052095257
-0.0055992524
-0.0044961196
-0.0048076365
-0.0051065074
-0.0041731332
-0.0045587096
-0.0052700557
-0.0049305773
-0.0052840332
-0.0059741928
-0.0058102745
-0.0053931155
-0.0065041619
-0.0062176743
-0.0066135424
-0.0071862156
-0.0067763288
-0.0062556498
-0.007164496
-0.0058064477
-0.0053234261
-0.0043745919
-0.0053434196
-0.0062826867
-0.0029407788
-0.0034268368
-0.002456433
-0.0039052522
-0.0043902275
-0.0048683185
-0.0034143698
-0.0024474646
-0.0019686812
-0.001478892
-0.0043833518
-0.0053383245
-0.0038915657
-0.0034199117
-0.0043527058
-0.0087878016
-0.0081836319
-0.0082879869
-0.0075663689
-0.0080611278
-0.0085412737
-0.0079185145
-0.0069380901
-0.0070585963
-0.0059949178
-0.0066443795
-0.0064712622
-0.0072858899
-0.006800266
-0.0063008123
-0.0077560005
-0.0082081567
-0.0075746372
-0.0069326885
-0.0073762698
-0.0077976329
-0.0056564142
-0.0057878876
-0.0050066429
-0.0055060385
-0.0044973994
-0.0089053361
-0.0083408671
-0.0077563335
-0.0083887242
-0.0090093976
-0.0084166297
-0.0071557069
-0.0065555861
-0.0071880269
-0.0071756669
-0.0078088769
-0.0071812936
-0.0065420386
-0.0084234707
-0.0090233421
-0.0084090962
-0.0077827784
-0.0083742498
-0.0089466478
-0.0083215037
-0.007145316
-0.0059178992
-0.0052855467
-0.0059248501
-0.0059124927
-0.0046461572
0.017961686
0.017557656
0.017850487
0.017121261
0.017221332
0.017300938
0.0168425
0.016654516
0.017000894
0.015298551
0.015840114
0.015374168
0.016355132
0.016267324
0.016159233
0.016422597
0.016469507
0.015963496
0.015430775
0.015467995
0.015484899
0.015637208
0.016030774
0.015090399
0.015204027
0.014956794
0.014691618
0.014782298
0.015313656
0.015901385
0.014854737
0.016028656
0.016006238
0.016523957
0.015963768
0.015449245
0.014908905
0.016451379
0.016961087
0.01699105
0.017428221
0.014944492
0.014960874
0.015506937
-0.0061333245
-0.0054341651
-0.0054685632
-0.0047854841
-0.0047264175
-0.0026254603
-0.0033493571
-0.0026426294
-0.0040697357
-0.0040448486
-0.0040125207
-0.0040873555
-0.0033779097
-0.0026550047
-0.0026621009
-0.0032949085
-0.0025760379
-0.0026035066
-0.0031404461
-0.003893088
-0.0031665205
-0.0023740918
-0.0015997698
-0.0031896505
-0.0039534361
-0.0016586446
-0.001641057
-0.00086128456
-0.0016214136
-0.0024179135
-0.0032092438
-0.00082165613
-4.3413307e-05
-6.3494306e-05
0.00073113039
-0.0032252251
-0.0039936998
-0.0032381417
-0.0024521443
-0.0040125932
-0.0046470987
-0.0046395352
-0.0052791756
-0.0059046131
-0.0046248203
-0.0058298669
-0.0058630115
-0.0064665514
-0.0058879399
-0.005248623
-0.0046034738
-0.0065204605
-0.007124354
-0.007095277
-0.0077141344
-0.0045756074
-0.0045408236
-0.0051872166
-0.01340794
-0.013581269
-0.014058457
-0.013714404
-0.013039134
-0.012337695
-0.012439328
-0.013803882
-0.014362275
-0.012489963
-0.012516072
-0.011795567
-0.012499119
-0.013186815
-0.013848171
-0.011786965
-0.0110523
-0.011086858
-0.011079252
-0.010344135
-0.0095928775
-0.0095639101
-0.011027317
-0.013846733
-0.014481508
-0.0138003
-0.013159283
-0.012421851
-0.013712978
-0.014409831
-0.0091640362
-0.009804283
-0.010010726
-0.010426018
-0.0095469883
-0.0086364487
-0.0092457049
-0.011022729
-0.011271074
-0.010908936
-0.010384519
-0.010000297
-0.0098293924
-0.010725941
-0.011589787
-0.0089039137
-0.0079538818
-0.0085241362
-0.0090646246
-0.0081084117
-0.0071391049
-0.0076571446
-0.0095733029
-0.01212372
-0.012418169
-0.012622143
-0.011784708
-0.011401673
-0.013085105
-0.013416783
-0.0066536499
-0.0062336839
-0.0061390232
-0.007053472
-0.007424961
-0.0056008651
-0.0052126684
-0.0057051915
-0.0062980038
-0.0066013937
-0.0068720016
-0.0059639255
-0.0050429888
-0.0077640118
-0.0080682018
-0.0074803044
-0.0083365572
-0.0085713732
-0.0068750963
-0.0044685782
-0.0041118799
-0.0038803148
-0.0047966186
-0.0050945748
-0.0032785949
-0.0029597328
-0.0024898917
-0.0020632486
-0.0016242925
-0.002708457
-0.0037875524
-0.0033462704
-0.0011776321
-0.0019751876
-0.0024383539
-0.0030495747
-0.0028958855
-0.0018130653
-0.00072643731
-0.0039705038
-0.0050320235
-0.0045764482
-0.0041133534
-0.005159998
-0.006181778
-0.0057186656
-0.0036443256
-0.00027308293
0.0001809289
-0.00089627482
-0.0015073179
0.0006363934
-0.0093841994
-0.0086275382
-0.009149506
-0.0101142
-0.010805843
-0.0088919493
-0.0081602007
-0.0099176866
-0.010237869
-0.010843321
-0.010534057
-0.0095864407
-0.0086134245
-0.011452584
-0.012050032
-0.011737756
-0.012594879
-0.0083150962
-0.0076173801
-0.007997162
-0.0089668724
-0.007013998
-0.0064814717
-0.0067723272
-0.0059099488
-0.005309884
-0.0070510265
-0.0060775306
-0.0058332924
-0.0051918288
-0.0055772964
-0.0064541407
-0.0073155696
-0.0046874383
-0.0040471551
-0.0042953797
-0.0033929718
-0.0027287069
-0.004530641
-0.007564835
-0.0077989014
-0.0069479785
-0.0063104016
-0.0080209795
-0.014566027
-0.014361128
-0.015054279
-0.014722843
-0.014831771
-0.015520203
-0.015355092
-0.016088978
-0.015696272
-0.015707987
-0.015276872
-0.015633555
-0.015961418
-0.014892391
-0.014904074
-0.015299601
-0.014865957
-0.014776432
-0.015667059
-0.016375994
-0.016260005
-0.016762435
-0.016440871
-0.016454453
-0.017120353
-0.01705375
-0.014134096
-0.0136789
-0.013177099
-0.01390344
-0.014596227
-0.014085106
-0.012634374
-0.012310598
-0.012939798
-0.013025709
-0.013532016
-0.012809071
-0.012054828
-0.014221412
-0.014874757
-0.014311333
-0.013708597
-0.014355166
-0.014960809
-0.014355542
-0.013067799
-0.011442092
-0.010799584
-0.011567225
-0.01164548
-0.010129166
-0.0084594202
-0.0087778482
-0.0091628001
-0.0090803995
-0.0083559326
-0.0076167736
-0.0079033964
-0.0093633557
-0.0097892358
-0.0086459815
-0.00841924
-0.0079074867
-0.0081714102
-0.0089053708
-0.009624529
-0.0074241861
-0.006665388
-0.0069215515
-0.0071573092
-0.0063984114
-0.0056337144
-0.0058568928
-0.0073705535
-0.0098624884
-0.010327647
-0.010076654
-0.0093699471
-0.0088518408
-0.010268908
-0.010763996
-0.0052598696
-0.0048672684
-0.0057719194
-0.0062677922
-0.0044601292
-0.0049849707
-0.0054260894
-0.0058786604
-0.0058540634
-0.0049525592
-0.0040412227
-0.0067431019
-0.0071948081
-0.006758881
-0.007620843
-0.0036125988
-0.0031755086
-0.0040823975
-0.015373361
-0.015356079
-0.015766865
-0.015338478
-0.015253389
-0.016139362
-0.016158223
-0.016253893
-0.015943759
-0.015769246
-0.015610025
-0.016067291
-0.016489244
-0.015119008
-0.014936139
-0.015252174
-0.014705749
-0.014428632
-0.015543479
-0.016815227
-0.016875084
-0.01711641
-0.016703632
-0.016540013
-0.01739282
-0.017491222
-0.014395897
-0.014983947
-0.014899245
-0.015545215
-0.015025179
-0.01446616
-0.015024692
-0.016076073
-0.016025118
-0.016504279
-0.016045382
-0.015964728
-0.015551683
-0.016082567
-0.016573665
-0.014982854
-0.01437835
-0.014899838
-0.015387494
-0.014775774
-0.014133664
-0.014610002
-0.015840347
-0.01703568
-0.017023735
-0.017460158
-0.017003518
-0.016927239
-0.017845717
-0.017872458
-0.0055571025
-0.0060500286
-0.0048672349
-0.0050425008
-0.004508768
-0.00416778
-0.0046879308
-0.0023649479
-0.0030833425
-0.0025209434
-0.0037983923
-0.0036328951
-0.0034618189
-0.0039581797
-0.0033935935
-0.0026726896
-0.0028193996
-0.0022432686
-0.0019502832
-0.0027520909
-0.0032850842
-0.0020410159
-0.0022050657
-0.0016437778
-0.0013297429
-0.0018709361
0.00027297416
0.0013320173
-9.0324496e-05
-0.00079838461
-0.0018715773
-0.00045292127
0.0006164927
-0.0029393222
-0.0025881718
-0.0036445924
-0.0022320587
-0.0015229233
-0.00081385946
-0.0029397712
-0.0039971404
-0.0043448035
-0.0050371383
-0.0011718596
-0.00010576376
-0.0015251226
-0.0022318188
-0.00082238218
-0.0099045843
-0.010634404
-0.010221493
-0.010514397
-0.011347642
-0.012563901
-0.011903879
-0.012139424
-0.011220062
-0.011639722
-0.012040398
-0.010782269
-0.011023768
-0.011696405
-0.011236972
-0.011418336
-0.012344544
-0.012709295
-0.013351225
-0.012968211
-0.013198876
-0.013963815
-0.015370128
-0.015815734
-0.015935031
-0.01646814
-0.016234545
-0.017614906
-0.017263985
-0.017723149
-0.016881391
-0.016767299
-0.016624768
-0.016966816
-0.017428731
-0.01780199
-0.017851501
-0.01823218
-0.018143261
-0.016984631
-0.017312211
-0.017477635
-0.017933082
-0.017605095
-0.0080608551
-0.0078063463
-0.0075274516
-0.008273176
-0.0090061498
-0.0087208239
-0.0072279285
-0.0077378909
-0.0080853377
-0.0084801345
-0.0084132928
-0.0076673998
-0.0069099152
-0.0091459911
-0.0098638994
-0.0095464289
-0.0092087071
-0.0099206905
-0.010613367
-0.0065749802
-0.0062242145
-0.0069849143
-0.011032488
-0.011362541
-0.011441123
-0.010667125
-0.010271326
-0.011837179
-0.012184073
-0.011414341
-0.011047263
-0.010608049
-0.01066605
-0.011457468
-0.012219052
-0.0098477455
-0.0093984978
-0.0097768627
-0.008925676
-0.0084310404
-0.010140882
-0.012585526
-0.012948999
-0.012935791
-0.012191567
-0.011766891
-0.013269901
-0.013643264
-0.017964718
-0.018014084
-0.018305877
-0.018025356
-0.017675115
-0.017298767
-0.017291704
-0.017997168
-0.018349191
-0.017037154
-0.017161026
-0.016679992
-0.017245907
-0.017600539
-0.017929096
-0.016865912
-0.016461197
-0.016399771
-0.016299059
-0.015895622
-0.015470385
-0.017821302
-0.018230863
-0.017674628
-0.017369187
-0.017951832
-0.019704949
-0.019523644
-0.019564416
-0.019318156
-0.019435848
-0.019510641
-0.019300663
-0.019089153
-0.019157787
-0.018532075
-0.01881103
-0.018602492
-0.019067348
-0.018973524
-0.018837312
-0.019118604
-0.01912691
-0.018890764
-0.018631485
-0.018618891
-0.018564318
-0.018563338
-0.018658539
-0.018267969
-0.018420473
-0.018074345
-0.018570973
-0.018554266
-0.018505086
-0.018835107
-0.019133206
-0.019071773
-0.018424335
-0.018693776
-0.018851759
-0.01899611
-0.018977834
-0.018660934
-0.018312509
-0.019262593
-0.019514554
-0.0194066
-0.019266304
-0.019503355
-0.019706181
-0.019553081
-0.019093851
-0.018169997
-0.017997082
-0.018360364
-0.018503939
-0.017793463
0.0038230085
0.004212863
0.0030576356
0.0034235409
0.003015172
0.0022845936
0.0026895386
0.00067645815
0.0014580876
0.0010379798
0.0022382401
0.001874032
0.0015071962
0.0025993127
0.002177799
0.0013974893
0.001753468
0.00072842335
0.0011378868
-4.8839325e-05
0.00031399599
-0.00041276852
-0.0014815218
-0.0013293579
-0.0011770923
-0.00040221159
0.00037424869
0.00053016492
-0.0010239692
0.00098889134
0.00083764423
0.0017663192
0.00068464224
-9.347961e-05
-0.00087008778
0.001462498
0.0022381668
0.0023903267
0.0025406786
0.0033089903
0.0040682331
-0.00071600613
-0.00056282746
0.00021138607
-0.013800116
-0.013445981
-0.013922671
-0.014007597
-0.01307311
-0.012786375
-0.01321098
-0.013223033
-0.013618219
-0.01316105
-0.012682962
-0.014053664
-0.014060826
-0.013638237
-0.014030028
-0.012276746
-0.011855323
-0.012329986
-0.01741383
-0.017795994
-0.017412156
-0.016990698
-0.016529773
-0.017387041
-0.017804134
-0.016361713
-0.016440767
-0.015914681
-0.01649679
-0.016932045
-0.017338261
-0.01603359
-0.01550466
-0.015442028
-0.014945957
-0.01726595
-0.017714424
-0.017170665
-0.016781079
-0.01752804
-0.01790927
-0.017999809
-0.01826299
-0.018587158
-0.018065325
-0.018680189
-0.018675328
-0.018932724
-0.018644276
-0.018385962
-0.018105779
-0.018880344
-0.019141487
-0.019162784
-0.019369734
-0.018121043
-0.018110835
-0.018405922
-0.0097009826
-0.01051885
-0.0096273562
-0.011316251
-0.011372801
-0.011389187
-0.012182483
-0.012089615
-0.01121807
-0.014379129
-0.01368004
-0.014391019
-0.012946971
-0.012911414
-0.012835027
-0.012941657
-0.012896095
-0.01364456
-0.014359414
-0.014285196
-0.01417088
-0.014855551
-0.015039021
-0.013548567
-0.012718774
-0.014226138
-0.014323775
-0.01504192
-0.014863338
-0.014090143
-0.015128107
-0.015841329
-0.015433489
-0.016510307
-0.016183295
-0.015817532
-0.016457519
-0.017129059
-0.016797587
-0.018044149
-0.017573907
-0.01768503
-0.017044105
-0.017388145
-0.01769301
-0.016662033
-0.016243326
-0.016795302
-0.017288164
-0.016855886
-0.016391081
-0.016840855
-0.01771942
-0.018198474
-0.017957901
-0.018642324
-0.018363694
-0.018453057
-0.01902219
-0.018879536
-0.013354102
-0.01393888
-0.012491141
-0.012707864
-0.012003598
-0.011587817
-0.012246707
-0.0091230505
-0.010113116
-0.0093057149
-0.011074569
-0.010875422
-0.010649354
-0.011246159
-0.010441384
-0.0094642333
-0.0095969845
-0.0096809584
-0.010396622
-0.0086884066
-0.0089172097
-0.0084347691
-0.015882907
-0.015891644
-0.015330827
-0.01580962
-0.015668798
-0.014738857
-0.014808398
-0.013721956
-0.014405837
-0.014142471
-0.015055514
-0.014605006
-0.01411047
-0.015460377
-0.015185863
-0.014518764
-0.01484845
-0.014454761
-0.013817679
-0.01344893
-0.013572801
-0.012757385
-0.013259512
-0.013005773
-0.01203806
-0.012216364
-0.015294589
-0.015153227
-0.015706938
-0.015388268
-0.01543502
-0.016098249
-0.015996768
-0.016476693
-0.016153257
-0.01610776
-0.015805796
-0.016150012
-0.016466802
-0.015435045
-0.015388304
-0.01571298
-0.015294605
-0.01515358
-0.016012017
-0.016811186
-0.016755813
-0.017130369
-0.016817994
-0.016775794
-0.017424439
-0.017413887
-0.015879882
-0.016302294
-0.016563911
-0.017198173
-0.016698935
-0.018219361
-0.017910083
-0.018428965
-0.017569354
-0.01733258
-0.017067942
-0.0177779
-0.018299443
-0.018609142
-0.018759388
-0.019153565
-0.018886647
-0.017407464
-0.0177155
-0.017981129
-0.018496408
-0.017989745
-0.018948054
-0.018783407
-0.018583462
-0.018570321
-0.018939424
-0.019266146
-0.019049524
-0.018310849
-0.018159362
-0.018119771
-0.01847536
-0.01848739
-0.018785574
-0.018416451
-0.018006537
-0.019112739
-0.019396758
-0.0191288
-0.018814146
-0.019098127
-0.019337122
-0.017658959
-0.017556868
-0.017269891
-0.017713232
-0.016791562
-0.014109715
-0.013454473
-0.012763692
-0.012780045
-0.01276782
-0.012069831
-0.012040484
-0.0098094856
-0.010588139
-0.0098182945
-0.011342486
-0.011329695
-0.01128857
-0.011327208
-0.011283485
-0.010555856
-0.0098020334
-0.0097602731
-0.0096911484
-0.010512036
-0.009715685
-0.0097755196
-0.013482322
-0.014280527
-0.013007302
-0.01263531
-0.011746908
-0.012515403
-0.01336283
-0.010168962
-0.01070705
-0.0097531571
-0.011233336
-0.011628918
-0.012008277
-0.010822286
-0.0098662509
-0.0093246187
-0.0088847394
-0.0078872462
-0.0087717724
-0.011487706
-0.012370979
-0.010955744
-0.010570462
-0.0096195862
-0.010414775
-0.011322476
-0.011985068
-0.011472279
-0.011914928
-0.012467618
-0.012913531
-0.011828487
-0.011348416
-0.012532678
-0.012676903
-0.01304012
-0.012803846
-0.012272581
-0.011726199
-0.013319235
-0.013682749
-0.0135309
-0.014003174
-0.011608214
-0.011165012
-0.01147418
-0.012010228
-0.010925032
-0.012764619
-0.01224613
-0.012889523
-0.011708411
-0.011569186
-0.011403817
-0.010861429
-0.011152552
-0.011821896
-0.0091416258
-0.009729285
-0.0089793736
-0.010302939
-0.010454536
-0.010580311
-0.01012614
-0.0099240955
-0.0093670253
-0.0087948891
-0.0085887021
-0.0083602429
-0.0099937515
-0.010678707
-0.0093953034
-0.0092807582
-0.0094817817
-0.017813946
-0.01822404
-0.017750875
-0.017356522
-0.016855175
-0.017655762
-0.018109911
-0.016453579
-0.016618233
-0.016038618
-0.016752193
-0.017157905
-0.017528617
-0.016312645
-0.015731602
-0.015591815
-0.015115029
-0.014466248
-0.015420915
-0.017369921
-0.017863134
-0.017180715
-0.016834926
-0.016258866
-0.016962998
-0.017488248
-0.018818769
-0.01908395
-0.018996764
-0.019324612
-0.019123553
-0.018874235
-0.019116251
-0.019539946
-0.019476537
-0.019683868
-0.019521444
-0.019440357
-0.019332124
-0.019554731
-0.019729145
-0.019062278
-0.018746503
-0.018962001
-0.019150418
-0.018815998
-0.018439921
-0.018624842
-0.019311605
-0.01989153
-0.019854988
-0.020026557
-0.019879583
-0.01981916
-0.020133887
-0.020124308
-0.018942244
-0.019277657
-0.019216074
-0.019444622
-0.019568127
-0.020112208
-0.019938293
-0.020050474
-0.019715457
-0.019777272
-0.019811838
-0.019626507
-0.019760701
-0.019961729
-0.019846377
-0.019882468
-0.020113103
-0.020007441
-0.02015387
-0.020146697
-0.020236607
-0.020250125
-0.01030258
-0.010900984
-0.011102374
-0.011876091
-0.011484567
-0.013541251
-0.013006198
-0.013717036
-0.012450743
-0.012261148
-0.012051296
-0.012619676
-0.013329393
-0.013870368
-0.014001071
-0.014628834
-0.014390332
-0.012599057
-0.013125521
-0.013343652
-0.014054873
-0.013628053
-0.018120309
-0.018180388
-0.017774254
-0.018200238
-0.018548223
-0.018857637
-0.018875149
-0.018180712
-0.017814114
-0.018684246
-0.018788241
-0.019027017
-0.018851919
-0.018505843
-0.018122141
-0.019159379
-0.019427386
-0.019399649
-0.019331057
-0.01959506
-0.019817844
-0.019745155
-0.019221678
-0.018024788
-0.017701903
-0.017888865
-0.018304243
-0.01853986
-0.017713981
-0.017440333
-0.01983259
-0.019982869
-0.019810706
-0.019635336
-0.019392409
-0.019751826
-0.019953271
-0.019067541
-0.01921238
-0.018876008
-0.019320739
-0.019504597
-0.019656013
-0.019104937
-0.018774189
-0.018653851
-0.018401782
-0.019523677
-0.019774453
-0.019355687
-0.019227717
-0.019450142
-0.01983497
-0.019881312
-0.019928363
-0.019739365
-0.019595412
-0.019985571
-0.020081217
-0.019619159
-0.019647915
-0.019407171
-0.019639964
-0.019840926
-0.020006179
-0.019403861
-0.019165651
-0.019161137
-0.018882072
-0.018554688
-0.019119323
-0.019990089
-0.020135231
-0.019937543
-0.019796224
-0.019553817
-0.019849243
-0.020042118
-0.0092297601
-0.010083626
-0.010011347
-0.010771231
-0.010916388
-0.013146211
-0.012385373
-0.013073657
-0.011592726
-0.011665431
-0.011723437
-0.011505414
-0.01221025
-0.012985314
-0.012881836
-0.013514807
-0.013727806
-0.012500624
-0.01324364
-0.01320278
-0.013872687
-0.013947045
-0.0057948794
-0.0065687059
-0.0056904701
-0.007334583
-0.007437807
-0.0075298016
-0.0082921708
-0.0080890066
-0.0072198239
-0.010477086
-0.0097678337
-0.01057188
-0.0090388743
-0.0089392765
-0.0088286401
-0.0091272682
-0.0092045623
-0.009939002
-0.010653749
-0.010722845
-0.010780158
-0.0095502899
-0.008707411
-0.010250478
-0.010369675
-0.010121386
-0.0076307869
-0.0080699552
-0.0073501542
-0.0070499317
-0.0085013949
-0.0083075746
-0.0078977657
-0.0075678966
-0.0074783235
-0.0082092675
-0.0089233295
-0.0067324536
-0.0063993082
-0.0068146997
-0.0060517806
-0.0093343904
-0.009733665
-0.0090304996
-0.019543488
-0.019466418
-0.019719883
-0.019572184
-0.019552584
-0.01986522
-0.019839501
-0.019828129
-0.019768666
-0.019646998
-0.019676707
-0.019841482
-0.019978723
-0.019484777
-0.019369086
-0.019439398
-0.019206127
-0.020059866
-0.020088191
-0.020108355
-0.019982108
-0.020206488
-0.015113496
-0.015022278
-0.014903202
-0.01539429
-0.015863448
-0.015741852
-0.014758117
-0.015216187
-0.015417574
-0.015707099
-0.015592937
-0.015100968
-0.014587972
-0.016063014
-0.016510453
-0.01635642
-0.016175946
-0.016621143
-0.017041168
-0.016857025
-0.015969303
-0.014393399
-0.014174798
-0.014704822
-0.014988697
-0.013931795
-0.016536837
-0.016085721
-0.016182332
-0.015794541
-0.015611353
-0.014274285
-0.014801364
-0.014351016
-0.015308396
-0.01522186
-0.015115361
-0.01537487
-0.014925105
-0.014409024
-0.014447801
-0.014599388
-0.01406525
-0.014179065
-0.017469932
-0.01713761
-0.017490484
-0.017474071
-0.01677911
-0.016302299
-0.016717378
-0.016631694
-0.017108208
-0.016766567
-0.016396036
-0.017420307
-0.01732945
-0.016932211
-0.017202403
-0.015989891
-0.015562112
-0.015945346
-0.01793487
-0.018122726
-0.018348323
-0.01872622
-0.01827746
-0.019074603
-0.01899385
-0.019293782
-0.018877606
-0.018654755
-0.018398623
-0.019066672
-0.019368187
-0.019478933
-0.019629463
-0.018485728
-0.018538164
-0.018822294
-0.020099611
-0.020073377
-0.020188625
-0.020087646
-0.020037792
-0.020249423
-0.020256018
-0.020118859
-0.020120708
-0.019999065
-0.020093664
-0.020204236
-0.020281673
-0.019950277
-0.019825467
-0.019847185
-0.019663942
-0.020285221
-0.020325769
-0.020260084
-0.020206012
-0.02028067
-0.020020021
-0.020132031
-0.020121341
-0.020185946
-0.02021698
-0.020332922
-0.020311948
-0.020302874
-0.020262912
-0.020283293
-0.020274526
-0.020213497
-0.020203865
-0.020244166
-0.02015711
-0.020304427
-0.020306516
-0.020334146
-0.0095207663
-0.0088834279
-0.0087521009
-0.008217951
-0.008983747
-0.0097278387
-0.0090466477
-0.0075296172
-0.0074328306
-0.0068828397
-0.0076217007
-0.0076133211
-0.0083437235
-0.0075936787
-0.0068226626
-0.0090700763
-0.0097693018
-0.0090538169
-0.0083202229
-0.0089991203
-0.0096444058
-0.0089101515
-0.0075703243
-0.0061007428
-0.0060321724
-0.0053669744
-0.0061328119
-0.0061288533
-0.00462275
-0.0045872303
0.0079168612
0.0079660757
0.0080012725
0.0069738012
0.0059232264
0.0059450004
0.008019782
0.0059294311
0.0059483352
0.0048747648
0.0059535259
0.0069988828
0.0080206531
0.0048889047
0.0038096563
0.0038136052
0.0038053436
0.0027272655
0.0016471362
0.0016383433
0.0037843427
0.0080038848
0.0079705447
0.0069634809
0.0058972654
0.0079239412
-0.010409729
-0.010297423
-0.01115233
-0.01047525
-0.010496043
-0.011866203
-0.011798448
-0.012480285
-0.01185461
-0.011775615
-0.011192293
-0.011884667
-0.012546851
-0.010472354
-0.010404092
-0.011044189
-0.010290701
-0.013190516
-0.013176773
-0.013793969
-0.013154204
-0.014397501
0.00186344
0.00078885561
0.002070895
0.0029430674
0.0040151446
0.0022700174
0.0011947208
0.0045492105
0.0043857022
0.0054117954
0.004207329
0.0033363689
0.0024601578
0.0050704714
0.006101095
0.006263188
0.0070993753
0.0080574493
0.0064107191
0.0026401379
0.0015810389
0.0028076783
0.0036796523
0.0046959717
0.0029569327
0.0019380231
-0.013057743
-0.012587692
-0.013527455
-0.012080118
-0.011590496
-0.011081223
-0.010544577
-0.011537061
-0.01254926
-0.0087582367
-0.0093804466
-0.008248208
-0.0099768192
-0.010478644
-0.010961189
-0.0094570645
-0.0089207053
-0.0083347741
-0.0077233133
-0.0071852566
-0.006635007
-0.0060185311
-0.0070869916
-0.010355649
-0.011423191
-0.0097248321
-0.0092513139
-0.0081130861
-0.0090763529
-0.010175274
-0.0069231599
-0.0057623787
-0.0072002822
-0.0080694941
-0.0091891464
-0.0074662315
-0.0063144362
-0.0099051037
-0.0096820603
-0.010735377
-0.0094431582
-0.0085907191
-0.0077202156
-0.010274436
-0.011318863
-0.011540249
-0.012315692
-0.013256868
-0.011745301
-0.007960969
-0.0068338396
-0.0081865583
-0.0090537799
-0.010111601
-0.0083937897
-0.0073096243
-0.0048486615
-0.0040954148
-0.0047497496
-0.0033336177
-0.0034221674
-0.003503363
-0.0027328883
-0.002565532
-0.0032392994
-0.00040381774
-0.0011814885
-0.00047643745
-0.0019583801
-0.0018791122
-0.0017937571
-0.002031481
-0.0020977001
-0.0013222747
-0.00054558018
-0.00061039187
-0.00066892379
9.658949e-05
0.00023120634
-0.001021002
-0.0017010365
-0.000250048
-0.00032835843
0.00037317686
0.0005167212
-0.00016537027
0.0027950703
0.0027460671
0.0020490159
0.0026890297
0.0034438527
0.0041950426
0.0041352577
0.0026257601
0.0019311145
0.0039095185
0.0039921712
0.0046575088
0.0040674496
0.003314093
0.0025570818
0.0048157637
0.0055575007
0.0054818793
0.0053987276
0.0061304723
0.0068501003
0.006758521
0.0053090758
0.0024833054
0.001797467
0.0024040469
0.0031574426
0.0038189642
0.002316993
0.0016517824
0.0070703974
0.0072781476
0.0064241294
0.0057572157
0.0074698037
0.0062695035
0.0061139872
0.0054120678
0.0059431352
0.0068006275
0.0076436436
0.0050737902
0.004377282
0.004544446
0.0036708653
0.0077989178
0.0079359403
0.0071123949
-0.0016365737
-0.00091604229
-0.0026069704
-0.0023548776
-0.0030667293
-0.0035741637
-0.0028532741
-0.0059144409
-0.0049786633
-0.0056572535
-0.004028344
-0.0042833819
-0.0045329661
-0.0037681514
-0.0044551665
-0.0053929584
-0.0051227892
-0.00547842
-0.0047770568
-0.0064054443
-0.0061638189
-0.006641184
-0.0046008261
-0.0038452376
-0.0045688952
-0.0053520352
-0.006090587
-0.0045283312
-0.0037801719
-0.0059143975
-0.0059831417
-0.0066821945
-0.0060418904
-0.005264216
-0.004479777
-0.0068112191
-0.0075099436
-0.0074394755
-0.0081832344
-0.0088277021
-0.007359737
-0.004423423
-0.0036895881
-0.0043588034
-0.0051389586
-0.0058353729
-0.004283733
-0.0035764789
-0.003723992
-0.0044462378
-0.0051660979
-0.0042857302
-0.0033926372
-0.0041099897
-0.0058780166
-0.0062033368
-0.0055176733
-0.0053141776
-0.0048192144
-0.0057058196
-0.0065777123
-0.0039208782
-0.0030143346
-0.0037193409
-0.0044131669
-0.0035056754
-0.0025979618
-0.0072615972
-0.0079266148
-0.0070757406
-0.010911466
-0.010135426
-0.011515019
-0.011663919
-0.012386394
-0.012105582
-0.011351012
-0.014048041
-0.013512292
-0.014159961
-0.012958093
-0.012826672
-0.01268089
-0.013074859
-0.013725701
-0.014255505
-0.014334588
-0.014895009
-0.014765539
-0.013238792
-0.012520995
-0.013777238
-0.013920152
-0.014564903
-0.01429492
-0.013621484
0.00093393168
0.00099767628
0.0013533747
0.00086454059
0.00079338865
0.0017728159
0.0018386717
0.0020495095
0.0016321937
0.0015613409
0.0012133392
0.0017028651
0.0021905787
0.00072249318
0.00065250991
0.0010718404
0.00058281902
0.00051147606
0.0014880417
0.0026053816
0.0026764397
0.0030165565
0.0025348857
0.0024652737
0.0034253267
0.0034953654
0.0073143031
0.0082967503
0.0066933603
0.0062998125
0.005261751
0.0060632296
0.0070782094
0.0033272459
0.00397554
0.002910687
0.0046207377
0.0050276969
0.0054260355
0.0042059974
0.0031381183
0.0024895094
0.0020650421
0.0047840063
0.0058151904
0.0041396093
0.003737584
0.0045303576
-0.013588632
-0.014031705
-0.013634504
-0.013100938
-0.012573868
-0.013664232
-0.014149094
-0.012556658
-0.012577509
-0.011981218
-0.012583297
-0.013139124
-0.013677426
-0.012010895
-0.011414714
-0.011390931
-0.010788089
-0.013674072
-0.014197756
-0.013654741
-0.013115134
-0.014174578
0.00090373542
0.0009712981
0.0010404598
0.00028301436
-0.00047448719
-0.00040855091
0.0011090032
-0.00020580253
-0.00027366612
-0.00096403584
-0.00034130294
0.00041789946
0.001175978
-0.0010999839
-0.0018568308
-0.0017883943
-0.0017201005
-0.0024710644
-0.0032142732
-0.0031459382
-0.0016521676
0.001241071
0.0013046683
0.00055159633
-0.00013703722
0.0013688692
0.0045672801
0.0049127404
0.0052518896
0.0045066327
0.0037543854
0.0040868045
0.005580742
0.005021396
0.0047218026
0.0042756532
0.0044099174
0.0051573631
0.0058969712
0.0036560824
0.0028973045
0.0032166435
0.0035243798
0.0027701863
0.0020154151
0.0061989542
0.006485747
0.0057589838
0.0015249839
0.0010897319
0.0010277096
0.0019633326
0.0023990968
0.00052645235
9.2160786e-05
0.0008833919
0.001391076
0.0018173093
0.0018966303
0.00096030058
2.3435431e-05
0.0028292658
0.0032517612
0.0027461724
0.0036649574
-0.00047955403
-0.00091200868
-0.00098120712
-5.1020003e-05
-0.0019022923
-0.017840187
-0.017412031
-0.017834393
-0.016948602
-0.016945201
-0.01692073
-0.016436159
-0.016451908
-0.01693103
-0.014799765
-0.015374318
-0.014779157
-0.015920225
-0.015932488
-0.015923919
-0.015887201
-0.015833332
-0.015300876
-0.014739453
-0.01468056
-0.014601683
-0.015366678
-0.015894314
-0.014782572
-0.014801075
-0.014743109
0.0073781669
0.0071659311
0.006935229
0.0075772824
0.0077594306
0.0064768369
0.0062850167
0.0063199176
0.0068125034
0.0069537878
0.0072927436
0.0066532988
0.0060054892
0.0079227779
0.0080664363
0.0075780575
0.0081904391
0.0055231454
0.0053501066
0.0050313514
0.0056784972
0.0043795648
0.00098146736
0.0014762958
0.001969864
0.0024454699
0.0029153371
0.0034129148
0.0024616021
0.0048753226
0.0043936399
0.0053463172
0.0039059063
0.0034309698
0.0029502244
0.0043737894
0.0048336816
0.0053234482
0.0058072484
0.006256568
0.0066934062
0.0034341372
0.0039113972
0.0043961566
-0.01542566
-0.015360083
-0.015925353
-0.016388886
-0.015274837
-0.016048446
-0.016182281
-0.016577023
-0.016295811
-0.015747759
-0.015170471
-0.016813318
-0.017196663
-0.017074029
-0.01753738
-0.015047219
-0.014905008
-0.015490353
-0.002109425
-0.0016131954
-0.002314459
-0.0025128123
-0.001112154
-0.00098720824
-0.0014981922
-0.0016806308
-0.0020070218
-0.0013084983
-0.00060853297
-0.0027024594
-0.0028824934
-0.0023702332
-0.003052727
-0.00010411678
0.00039985513
-0.0002928537
-0.0028293104
-0.0028838992
-0.0029369987
-0.0021805202
-0.0014204303
-0.0014707923
-0.0029867233
-0.00160998
-0.0015659724
-0.00085187021
-0.0015195467
-0.0022781465
-0.0030322717
-0.0007581237
4.7217296e-06
-4.544898e-05
-9.2757895e-05
0.00066437159
0.0014166361
-0.0030734307
-0.0031106487
-0.0023640757
0.00027692185
8.1119225e-05
-0.00024103247
0.00047578622
0.00067291727
-0.00076164879
-0.0009543042
-0.00089838703
-0.00037500186
-0.00018457006
0.00014915033
-0.00056761215
-0.0012824163
0.00086611041
0.0010543237
0.00052846688
0.0012373718
-0.0018013271
-0.0019942423
-0.0023169118
-0.0016100411
-0.0030176437
-0.00068594213
-0.001456802
-0.0012077924
-0.0017296533
-0.0022283546
-0.0040354801
-0.0032717528
-0.003786355
-0.0025026304
-0.0027520585
-0.0029975368
-0.002249689
-0.0027658517
-0.0035325961
-0.0032755712
-0.0037750832
-0.0042941671
-0.0037614351
-0.0045169866
-0.0042791393
-0.0047923835
-0.0052610074
-0.0083569089
-0.0076194963
-0.0078706476
-0.0073697953
-0.0068675466
-0.0050752867
-0.0058492774
-0.0053248594
-0.0066146514
-0.0063638903
-0.0061041571
-0.0068559948
-0.0063312664
-0.0055663031
-0.005798289
-0.0053322142
-0.0045547626
-0.0048184385
0.0040718062
0.0031569365
0.0048299968
0.0049829399
0.0058858168
0.0055787545
0.0046619424
0.0080911261
0.0073729029
0.0082441408
0.0066370827
0.0064833673
0.0063147851
0.0067756564
0.0076476769
0.0083791971
0.008496543
0.0093156095
0.0090936595
0.0070346976
0.006132446
0.0077345477
0.0079207584
0.008789181
0.0084088982
0.0075359164
0.017435395
0.017849122
0.016986182
0.016976625
0.016474811
0.016499078
0.016959532
0.014897624
0.015456876
0.014878222
0.01598312
0.01599777
0.015976297
0.015932416
0.015352224
0.014824939
0.014737655
0.01409319
0.014264074
0.015420307
0.015918149
0.014834077
0.014883041
0.01430715
0.014221307
0.014749176
0.017133424
0.016905737
0.016615692
0.016637008
0.01716071
0.017647343
0.017377884
0.016329814
0.016076929
0.016338457
0.016722324
0.01686033
0.017069123
0.01654532
0.015985924
0.017555724
0.018003536
0.017693423
0.017345336
0.017790856
0.018193827
0.015606909
0.015392466
0.015194318
0.015782227
0.014577403
0.019458389
0.019508238
0.019172503
0.019361682
0.019217933
0.018843833
0.01893941
0.01810046
0.018513962
0.018280749
0.01888678
0.018701921
0.01847384
0.019027725
0.018792218
0.018418701
0.018513288
0.01806412
0.018202992
0.017616597
0.017878767
0.01731435
-0.0031792116
-0.0040879719
-0.0022934029
-0.0022564517
-0.0013249724
-0.0013994884
-0.0023293572
0.0013641167
0.00046910623
0.0014012683
-0.00042818168
-0.00046557985
-0.00050178858
-0.00038961542
0.00054488983
0.0014374243
0.0014731043
0.0023875089
0.0023276046
0.00039553221
-0.00053644928
0.0012878338
0.0013260712
0.0022541819
0.0021690007
0.0012512252
0.011846251
0.011103854
0.011477152
0.010334318
0.01070673
0.01106125
0.010286187
0.009541581
0.0099444805
0.0078418931
0.0086742991
0.0082118056
0.0094897968
0.0091179933
0.0087292081
0.0098436736
0.010178204
0.0093811658
0.0085656721
0.0089014482
0.0092158249
0.0084090275
0.0077325426
0.0079006507
0.0083238304
0.0070596587
0.0074574632
0.0069946405
0.0062103293
0.0066484276
0.0014487926
0.0019511703
0.0023779511
0.0024566513
0.0015120386
0.00056183262
0.0010662351
0.0029608875
0.0033945249
0.0025674544
0.0020706526
0.0016183024
0.0015697862
0.0025187336
0.0034609522
0.00061697041
-0.00033651442
0.00016651597
0.00066646741
-0.00028337778
-0.0012256653
-0.00073215234
0.0011625571
0.0039546553
0.0043940757
0.0044403783
0.0035096268
0.0030593696
0.0049178724
0.0053550522
0.01079557
0.010013141
0.011408241
0.011557676
0.012295716
0.01199919
0.011227285
0.013993986
0.013456075
0.014136635
0.01288948
0.012742776
0.012565846
0.013005674
0.013683733
0.014247207
0.014325891
0.014927374
0.014781716
0.013105588
0.012359888
0.013615504
0.013819799
0.014501467
0.014091792
0.013384309
0.012889208
0.013598735
0.012483725
0.012142692
0.011363197
0.012060919
0.012798281
0.010038398
0.010494317
0.00966996
0.01093617
0.011292278
0.011621873
0.010554691
0.0097213404
0.0092793214
0.0088680961
0.0080015451
0.008822768
0.011168021
0.011923206
0.010701163
0.010382881
0.0095693601
0.010223601
0.010989235
0.0073306896
0.0077468411
0.0081511377
0.0074684105
0.0067750683
0.0071700564
0.0085390327
0.0082502917
0.0079094852
0.0075668904
0.0075489435
0.0082339236
0.0089077575
0.0068539908
0.0061502449
0.0065218517
0.0068742888
0.0061748019
0.0054705921
0.0058123919
0.0072059331
0.0092553814
0.009580672
0.0089222732
0.0085713229
0.009884035
0.0099498654
0.0094448042
0.010670788
0.010435359
0.010900159
0.011375598
0.010883911
0.012948257
0.012286802
0.012704297
0.011603573
0.011843457
0.012061457
0.011342443
0.011760222
0.012438003
0.012151052
0.012511147
0.01309399
0.012725706
0.0122576
0.013365582
0.013168834
0.013586525
0.013978109
0.013539412
0.0031373746
0.0031104055
0.0038886099
0.0046342432
0.0030776616
0.004507383
0.0045567057
0.0052799204
0.0045990137
0.0038218276
0.0030398117
0.0053697982
0.0060918151
0.0060441084
0.0067970933
0.0074824942
0.0059898544
0.0029970043
0.0029487696
0.0037293127
0.0044506757
0.002893152
0.015889174
0.015352433
0.016273057
0.016390669
0.016854357
0.016635978
0.016115841
0.017869504
0.01755495
0.017951599
0.017216361
0.017115945
0.016976854
0.017277948
0.017659465
0.017993966
0.017996924
0.01828773
0.018304153
0.017294504
0.016799895
0.017587644
0.017747897
0.018159409
0.017854827
0.017390953
0.018602584
0.018602677
0.018875968
0.019105041
0.018561267
0.018793128
0.01893936
0.019058374
0.0190434
0.018773409
0.018478588
0.01928811
0.019424142
0.019298487
0.019512671
0.019554107
0.019130378
0.018354912
0.018190539
0.018503563
0.018604584
0.017985306
0.016113333
0.016349185
0.015578871
0.015841592
0.015534105
0.015014847
0.015289169
0.01374165
0.014365067
0.01399105
0.014963011
0.014706701
0.014423618
0.015191929
0.014816679
0.014214556
0.014410763
0.013807526
0.014113912
0.01316915
0.013467425
0.012846526
0.0047534227
0.0052331289
0.0056022646
0.0057085376
0.004845368
0.003970807
0.0044436656
0.006175632
0.0065591527
0.0058076947
0.0053636625
0.0049387503
0.0049085723
0.0057763942
0.0066317899
0.0040307598
0.0031455448
0.0036086725
0.0040611017
0.0031789641
0.0022971132
0.0027418283
0.0045019868
0.0070750795
0.0074726548
0.0075041304
0.0066640979
0.0062402023
0.0079189803
0.0083240556
0.0091723689
0.0089543904
0.009924258
0.0093679945
0.009542428
0.010660407
0.010457087
0.01168834
0.010993926
0.011123759
0.010278031
0.010839269
0.011377364
0.0096953908
0.0098260855
0.010537474
0.009933072
0.012072149
0.011891295
0.012741959
0.012228473
0.013227616
-0.0020815503
-0.0016149809
-0.0011929678
-0.001141921
-0.002040262
-0.0029371685
-0.0024632787
-0.00066491157
-0.00024372966
-0.0010213222
-0.0015044847
-0.0019191771
-0.0019853964
-0.0010859554
-0.0001858665
-0.0028812171
-0.0037697742
-0.0032921635
-0.0028119008
-0.0036946166
-0.0045609929
0.00029372789
0.00071302587
0.00077279986
-0.00012260053
0.0016608016
0.01463922
0.014400664
0.015165304
0.014844194
0.015015561
0.015667113
0.015464306
0.01639692
0.015964687
0.016059107
0.015503826
0.015833871
0.016142351
0.015152837
0.015255465
0.015700503
0.015322628
0.016589104
0.016428926
0.017005684
0.01671274
0.017275613
0.013823387
0.013755213
0.013400831
0.013862881
0.01387162
0.012956113
0.012921459
0.012439595
0.012936795
0.012881924
0.01341443
0.012961558
0.01249112
0.013848948
0.013794989
0.01330622
0.013710722
0.012007475
0.01200355
0.011506625
0.011980737
0.011017695
0.011027214
0.011769109
0.010556539
0.010258484
0.0094667582
0.010065997
0.010838531
0.0079345612
0.0084607862
0.0076323972
0.0089719351
0.00927272
0.0095572149
0.008655565
0.0078283647
0.0073169618
0.0069890508
0.0061423067
0.0067898176
0.0090322279
0.0098242538
0.0084937794
0.0082222686
0.0073949636
0.0079460234
0.0087459773
0.0072147969
0.0064673215
0.0069357983
0.0066448321
0.0057070107
0.0043341966
0.0051128274
0.0048020985
0.0058835809
0.0054146949
0.0049369191
0.006342506
0.0060299966
0.0052612138
0.0057091819
0.0053833689
0.0044838744
0.0041598636
0.0033787351
0.0038592705
0.0035492219
0.0025964333
0.0044694849
0.0040130697
0.0035382099
0.0025957243
0.0035495401
0.0011857163
0.0016579312
0.00070704364
0.0021282977
0.0026064164
0.0030803597
0.001646805
0.00069576595
0.00022715102
-0.00025275042
0.0026072954
0.0021327744
0.0016616232
0.016042631
0.016540355
0.015711425
0.015513034
0.014953845
0.015355989
0.015884381
0.013813866
0.014215617
0.013606259
0.014595858
0.014799349
0.014977343
0.014367352
0.013755925
0.013375562
0.01312235
0.012470096
0.012972979
0.014576837
0.015128918
0.014156309
0.013997601
0.013391628
0.013718369
0.014287697
0.014842944
0.015264134
0.015375878
0.015884159
0.015663126
0.016994368
0.016649892
0.017100252
0.016279559
0.016170473
0.016038575
0.016365657
0.016818464
0.017182336
0.017240597
0.017629643
0.017520397
0.016389121
0.01671319
0.01686507
0.017312068
0.017008568
0.0075893392
0.0072462233
0.0067486581
0.0058914859
0.0068894251
0.004781977
0.0051618092
0.0042819976
0.0055319521
0.0060317334
0.0065199039
0.005021827
0.0041435158
0.0037743197
0.0032607056
0.0061391975
0.0057496235
0.0052721102
0.0095126944
0.010055234
0.010266183
0.011002953
0.010580691
0.012514915
0.012032908
0.012724926
0.011528512
0.011317521
0.011087202
0.011719734
0.012413483
0.012913687
0.013080975
0.011572759
0.01203492
0.012284431
0.019313832
0.01909354
0.019029909
0.018703649
0.018847967
0.017851414
0.018159231
0.017754717
0.018443452
0.018524019
0.018577853
0.018336401
0.017929788
0.017632837
0.017486048
0.018284047
0.01796758
0.017922558
0.0097147842
0.0089826417
0.0099701344
0.010435645
0.011141401
0.010211226
0.0094873634
0.011813991
0.011606647
0.012274877
0.011382314
0.010918222
0.010437578
0.011828952
0.012495605
0.012716879
0.013138654
0.010648396
0.0099416339
0.010842483
0.011335829
0.010336955
0.006304888
0.0070028517
0.0067870047
0.0072574998
0.0076936007
0.0092893351
0.0086238706
0.0090649172
0.0079461857
0.0081663501
0.0083746745
0.007714646
0.0081564906
0.0088282017
0.0085805093
0.0090437594
0.0096985433
0.0095006403
-0.018179602
-0.018350772
-0.01773257
-0.01796417
-0.017704663
-0.017244804
-0.01746497
-0.016107566
-0.016677338
-0.016331714
-0.017210184
-0.016982083
-0.016718564
-0.017402132
-0.017058263
-0.016521557
-0.016675665
-0.016258541
-0.015946991
-0.016156218
-0.016420004
-0.015560546
-0.015850216
-0.015502303
-0.014934725
-0.015238508
0.001785374
0.0013680404
0.0012621881
0.0022058053
0.0026240324
0.00073280872
0.00031581652
0.0010262487
0.0015622724
0.0019707541
0.0020954608
0.0011491094
0.00020066016
0.0030369729
0.0034424943
0.0029098826
0.0038391454
0.0042270741
0.0023739531
-0.00033163081
-0.00074735832
-0.00086197863
8.0553408e-05
0.00048839877
-0.001389741
-0.0017967897
-0.015794311
-0.01566393
-0.015503046
-0.015024709
-0.014512293
-0.014345608
-0.015310639
-0.013669168
-0.013923748
-0.013178077
-0.014149424
-0.014635433
-0.015087018
-0.013630537
-0.013080019
-0.012883164
-0.012656739
-0.012107419
-0.011531951
-0.011307597
-0.012400959
-0.014833182
-0.014550894
-0.014127686
-0.013386798
-0.014243237
-0.011712948
-0.010915702
-0.011865751
-0.012488834
-0.013238119
-0.011991527
-0.0112116
-0.013534465
-0.01346542
-0.01415433
-0.013366526
-0.012743689
-0.012090218
-0.013956601
-0.014640661
-0.014739414
-0.015286815
-0.012161378
-0.011408653
-0.012204131
-0.012883082
-0.011502777
0.0049504694
0.0046067005
0.0044182035
0.0052888942
0.0056169376
0.003876836
0.0035396001
0.00396754
0.0045244103
0.0048315717
0.0050745685
0.0042058116
0.0033286872
0.0059321351
0.0062329755
0.0056834594
0.0065185424
0.0067891929
0.0051270059
0.0027756294
0.002445093
0.0022191672
0.003095419
0.0034047771
0.0016599365
0.0013425598
-0.011528858
-0.010756112
-0.011063117
-0.0099546803
-0.01042451
-0.010873965
-0.010068014
-0.0091290394
-0.0094651927
-0.0075260862
-0.0083915442
-0.0079917665
-0.0092396935
-0.0087710438
-0.0082831971
-0.00968776
-0.010113301
-0.0092855688
-0.0084386942
-0.0088641742
-0.0092639894
-0.0084282613
-0.0075737728
-0.0074209902
-0.0077768862
-0.0065464821
-0.0070437521
-0.0066457061
-0.0056639144
-0.006034795
-0.0015870227
-0.00061900238
-0.002256464
-0.002558369
-0.0035276176
-0.0029223525
-0.0019475141
-0.0055005359
-0.0048527659
-0.0058018165
-0.0041945688
-0.0038918242
-0.0035821784
-0.0044896981
-0.0054397029
-0.0060925934
-0.0063722093
-0.0072805046
-0.0067354364
-0.0042332254
-0.0032668887
-0.0048721647
-0.0051899809
-0.0061359449
-0.0054942238
-0.0045508508
-0.0016870827
-0.0021179028
-0.0021513143
-0.0012457793
-0.0007988687
-0.0026140803
-0.0030518549
-0.0021742794
-0.0017193899
-0.0012661459
-0.0012604934
-0.0021691595
-0.0030726662
-0.00034927455
0.00010086993
-0.00035659419
0.00054998072
0.00099796444
-0.0008097408
-0.003525073
-0.0039686388
-0.0039698746
-0.0030769041
-0.0026247689
-0.0044071323
-0.0048490585
-0.010053223
-0.0096013322
-0.010828069
-0.010482274
-0.010887728
-0.011584509
-0.011150026
-0.013075599
-0.012371026
-0.012721361
-0.011641049
-0.011991675
-0.012318957
-0.011267998
-0.01162127
-0.012343842
-0.01194522
-0.01223591
-0.013040758
-0.013028138
-0.012622633
-0.013708768
-0.013405044
-0.01375305
-0.014357555
-0.013987125
-0.00099799794
-0.0019275982
-0.00060521461
-5.8341958e-05
0.00088519947
-0.00021170709
-0.0011522734
0.0020606805
0.0016719469
0.0026091539
0.0012798735
0.00073071683
0.00018151796
0.0018279154
0.0027655979
0.0031540501
0.0036937247
0.00057310638
-0.00036653832
0.00096114606
0.0015105439
0.00041582878
-0.0048930029
-0.0052701088
-0.0052199006
-0.0044981628
-0.0040902487
-0.0055376694
-0.00593447
-0.0049946603
-0.0047041504
-0.0042714454
-0.0044023276
-0.0051267307
-0.0058439868
-0.003672045
-0.0032456221
-0.003543268
-0.0028125519
-0.0023730029
-0.0038286675
-0.0061373121
-0.0065529339
-0.0064168031
-0.0057105573
-0.0052740485
-0.0066833753
-0.0071113203
-0.01029259
-0.011047254
-0.0097908145
-0.0095072501
-0.008695372
-0.0092754827
-0.010055833
-0.0071026429
-0.0076436076
-0.0067969123
-0.0081748151
-0.0084707951
-0.0087480006
-0.007860992
-0.0070083079
-0.0064764414
-0.0061423465
-0.0082100692
-0.0090047974
-0.0076637067
-0.0073922356
-0.0079131601
-0.013586989
-0.012899532
-0.013154382
-0.012690257
-0.012184362
-0.010456115
-0.011222879
-0.010701914
-0.011968266
-0.011717536
-0.011444787
-0.012196414
-0.011675165
-0.01092694
-0.011129696
-0.010564997
-0.010156999
-0.010684094
-0.0099058988
-0.010190577
-0.0096698128
-0.0091141139
-0.018310113
-0.01812363
-0.018139896
-0.018455187
-0.018556488
-0.017930796
-0.017800791
-0.017753188
-0.01805902
-0.018056021
-0.018327008
-0.018017174
-0.017683864
-0.01861287
-0.018623907
-0.018335264
-0.018589909
-0.018512523
-0.018008694
-0.017400079
-0.017327526
-0.017080427
-0.017427697
-0.017409735
-0.01672546
-0.016711952
-0.014963756
-0.014309319
-0.015306764
-0.01558724
-0.016175838
-0.015630454
-0.014991248
-0.017073377
-0.016796346
-0.017319795
-0.016496991
-0.016232613
-0.015933963
-0.016726478
-0.017236539
-0.017529956
-0.017703363
-0.016216256
-0.015602099
-0.016476108
-0.016791629
-0.016129733
-0.0089847984
-0.0081076109
-0.0095611294
-0.0098468412
-0.010688771
-0.010121162
-0.0092542464
-0.012294766
-0.011781644
-0.012569872
-0.011245844
-0.010964488
-0.010662765
-0.011506178
-0.012295009
-0.012822121
-0.013050998
-0.013768976
-0.013326212
-0.011183644
-0.010341827
-0.011681061
-0.011997874
-0.012783667
-0.012151152
-0.011347784
0.00046808869
-0.0004390725
-6.3684507e-05
-0.0005966405
-0.0013489601
-0.0033214392
-0.0024177494
-0.0029450576
-0.0015086407
-0.0018851841
-0.0022572788
-0.0011287324
-0.0016574202
-0.002563552
-0.0021794032
-0.0026896119
-0.0034647168
-0.0031599568
-0.0040527574
-0.0036910166
-0.0042172483
-0.0049311584
0.0058729216
0.0050337848
0.0049360115
0.0039842159
0.0041802622
0.0013887163
0.0022588956
0.0012911886
0.0031250043
0.0032230412
0.003316423
0.0030224633
0.0020554159
0.001191123
0.0010883103
0.00012837346
0.00032297536
0.0024462691
0.0015743657
0.0014833852
0.00051724035
0.00070702456
-0.0028481854
-0.0035783801
-0.0033191145
-0.0037849031
-0.0043059091
-0.0059482385
-0.0052344424
-0.0056841866
-0.0045128971
-0.0047745624
-0.0050282291
-0.0042438654
-0.0046939587
-0.0054117469
-0.0051324937
-0.0055550962
-0.0061214608
-0.0057429221
-0.0064475868
-0.0062028669
-0.0066532175
-0.0071401281
-0.018116023
-0.017857641
-0.017676421
-0.017196013
-0.017576049
-0.016258099
-0.016592138
-0.016043682
-0.01690494
-0.017103475
-0.017271996
-0.016676978
-0.016121706
-0.015801779
-0.015533221
-0.014915772
-0.015460196
-0.016946434
-0.016600586
-0.016444123
-0.015903394
-0.016236018
-0.0053330331
-0.0048390374
-0.0049882174
-0.0058214723
-0.0062994141
-0.0046325483
-0.0041467299
-0.0051955928
-0.0055733252
-0.0060246627
-0.0059415279
-0.0051088438
-0.004267962
-0.0067639211
-0.0072129199
-0.0068422945
-0.0076448475
-0.0080591663
-0.0064624363
-0.0038958522
-0.0034206333
-0.0035171316
-0.0043585396
-0.0048085014
-0.0031313286
-0.0026750052
-0.0041049751
-0.0044476831
-0.0033605784
-0.0037552022
-0.0033982755
-0.0026089916
-0.0029632495
-0.0011274746
-0.0018872268
-0.001520676
-0.0026446196
-0.0022502927
-0.0018529999
-0.0030351725
-0.0026673438
-0.0019111418
-0.0022969333
-0.0010951447
-0.0014529382
-0.0003380179
-0.000732928
5.7301863e-05
-0.00052846594
-0.00043425479
-0.0011911528
-0.0018541837
-0.000338096
-0.0015571103
-0.0016586084
-0.0023135681
-0.0017576938
-0.00099951174
-0.0002408439
-0.0025139992
-0.0031678478
-0.0030664824
-0.0038131908
-0.00014286615
-4.3982062e-05
-0.00079966637
-0.0087130816
-0.0084274903
-0.0082915921
-0.0089869741
-0.0092459234
-0.0078532997
-0.0075839798
-0.0078779709
-0.0083485156
-0.0085721897
-0.0088048933
-0.0081086471
-0.0074006429
-0.0094881089
-0.0097124246
-0.009253191
-0.0099184018
-0.010107013
-0.0087799086
-0.0069355467
-0.0066820111
-0.0064596132
-0.0071729508
-0.0073936462
-0.0059733803
-0.0057402747
-0.0075925544
-0.0078171629
-0.0080387185
-0.0073520149
-0.0070982348
-0.0084760478
-0.008712898
-0.0083756554
-0.0079603869
-0.0076833821
-0.0075343348
-0.0082247928
-0.008902715
-0.0068327039
-0.0065564226
-0.0069805871
-0.0062700551
-0.0093173166
-0.0095671073
-0.0097187936
-0.0090549414
-0.010364952
-0.010574824
-0.010066282
-0.0097740566
-0.0089495722
-0.0095384851
-0.0073090107
-0.0078703478
-0.0070101177
-0.0084176588
-0.0087139463
-0.008993278
-0.0081052264
-0.007244842
-0.0066977609
-0.0063727427
-0.0084329619
-0.0078605763
-0.0075931595
-0.0054035129
-0.005871929
-0.0050500605
-0.0046840096
-0.0063326877
-0.0060332199
-0.005593371
-0.0052064174
-0.0051432689
-0.0059691555
-0.0067832986
-0.004307709
-0.0039228404
-0.0043709944
-0.0035306654
-0.0072219113
-0.007647199
-0.006847975
-0.010530322
-0.01012737
-0.010675721
-0.010798244
-0.0097091723
-0.0094728263
-0.0099279681
-0.010002881
-0.010370013
-0.0098299839
-0.0092774605
-0.010896638
-0.010970491
-0.010519343
-0.011020148
-0.008833653
-0.0083788636
-0.0089309683
-0.014647141
-0.014915591
-0.01434644
-0.014016689
-0.015160317
-0.014662746
-0.014472386
-0.0140868
-0.014256836
-0.014830557
-0.015379775
-0.013659825
-0.013277424
-0.013488725
-0.012870914
-0.012441052
-0.013674248
-0.015573012
-0.015739575
-0.015214394
-0.014827924
-0.015879979
-0.012781909
-0.013396409
-0.013099457
-0.013393276
-0.013991465
-0.015086906
-0.014546389
-0.014783189
-0.013981398
-0.014282243
-0.014564479
-0.013662464
-0.013905993
-0.014461215
-0.014122473
-0.015113231
-0.01563562
-0.015371287
