FiniteElementSpace
FiniteElementCollection: H1_2D_P1
VDim: 1
Ordering: 0

-0.1592018
0.58844733
0.1591406
-0.5884928
-0.11961723
0.11970658
-0.18939068
-0.19943555
-0.18632115
-0.14811958
-0.085914366
-0.0033543595
0.095862863
0.20405757
0.31309988
0.41722595
0.50808374
0.57794002
0.62219794
0.63916022
0.62683222
0.52291779
0.43789655
0.3415092
0.24051308
0.14244407
0.054148619
-0.017721278
-0.068453695
-0.096332501
-0.099850693
-0.081415303
-0.04492213
0.0043772486
0.059622141
0.1132122
0.18904385
0.1994499
0.18633945
0.14831301
0.086004024
0.0030949861
-0.095277832
-0.20366664
-0.31345456
-0.41727755
-0.50758817
-0.57785025
-0.62306669
-0.6397958
-0.62695997
-0.52141507
-0.43800051
-0.34159084
-0.24045811
-0.1423404
-0.054128016
0.017776889
0.068470469
0.095967454
0.099535387
0.081185947
0.04485175
-0.0042634687
-0.059435893
-0.11333383
0.55642159
0.48402674
0.37527636
0.23927151
0.086544546
-0.071054347
-0.22113903
-0.35191532
-0.45318354
-0.51739847
-0.54010455
-0.52036462
-0.46077793
-0.36766418
-0.25047734
0.013769778
0.13555756
0.23613378
0.30574094
0.33798769
0.32992693
0.28209172
0.19828607
0.086130119
-0.044912475
-0.18351311
-0.316768
-0.43272721
-0.52175281
-0.57531749
-0.55561325
-0.4833159
-0.37511212
-0.23943223
-0.086966442
0.070730641
0.2211489
0.35159114
0.45326028
0.51720459
0.53978695
0.52025603
0.46115311
0.36816813
0.2504379
-0.013455345
-0.13578364
-0.23620005
-0.30566956
-0.33778177
-0.32960227
-0.28231815
-0.19834066
-0.086172344
0.044894461
0.18334207
0.31679091
0.43304871
0.52171189
0.57456806
-0.20105854
-0.2370031
-0.26282917
-0.27652804
-0.27671419
-0.26313898
-0.23659448
-0.19888377
-0.15268256
-0.10146889
-0.049073507
0.0017893487
0.04629257
0.081762629
0.1065118
0.11988615
0.10933258
0.089575126
0.063276189
0.033879089
0.0046083617
-0.020339804
-0.038587309
-0.04828465
-0.045695161
-0.032355357
-0.0078661203
0.026232987
0.067467936
0.11295699
0.20126355
0.23680059
0.26257056
0.27632964
0.27668515
0.26292664
0.23655061
0.19889385
0.15281936
0.10167315
0.048942881
-0.0013135107
-0.04567315
-0.081581638
-0.10661002
-0.1199164
-0.10935556
-0.08976259
-0.063449022
-0.033926878
-0.0048584527
0.02059192
0.038612536
0.047924797
0.046231316
0.032896103
0.007734212
-0.026445197
-0.067380574
-0.11288702
-0.15603036
-0.16122609
-0.30780363
0.034591326
-0.10998206
-0.16709685
0.046080442
-0.10191317
-0.36491804
0.25603616
-0.083367683
-0.058258484
0.30987628
-0.017025862
-0.21533274
0.4841093
0.039374565
-0.0055376604
-0.2147773
-0.33043551
-0.40116895
-0.42776264
-0.47116826
-0.50001246
-0.44488947
-0.51568643
-0.44990588
-0.51619487
-0.55340384
-0.54770725
-0.49990642
-0.52328797
-0.55605111
-0.51335413
-0.4668603
-0.48084054
-0.511057
-0.4602301
-0.41751401
-0.46606111
-0.40870389
-0.38015275
-0.30848983
-0.42267544
-0.35446757
-0.3927617
-0.43749703
-0.33177564
-0.3368939
-0.27462262
-0.18729541
-0.20922445
-0.072125204
-0.089040085
-0.25799344
0.048874783
-0.34532994
-0.37555477
0.042516712
0.19414874
-0.4719995
-0.48308515
-0.22550021
-0.52450978
-0.4648657
-0.4110924
-0.36673456
-0.4196753
-0.33136559
-0.29995418
-0.46389006
-0.38828428
-0.23457066
-0.25464552
-0.31601159
-0.17919073
-0.34899763
-0.10741516
-0.47189755
-0.35238002
-0.17325296
-0.27955031
0.05039784
-0.23722474
0.032579256
-0.38225386
-0.28111621
-0.11900427
-0.30554478
-0.22771126
-0.26868146
-0.082990732
-0.2112413
-0.26886397
-0.24057564
-0.26446062
-0.36743102
-0.15527902
-0.13282197
-0.28408918
-0.14045092
-0.10651263
-0.041413002
-0.056321582
0.15322833
0.35493611
0.2518112
0.36518683
0.32068691
0.18367413
-0.09435624
0.15354423
-0.084926097
-0.21724846
-0.30460985
-0.027235393
-0.16729855
-0.065446542
-0.020904872
-0.38610353
-0.432473
-0.34637543
-0.54153952
-0.44165371
-0.42920789
-0.5047239
-0.5433502
-0.50531082
-0.39384141
-0.24360722
-0.41875707
-0.30204394
-0.16940553
-0.33610498
-0.3596739
-0.1527529
-0.42096503
-0.549458
-0.37012361
-0.52591119
-0.22791525
-0.35230979
-0.13242673
0.031130381
-0.097082316
-0.065236837
-0.2432222
-0.5254201
-0.29206933
-0.20164251
-0.28300839
-0.24671295
-0.15018517
-0.45634864
0.42699281
-0.09852349
-0.19636633
-0.1343868
-0.10450121
-0.11923864
-0.1657765
0.050415696
0.092533737
0.016523667
-0.36298654
-0.096054872
0.16475444
-0.19415748
0.42691712
0.0030811152
-0.23321717
-0.027270446
-0.19450687
0.44221612
-0.14608536
0.14539605
0.54476889
0.51006169
0.074954298
-0.11320427
0.42462235
-5.2495106e-05
0.057975861
0.14269704
-0.41645121
0.55832655
0.12567717
-0.55798262
0.075662805
0.20469994
-0.3168841
0.43731447
0.18168724
-0.54597093
0.13002399
0.23685498
-0.44993505
-0.38680456
-0.23995527
-0.30064634
-0.12571163
-0.19737692
-0.023903772
-0.086614816
0.070381524
0.01805511
0.16428702
0.11287248
0.24020449
0.18874038
0.29097009
0.34699544
0.23965265
0.36805691
0.42507534
0.41406527
0.46906902
0.35634069
0.13416637
0.47765436
0.51636231
-0.025064956
0.14617974
0.1973137
0.36928767
0.31346342
0.47515323
0.51561386
0.52062463
0.11721455
0.16758921
0.22070938
0.19148784
0.21490301
0.098885381
0.18681414
0.45030958
0.44545188
0.4787673
-0.23884883
0.29396503
0.2405955
0.54211456
0.48692848
0.34930971
0.241919
0.54970832
0.03414061
0.18085922
0.17379224
0.17152466
0.38754929
0.49730083
-0.42839542
0.30134369
0.34644753
0.38781967
0.30195919
0.21807109
0.17003319
0.50869702
0.56087064
0.15604611
0.12444717
0.11876726
0.18749583
0.55504124
0.51429884
0.41217215
0.28910645
0.30078137
0.15314166
-0.16279299
0.16844486
0.13999318
0.10084426
0.16593074
-0.21771664
-0.11472612
-0.20864445
-0.016624966
-0.087095079
-0.15982054
-0.016584673
0.088558812
0.22770626
0.32633166
0.17519569
-0.32249669
-0.49748697
-0.45191135
0.064838381
0.11159709
0.051396235
0.51567868
-0.59304141
0.15104039
0.17656217
-0.012629313
0.15762894
0.55107225
0.31166509
0.40187316
0.19219073
0.42472046
0.07417586
-0.1328089
-0.26973033
-0.36336504
0.2952876
-0.52112482
0.56966077
0.26125676
0.40235303
0.35834471
0.25319178
0.2175301
0.27302942
-0.30282434
0.17245034
0.32493509
-0.60110394
0.44897118
0.27168964
0.26123876
0.054566322
-0.3912153
0.55728015
0.20035483
0.034272911
-0.51156634
0.063950855
0.14464842
0.031774778
0.35502256
0.41386878
0.29984312
0.15506715
0.22302267
-0.59432873
0.30267143
-0.34993878
0.15001716
0.57013492
0.16922459
-0.030000777
0.24502823
0.50843239
0.1171568
0.074291545
-0.035183464
0.18837751
0.41490748
-0.12158119
-0.20233137
-0.19640491
0.16748907
0.48207817
-0.27993734
-0.12396241
0.17721431
-0.28565662
-0.11779056
0.43836908
-0.049362597
-0.27874255
0.62100012
-0.20912019
-0.1726466
0.64322463
-0.025152932
-0.23560866
0.28055286
0.22641314
0.11351245
0.15539004
0.046061548
0.07358536
0.18000614
0.085785507
0.18409568
0.08027046
-0.007589873
-0.017672422
0.05726334
-0.041346055
-0.090404021
-0.027849942
0.017118527
-0.077643887
-0.12037156
-0.1475638
0.12890592
-0.1727644
-0.18709236
0.070901595
0.19253703
-0.17967156
-0.2036278
0.2830282
0.11574027
0.24408968
0.31574148
-0.0013242278
0.37036623
0.42996913
-0.19314248
-0.19192144
0.4778894
-0.2146248
0.52395333
0.5654604
-0.053936313
-0.11746687
0.33810968
-0.09996851
-0.1758877
-0.18947152
-0.23328566
-0.2215375
-0.16196818
-0.19606821
-0.19916187
-0.24009105
-0.17242245
-0.22686618
0.02305262
-0.20035007
0.45557251
-0.21515634
-0.22940473
-0.19951743
-0.20338643
-0.16812325
-0.16685765
0.27532275
0.40061488
-0.23848199
-0.15009957
-0.1915994
-0.24100075
-0.25069549
0.53197415
0.45069739
-0.26161692
-0.11994845
-0.22635321
-0.20320452
-0.25189967
-0.26828672
0.058480399
-0.085793397
0.039289375
0.16370769
-0.24380976
0.32008877
0.38776448
0.56630688
-0.084381105
-0.28506147
-0.27334611
-0.17585249
-0.26171384
-0.26379589
-0.29388311
0.53507567
0.52868548
0.60513708
0.62906285
0.59219431
-0.038573285
0.0069491044
-0.02239426
0.26608389
-0.011200419
0.16628828
-0.137968
-0.16168667
-0.10072407
-0.19400811
-0.12244598
-0.22924249
-0.15596539
-0.22044901
-0.036589929
0.24622126
-0.14491964
-0.099808764
-0.23848665
-0.084734967
-0.08997274
-0.16371728
-0.15749893
-0.26419312
0.35921996
-0.23527346
-0.078094151
-0.22255024
0.59738256
-0.15496517
0.27670161
-0.085613959
0.3722127
-0.18387405
-0.20741772
-0.17446372
0.36127167
-0.082723861
-0.21008167
0.64227304
-0.11660558
0.43443599
-0.18520509
-0.2483473
0.02168159
0.14120403
0.30606302
0.020165063
-0.20706856
0.61671212
-0.24619115
-0.15736265
-0.092196793
0.43247859
-0.27939843
0.50315052
-0.2736923
-0.11866358
-0.22844568
0.49256418
-0.030968898
0.19370788
-0.26460328
-0.49614267
0.12760422
-0.031970925
0.020176941
0.25664655
0.15813466
-0.10253819
0.03595707
0.30444845
-0.45744853
0.40023574
0.22750708
-0.30093469
0.14283345
0.47336665
-0.3751628
-0.28916198
-0.17550285
-0.20071816
-0.090982692
-0.11678251
-0.20472475
-0.12183286
-0.18722808
-0.10613223
-0.05035774
-0.037264317
-0.072162501
-0.0070094977
0.0038325683
-0.017578834
-0.022847575
0.037044516
0.040672681
0.079157963
-0.097100223
0.068038759
0.10159842
-0.031143665
-0.10947205
0.12489497
0.14205389
-0.27334016
-0.030771918
-0.10936905
-0.19249492
0.039071082
-0.18749777
-0.27437317
0.10430387
0.14037248
-0.25820058
0.17303142
-0.34852128
-0.30740996
0.027481556
0.084347019
-0.37885887
0.038062973
0.11858892
0.18043041
0.1889101
0.12761782
0.045672266
0.055218195
0.050321349
0.26568234
0.14362731
0.19789097
0.048187719
0.25069717
-0.34704734
0.039781909
0.053213897
0.043421566
0.061039501
0.088498463
0.15798323
-0.23408129
-0.16393695
0.33974915
0.12264602
0.17770468
0.081082864
0.053090417
-0.42289174
-0.39665793
0.16665268
0.15206579
0.20508928
0.0080712597
0.22022364
0.11198095
-0.13073952
0.14054185
0.082914107
-0.0015309224
0.24910235
-0.04528294
-0.45497672
-0.48648805
-0.0055216378
0.21566113
0.24474636
0.29217225
0.39188736
0.33300147
0.25076576
-0.15361268
-0.21069012
-0.26627236
-0.3699963
-0.41016685
0.013766074
-0.046118572
0.085973178
-0.29221892
-0.044251086
-0.15009076
0.14534098
0.072180116
0.014372242
0.074584441
0.089082267
0.022016416
0.037943799
0.18407651
0.035868186
-0.17938917
0.031203193
0.098089791
0.003431912
0.086614353
0.011033692
-0.041352967
0.21345263
0.057316373
-0.26384222
0.22127488
0.19825751
0.47924739
-0.19009873
0.045989235
-0.093191527
0.12626029
-0.31689549
0.060851892
0.32461622
0.012096809
-0.35291014
0.10731279
0.086594085
-0.40507721
0.061209546
-0.43489468
0.20806867
0.41019739
0.073130173
-0.0170487
-0.075194694
0.16519951
0.53158403
-0.19812854
0.11870682
0.16343572
0.094377906
-0.14333425
0.17865923
-0.45667779
0.23479048
0.18885029
0.39680066
-0.22394628
0.23125112
-0.30777848
-0.087826172
-0.14970263
0.4129565
-0.055314163
-0.55752722
-0.057919858
0.1582765
-0.51602994
0.5613202
-0.16722841
-0.20941891
-0.10477636
0.44361738
-0.23806279
0.60373685
-0.17293168
-0.2297863
-0.34114052
-0.31766568
-0.43112645
-0.40265555
-0.4926451
-0.45689573
-0.5182147
-0.47466413
-0.50441304
-0.45420684
-0.45077687
-0.39618428
-0.36259994
-0.30639101
-0.33896333
-0.24451855
-0.2516372
-0.28505247
-0.20351328
-0.23731759
-0.14286609
-0.41449715
-0.28783983
-0.24134562
-0.49772805
-0.29919208
-0.1580843
-0.10423047
-0.021805976
-0.1994317
-0.20554846
-0.2598795
-0.21284447
-0.0555302
-0.0037353996
0.10892505
0.15395592
-0.11067015
0.26766406
-0.31223835
-0.17449191
-0.18303422
-0.54833531
0.0048924922
0.10583533
-0.18438334
-0.25101001
-0.079508664
0.015558132
-0.20414991
-0.361765
0.3001125
0.22516272
0.37097723
-0.30445624
-0.16287383
-0.43262564
-0.060576104
-0.36839984
-0.16207877
-0.070353576
0.18367092
0.32779745
-0.15899871
-0.12646533
0.31059723
0.41787932
0.28752664
-0.0070197767
-0.12930752
-0.053686129
-0.21241803
-0.27974656
-0.17584202
-0.25280917
-0.18237595
0.45397331
0.50176804
0.59243218
0.30805213
0.11466695
-0.42856481
-0.38839065
-0.48881972
-0.24918602
-0.44221388
-0.52649535
-0.18236843
-0.17306071
-0.1266216
-0.51343277
-0.55855007
-0.54902581
0.0014627883
0.055665823
-0.074609326
-0.43469951
-0.28683828
-0.35118458
-0.16005903
-0.13539341
0.40261258
-0.21661781
-0.19081965
-0.34150627
0.11548747
-0.16511192
0.068077679
-0.41622075
-0.54347564
-0.56614268
-0.51898191
-0.3983031
-0.37469524
-0.16580353
-0.1054965
-0.14063461
-0.16087265
0.041208094
-0.42403239
-0.5531606
-0.11932578
-0.090564768
0.5439126
-0.13094255
-0.1435386
-0.32372396
-0.36229023
0.077772094
0.50599003
-0.044948388
-0.57207582
0.19652038
-0.2682947
-0.48294116
0.5497719
0.33154668
-0.12902986
-0.17298955
-0.15810971
-0.33629545
0.59518716
-0.15244543
-0.21796493
-0.062922092
-0.56202852
-0.10983616
0.19605212
0.18823742
-0.45821746
-0.073312285
-0.12361159
0.4835922
0.029236456
-0.24181244
-0.16455963
-0.35574141
-0.15696035
0.23933664
0.18421933
-0.17263783
0.12455581
0.035762913
-0.48530033
0.29027885
0.28486102
-0.61966462
0.051300228
0.17853148
-0.44249396
0.26120899
0.17947584
-0.59841577
-0.00012645679
0.21837139
0.080249106
0.079734084
0.17240638
0.085457637
0.16697918
0.098052619
0.0011773446
0.033013346
-0.073760394
-0.022682371
0.072406316
0.034847837
-0.065450492
0.0084555953
0.11473292
0.16733486
-0.0921712
-0.0053836481
0.082462359
0.078495769
-0.17640518
0.15116164
0.15311165
-0.19820899
-0.28847461
-0.0064530578
-0.11402115
0.20937297
0.20455873
0.21371437
0.15789933
-0.29728187
-0.38882189
-0.36485081
-0.46637601
-0.4219139
0.21661334
-0.51731215
0.24508424
0.23385394
-0.45567049
-0.56120358
0.21599233
0.20352684
-0.035904307
0.17293584
0.19607221
0.20445236
0.18538747
0.19328478
-0.19674383
0.16957008
0.20005391
0.22020059
-0.28027729
0.1643577
0.090709752
0.21633071
0.20608618
-0.34303721
0.19634829
-0.19096925
0.25207087
-0.17259574
-0.53978309
0.15140004
-0.35750735
0.20587164
0.21131353
-0.24835553
0.17291426
0.10218096
0.015895168
0.24968929
-0.060220933
0.25685529
0.27081418
0.18064907
0.25640696
0.20586278
0.12405456
0.23642809
0.16769614
-0.28054528
-0.38747964
-0.4417971
0.2500313
-0.56803329
0.084749053
0.13271232
-0.041081404
-0.3294379
0.29296514
0.2335335
0.2100616
0.27818967
-0.64515668
-0.61627505
-0.62137686
-0.54999629
-0.46649366
0.020446995
0.10598048
-0.021417042
0.11728012
-0.13314004
0.22924996
0.18299112
0.094541984
0.15294027
-0.10146358
0.25412166
0.081777575
0.17008255
0.25152137
-0.25072709
0.0031274143
0.26465457
0.25871741
0.14162483
-0.092946703
0.24607717
0.15839111
-0.31073897
0.28061755
0.078103136
0.23833991
-0.64224961
-0.46972989
-0.23088223
0.16896231
-0.073605426
0.27690256
0.19873134
-0.13390326
0.19521848
-0.51296448
0.21451929
0.27554823
-0.23066871
-0.34055923
-0.15567159
0.081245245
-0.37746681
-0.53084777
-0.018152146
0.20606032
-0.61862949
0.19216929
0.26733179
-0.5922725
0.13783591
-0.25777806
-0.13707844
0.23108206
0.14177671
-0.055034042
-0.57408826
0.25284613
-0.0055275509
-0.18763212
-0.021846675
0.033956028
-0.0100485
0.496748
-0.25848153
-0.21723914
0.45966583
-0.037355458
-0.29784977
0.10446458
-0.39305169
-0.23091503
0.19689186
-0.13258407
-0.4883093
-0.13745706
-0.12138594
-0.17091288
-0.10491783
-0.15136336
-0.089046312
-0.032456901
-0.025490352
0.039967611
0.033394997
-0.025171298
0.017009578
0.082651904
0.046314661
-0.030035761
-0.12928757
0.11801824
0.060029136
-0.00011726606
-0.0084309007
0.16133196
-0.052102137
-0.081481694
0.20174413
0.24668976
0.057165793
0.035705408
-0.10464128
-0.070352136
-0.15356779
-0.12448973
0.28803572
0.32823699
0.26704177
0.34240853
0.26154793
-0.2139352
0.32613607
-0.099736186
-0.062587188
0.23166122
0.2990153
-0.18115791
-0.15053205
-0.062070152
-0.10565475
-0.11564404
-0.1522525
-0.10500478
-0.079273699
0.22265825
-0.13580106
-0.052676082
-0.043276097
0.30784975
-0.1779993
-0.067399576
-0.27800126
-0.18640112
0.1677352
-0.051439532
0.11418647
-0.28572993
0.22069506
0.402084
-0.16602991
0.12745983
-0.041309869
-0.011887867
0.077724344
-0.054453674
-0.11031852
0.016207895
-0.37291104
0.12068393
-0.068024915
-0.12187164
-0.014449784
-0.22553206
0.028456066
-0.16959718
-0.030791151
0.039941031
0.37729066
0.454598
0.43864545
-0.25169294
0.49762878
0.0049125953
-0.066629155
-0.081963388
0.061552519
-0.2498629
-0.2063645
-0.40916301
-0.30383053
0.38872085
0.38005489
0.29978178
0.21062799
0.17965372
-0.08334116
-0.10919572
-0.045319606
-0.074927321
0.10545824
-0.19324469
-0.083052364
-0.0076877075
-0.038425272
0.13644263
-0.21427131
-0.031630152
-0.23400281
-0.15148786
0.18589571
0.039547627
-0.059168909
-0.22584132
-0.063933768
0.13616511
-0.22763095
-0.04041959
0.19065868
-0.13321438
-0.19325745
-0.46783729
0.29448658
0.40154884
0.10554846
-0.056589855
0.12292344
-0.18858968
-0.21342844
0.017675555
-0.062429035
0.12533866
-0.34444536
-0.26251279
0.29628073
0.38601667
-0.002123523
-0.14632639
0.36733738
0.45752871
-0.16573592
-0.5320404
0.20191322
-0.050024995
-0.3328397
0.43642591
-0.016940217
0.049142795
0.20109427
-0.42528721
-0.19428408
0.13641485
0.37136729
0.20640001
0.10210721
0.15464084
0.13483561
0.38403639
-0.041860951
0.15954743
-0.15243873
0.084413448
0.083707964
-0.30289916
0.30441827
0.061885237
0.026649811
-0.36178248
-0.027997918
-0.46884152
0.088717781
0.1614831
0.27479015
0.27118327
0.37975273
0.37430148
0.46662142
0.45933727
0.52433357
0.50412104
0.54397004
0.55641918
0.54783628
0.52516325
0.50116912
0.5518786
0.4565757
0.47095664
0.42120898
0.44067452
0.33757665
0.48428147
0.34728495
0.22537834
0.42490843
0.42678271
0.21611548
0.090678471
0.43418673
0.36674897
0.35855252
0.39574207
0.34383924
0.31709374
0.33649436
0.093497581
-0.048197836
0.25669946
0.086739406
0.25640661
0.16976882
0.35429605
0.43134032
0.2622884
0.50989364
0.4790663
0.39332412
0.4366461
0.49207534
0.44619074
0.34632032
0.43883189
0.34304322
0.20048295
0.077208558
0.29056081
0.28108034
0.33136588
0.33614186
0.4208386
0.22292418
0.49448225
-0.039543885
0.17825236
0.46557874
0.23799237
0.23075863
-0.17942933
-0.17305378
0.46409395
0.39465401
0.23089624
0.2998056
0.44928786
-0.32017741
0.084812506
0.21831553
-0.040162222
0.43549469
0.13951485
0.14939677
0.16712643
0.23165841
-0.2611697
0.12757612
0.15161188
0.12885628
-0.17633509
0.36472638
0.38349062
0.053769939
0.20991583
0.28291546
-0.046855336
0.027661258
0.12000899
0.050906794
0.077006144
0.16102623
0.1135665
0.25475881
-0.40923872
0.36902097
0.52593298
0.51221332
0.3205805
0.52797957
0.51430361
0.22893031
0.31730862
0.32203666
0.51129078
-0.042151645
0.388724
0.46193401
-0.042609815
0.2878804
0.30637796
0.22601989
0.55042019
0.087810931
0.19318951
0.36489389
0.40812519
-0.16058217
-0.45926757
0.018975096
-0.033911783
0.53909847
0.28245133
0.19974232
0.39366798
0.095196517
0.15559359
0.093043575
0.34629394
0.25110203
0.51118012
0.0038127305
-0.17498858
0.23580565
-0.28121244
0.16688289
0.2219513
0.30067876
0.20613249
-0.53222527
-0.025737471
-0.08988021
0.47673473
0.16052175
-0.2865239
0.15939116
0.40952986
0.20607748
0.021911683
-0.38435474
0.11936932
0.19190166
