FiniteElementSpace
FiniteElementCollection: H1_2D_P1
VDim: 1
Ordering: 0

-0.36823507
-0.25747491
-0.36818077
-0.25754891
0.62577253
0.62573127
-0.37990849
-0.38988954
-0.39661195
-0.40024224
-0.40054074
-0.39719343
-0.39092351
-0.38170962
-0.36913401
-0.35491506
-0.33925675
-0.3221978
-0.30454346
-0.2876176
-0.27149257
-0.24491061
-0.23487307
-0.22810992
-0.22457723
-0.22447237
-0.22763373
-0.23406066
-0.24363686
-0.25549406
-0.26989755
-0.2859714
-0.30270362
-0.31996638
-0.33701792
-0.35302253
-0.37994108
-0.38986706
-0.39668145
-0.40027942
-0.40064373
-0.39725913
-0.39072675
-0.38147106
-0.36928664
-0.35498136
-0.33906164
-0.32205438
-0.30482899
-0.28783389
-0.27150437
-0.2445695
-0.23485321
-0.22802396
-0.22450837
-0.22452749
-0.22761717
-0.23388279
-0.24354442
-0.25561645
-0.2699172
-0.28583428
-0.30272417
-0.32006802
-0.33709049
-0.3529842
-0.2457156
-0.21742924
-0.17377628
-0.11640455
-0.047541462
0.030253209
0.11392938
0.20026993
0.28597273
0.36776372
0.44265393
0.5074198
0.55954539
0.59747419
0.61953832
0.61314295
0.58502166
0.54141845
0.48413208
0.415265
0.33751101
0.25385066
0.16749847
0.081700771
-0.00014602895
-0.074793175
-0.13953761
-0.19194788
-0.22981655
-0.25201366
-0.24559427
-0.21728039
-0.17370646
-0.11642661
-0.047482239
0.030261109
0.11375179
0.20021228
0.28604102
0.36770975
0.4423712
0.50721156
0.55971232
0.59765702
0.61945017
0.61301067
0.58490847
0.54128709
0.48409578
0.41539014
0.33750118
0.25376821
0.16750938
0.081727328
-9.5801353e-05
-0.074745191
-0.13954875
-0.19193559
-0.22982607
-0.25191109
-0.3605228
-0.33434943
-0.29053025
-0.23053691
-0.15675859
-0.072046109
0.020384108
0.11699091
0.21399256
0.30773589
0.39471816
0.47129359
0.53456303
0.58255583
0.61317976
0.61736911
0.59141214
0.54766044
0.48775485
0.41401489
0.32920188
0.23687464
0.1403716
0.043125935
-0.050528696
-0.13738429
-0.21407382
-0.27752173
-0.32541295
-0.35594653
-0.36051977
-0.33445136
-0.29055248
-0.230606
-0.15680927
-0.072095879
0.020260544
0.11693649
0.21398359
0.30774412
0.39459352
0.47127317
0.53477242
0.58257985
0.61292032
0.61760784
0.59162337
0.54771928
0.48775162
0.41399693
0.32931762
0.23681604
0.14026201
0.043218702
-0.050634919
-0.13751601
-0.21410371
-0.27765265
-0.32545347
-0.3560126
-0.24442713
0.094306407
0.2159147
-0.027409841
0.37108973
-0.27012949
-0.22119312
-0.17168268
0.45121274
-0.22202798
-0.30432561
0.51537111
-0.16017981
-0.29248569
0.56041248
-0.23629535
-0.33800429
0.59967282
0.13039793
0.16961328
0.25313603
0.19884974
0.27915342
0.21683727
0.13874913
0.14951365
0.075306119
0.079708335
0.15031502
0.07460986
0.0097341393
-0.0001349353
0.13984829
0.29280268
-0.057847584
-0.071001706
-0.016854825
-0.090194178
-0.051075287
-0.039340619
-0.11451278
-0.10974208
-0.10540068
-0.13513139
0.062233582
-0.067614049
0.015111615
-0.14328665
-0.18103576
-0.15267885
-0.14936689
-0.10640103
-0.152707
-0.11258495
-0.20903841
-0.15892896
-0.01749882
0.071195917
-0.12400027
-0.17748285
0.35541875
0.36369178
0.086617298
0.29298419
0.35756548
0.42708742
0.4138305
0.33805829
-0.16131845
0.48292409
0.1008073
0.1616959
-0.19160513
-0.23640161
-0.21169772
-0.26080592
0.48416172
-0.06603319
0.18663475
0.0054290702
-0.23551833
-0.20133548
-0.18648043
0.53302957
-0.083217888
0.24843232
0.21994016
-0.021379131
0.38240087
-0.25671725
-0.23593517
-0.28786473
-0.24670857
0.033840041
-0.053483696
0.32011155
0.30024823
0.19016668
-0.28756802
0.12667954
0.28306217
-0.23323075
-0.22572855
-0.20824935
-0.2200552
-0.22711492
-0.20791935
-0.2166958
-0.18747662
-0.13991961
0.047963236
-0.096852611
0.45080179
0.46235855
0.51299103
0.56566667
0.52808319
-0.23761846
-0.32188504
0.37964456
0.33402216
0.1180236
0.22279205
0.011850099
0.42529686
0.28182393
0.06072572
0.040671117
-0.155911
-0.1727247
-0.11978553
-0.099757199
-0.27728856
-0.051143267
-0.17247099
2.771828e-05
0.40836672
0.21739257
0.47364723
0.12352016
-0.057951684
-0.18997802
-0.090463202
-0.32888216
0.5957633
-0.183956
-0.0059328276
0.20353087
-0.21486248
-0.13362675
0.52802171
0.046032539
-0.20219779
0.26521767
-0.20500559
-0.29805253
-0.22191916
-0.21486034
0.012559942
0.57077627
-0.18571145
-0.20629172
-0.35176101
0.61489273
0.31775299
-0.25620804
-0.20776269
0.4040141
-0.217841
-0.044275951
-0.22766823
-0.31731247
0.56207208
-0.23460639
-0.25933314
-0.18831947
-0.24781465
-0.23530116
0.062422818
-0.37587121
0.22385781
-0.025334611
-0.10683263
0.35439748
-0.33713863
0.46682441
-0.39070552
-0.30404277
-0.26215904
0.51246452
-0.15859346
0.57180258
-0.38377584
-0.24428101
-0.35211325
0.6015049
-0.20980631
-0.20109602
-0.14460597
-0.19163614
-0.11840161
-0.18115378
-0.10943263
-0.17145977
-0.09957425
-0.16276967
-0.087652432
-0.15455559
-0.076479038
-0.14743507
-0.067537186
0.0090987483
-0.14196661
0.018364984
0.099117448
0.1073027
0.18984354
0.022542445
-0.034757609
0.17681224
0.2670393
-0.22283566
-0.21420586
-0.21095238
0.10937061
0.022146577
0.27713538
0.35211913
0.24797181
-0.27206396
-0.27097826
-0.20747325
-0.26829164
-0.20383446
-0.32460889
-0.26557381
0.15595719
0.35598552
0.42679358
-0.23146791
0.10516928
0.015194834
0.41597294
0.21995889
0.19454788
0.18847776
0.31006659
-0.27386846
-0.20029558
-0.32192665
-0.31621965
0.12910423
0.48951032
-0.23381589
-0.060388557
0.065129354
0.42007543
0.27144016
-0.13076707
-0.36028269
0.27478467
0.36000709
-0.12446182
-0.19368738
-0.038351051
0.26929484
0.46805016
0.31747745
0.17997009
0.086479744
0.12193505
0.028050677
-0.094847818
-0.35398612
-0.30465515
-0.31414401
-0.38875879
-0.36493389
-0.34597492
-0.33458871
-0.35428883
-0.30478376
-0.28362349
-0.38369401
0.17930741
0.56556866
0.52554026
0.44418424
-0.35194662
-0.32066047
-0.28882443
-0.3884486
-0.36436788
-0.36717296
0.52673423
-0.28678005
-0.32440626
0.067034778
-0.051957242
-0.25830152
0.33517284
-0.062224121
0.084968095
0.096212985
0.19490978
-0.21406372
-0.22789201
-0.27791864
-0.24348523
-0.0038511047
-0.25147471
0.39223363
-0.13855974
0.27667355
0.57098763
-0.13638132
-0.020951883
0.39517724
-0.31989834
-0.37584014
0.60388685
-0.2703868
0.54189674
0.043075862
-0.059921527
-0.19323646
-0.3065556
0.39859337
-0.054381661
-0.31360467
-0.27452802
-0.042531368
-0.34414654
-0.011502577
0.34494173
0.48152962
0.46912401
-0.36968587
0.61825131
-0.26023058
0.14813955
-0.27301692
-0.3669128
0.42081839
0.019704918
-0.26002109
0.33002134
0.51761835
-0.24852674
0.27845451
-0.32036612
0.018076875
0.52680776
-0.092176108
0.160228
0.20878985
-0.38261138
-0.34424542
-0.12577701
0.34178177
-0.050966961
0.44376735
-0.39663449
-0.18092072
0.49282051
-0.27425796
-0.30925851
-0.38974985
0.55337378
-0.27790794
0.58487838
-0.35997544
-0.37172512
-0.35903405
-0.36794912
-0.33151835
-0.3388193
-0.28964638
-0.28204726
-0.22873757
-0.22169819
-0.15834392
-0.16502856
-0.086173229
-0.081442334
-0.0026331807
-0.093676329
-0.29591162
-0.00064601599
0.082846169
0.079434659
0.16733072
-0.080183347
0.16155525
0.24973476
-0.0034393384
-0.082411649
0.25025664
0.3316903
-0.27343027
-0.010927824
-0.088810807
-0.15314459
0.071007288
-0.15703608
-0.21331853
0.32629525
0.40509877
-0.21174616
0.32572007
-0.25988509
-0.24979901
-0.34397002
-0.30061236
-0.34814675
-0.24079877
-0.24545906
-0.30403912
-0.24933325
-0.1824125
0.069904805
0.14869448
0.054432223
-0.30781967
0.2411473
0.30926862
0.05999124
-0.34807024
-0.26438935
0.12910549
0.032927628
0.22349298
-0.034837953
0.38974561
0.22443349
-0.2153279
-0.16013677
-0.34861181
0.46305599
0.46806913
-0.052379114
0.0058671615
-0.30174811
-0.30492306
-0.18361536
0.52897109
0.27043489
0.1943195
0.39069907
-0.099307374
-0.39032445
0.11312028
0.02881914
-0.032380196
0.50598914
-0.12468397
-0.35898774
-0.32470099
0.42239193
-0.20818785
-0.24906957
-0.39474378
-0.32515572
-0.31416179
0.36636505
-0.22507202
-0.22014897
-0.25744124
-0.28430278
-0.29234272
-0.39517565
-0.374199
0.54937644
-0.3223944
-0.23490467
-0.15365724
-0.34751944
-0.17883828
-0.0087211357
0.23976731
0.16529902
0.099626995
-0.019275097
0.40282878
0.079490674
-0.15167189
0.37101032
0.15588181
0.055872445
-0.37805236
-0.17119412
0.2543869
-0.37840417
-0.03758124
-0.21284544
0.46041641
0.59030388
-0.38085294
-0.2537852
-0.10321743
-0.095175902
0.13511379
-0.26557357
0.31038574
-0.37617433
0.28616098
-0.31196265
0.14192958
-0.11399202
-0.29635295
0.44494369
-0.33674915
0.51822366
-0.35362437
0.054532244
-0.017191075
-0.11003006
0.61080817
-0.3740455
-0.26465763
-0.12925305
0.20016504
0.50230179
-0.17371875
-0.17839727
-0.32570979
0.28793653
0.55983534
-0.37348823
-0.20700626
-0.24350103
0.063943838
0.16050804
0.40223574
-0.21883697
-0.27210405
0.35575057
-0.19009274
-0.074949812
0.50667494
-0.30558771
-0.21803328
0.53362738
-0.18538309
-0.30210227
0.60044253
-0.33667063
-0.23152659
0.24573024
0.19906713
0.11576705
0.14663686
0.066516723
0.089912195
0.16824898
0.10430928
0.17982805
0.10908871
0.038316068
0.037227995
0.10474985
0.027760435
-0.026388385
0.014634151
0.091145297
0.0099717741
-0.04692289
-0.067351605
0.17324673
-0.1163271
-0.13825304
0.15501535
0.24015019
-0.092631371
-0.16443073
0.24584873
0.21564456
0.30149765
0.3200001
0.12758137
0.38215086
0.39186065
-0.19944064
-0.22554442
0.44881445
-0.12214536
0.45247637
0.51082019
-0.0092006612
-0.054643378
0.28197496
-0.037365769
-0.098847367
-0.11516818
-0.15029913
-0.13912182
-0.099143457
-0.15896201
-0.14443901
-0.16533691
-0.042209752
-0.073497543
0.17913056
-0.1351616
0.38634797
-0.19344083
-0.18113256
-0.20913206
-0.13518868
-0.24725465
0.0083400985
0.25315388
0.43008334
-0.18078343
-0.27073309
-0.25031079
-0.17450177
-0.20791197
0.44021891
0.37051133
-0.17953519
-0.3009781
-0.013990359
-0.23133683
-0.15331385
-0.19950715
0.07630713
0.17029129
0.26499678
0.3132879
-0.25437192
0.44091992
0.32763171
0.47135131
-0.28850704
-0.21643998
-0.19457723
-0.13719988
-0.22318946
-0.20061198
-0.10683407
0.55989014
0.52411638
0.56944999
0.55469268
0.50212819
-0.0031304866
0.035026468
-0.32308072
0.22766678
0.030933923
0.18087298
-0.077610833
-0.086440985
-0.032950879
-0.17669872
-0.01386635
-0.21806782
-0.087965867
-0.19265338
0.069344102
0.2520283
-0.26446328
0.040426998
-0.23175291
-0.038953728
-0.027573741
-0.25708245
-0.10431056
-0.22374799
0.32506844
-0.22225171
-0.33681619
-0.22080276
0.59717611
-0.082888273
0.35347908
0.12680266
0.316641
-0.2271765
-0.15865756
-0.24693828
0.29944831
0.090656167
-0.13286245
0.5730403
-0.28278669
0.35623073
-0.27687657
-0.21078552
0.21846409
0.26504124
0.4016893
-0.3540286
-0.24152961
0.61637482
-0.1679586
0.054667616
-0.29972932
0.47544865
-0.20415971
0.41304734
-0.019960635
-0.31368506
-0.19241693
0.48293277
-0.36111211
0.14550452
0.087413328
0.36458116
-0.33567515
-0.38896816
0.39616102
-0.18718552
-0.092700108
0.52656547
-0.3024541
-0.38922986
0.51271743
-0.31455332
-0.20778293
0.60173586
-0.27135341
-0.37615111
0.56629917
0.52377184
0.46272672
0.46734922
0.39901786
0.39769969
0.32402671
0.31766971
0.2405657
0.23054987
0.15139064
0.1387571
0.060853401
0.048250342
-0.027144453
-0.01887349
-0.039524595
-0.10220191
-0.096382411
-0.17364754
-0.17031955
-0.17786126
0.2421327
-0.092634548
-0.16839852
0.21231762
0.030646855
-0.055662753
-0.24127381
-0.24295096
-0.23761627
-0.23642591
-0.091246444
0.00829921
-0.074534676
-0.13420434
-0.14937048
-0.20313468
-0.015262
-0.21267697
-0.0090539384
-0.29390628
-0.29241741
0.38457066
-0.29684089
-0.29581777
-0.23470335
-0.0056972286
-0.29652715
-0.34287068
-0.092582419
0.10511696
-0.25844534
-0.16508112
-0.221366
0.082041953
-0.29062763
0.51987952
-0.18290954
0.07509253
-0.33684359
-0.33940176
-0.25264778
-0.18105183
-0.0061122198
-0.095284256
-0.29963279
-0.29822254
-0.33290075
-0.37117961
-0.22547794
-0.014232243
0.087722645
0.17198874
0.18071389
0.26125169
0.4445339
-0.22815645
-0.26842513
-0.28627173
-0.15525234
-0.37685145
0.23240704
0.17408111
0.25783103
0.083754421
0.18863052
0.26931582
-0.3841198
-0.36571034
-0.39114111
0.3171638
0.46697451
0.47662118
-0.021865733
-0.067230682
-0.25775479
0.57300435
0.39011694
0.31870722
0.059185589
0.27405566
-0.26111323
-0.16754767
-0.10984811
-0.012478322
-0.3393139
-0.23913158
-0.098936416
0.12033398
0.30193257
0.36081903
0.46295385
0.06962888
0.56926869
-0.16789661
-0.12083498
-0.29392678
-0.35429627
-0.191865
0.15794418
0.34063892
-0.36921489
0.0057290201
-0.24434533
-0.35229304
-0.31723992
0.60388417
0.16303492
-0.24672267
-0.31980751
-0.10615741
0.41613255
-0.29578594
0.067733828
0.53349163
-0.26182112
-0.35488587
-0.33516923
-0.33472298
-0.37005339
0.23750995
-0.26054748
-0.3686917
0.61859529
0.18330363
0.42211394
-0.15951478
-0.12680601
-0.32903392
0.18037371
-0.36676236
-0.27518938
-0.29004133
-0.38888411
0.33045335
-0.33566475
0.12999361
-0.38343455
0.05385403
0.19732534
-0.048755888
0.33886541
-0.39486355
-0.34397491
0.43803493
-0.20978184
-0.30988052
0.492874
-0.39423405
-0.18284973
-0.32609453
0.5514407
-0.25363208
0.58966711
-0.3817054
0.11030455
0.13152823
0.21772512
0.14508786
0.22987009
0.15032677
0.066932145
0.066555903
-0.013483568
-0.018270952
0.060354391
-0.028184826
-0.10125079
-0.11349329
0.047077583
0.23282548
-0.17927653
-0.19194336
-0.12761427
-0.20605091
-0.16790019
-0.14279228
-0.22048292
-0.23674974
-0.22544813
-0.26091973
-0.013453155
-0.15917536
-0.073900652
-0.23491309
-0.28686915
-0.28246785
-0.26971772
-0.21458017
-0.25898808
-0.20454108
-0.2982245
-0.24786283
-0.093110165
-0.0021259458
-0.19625332
-0.2466094
0.31150623
0.31124038
0.046911531
0.22590221
0.30011818
0.3829729
0.36675857
0.27945262
-0.2952424
0.44788958
0.01661637
0.092707187
-0.32780084
-0.33962002
-0.32975023
-0.34564901
0.45294567
-0.14148112
0.10930051
-0.087225735
-0.30560326
-0.33891454
-0.28930089
0.50941331
-0.13647798
0.18566704
0.166766
-0.079935062
0.33519868
-0.37200199
-0.36344546
-0.34719625
-0.38117977
-0.024895585
-0.11243439
0.27258468
0.28305286
0.15132975
-0.39585908
0.069681549
0.24676079
-0.37205139
-0.35911891
-0.33591714
0.50187003
-0.32654536
0.42221663
0.42973413
0.027543765
-0.12555639
0.36440024
0.30192548
-0.3896998
-0.27422984
-0.29311492
-0.28447157
-0.26788779
-0.22993617
-0.19024933
0.54927791
0.50285504
0.060846048
0.1470971
-0.092036893
0.38767269
0.21177734
-0.042302309
-0.057622472
-0.24857696
-0.24706417
-0.27395243
-0.37561934
-0.17608263
-0.15855519
-0.31755211
-0.04052159
0.3803345
0.13668481
-0.305574
0.44979163
0.032690329
-0.15166772
-0.13134578
0.58797538
-0.36051992
-0.27745279
-0.30252794
-0.083592946
0.12219117
-0.34927438
-0.19157652
0.5086462
-0.013566679
0.19660839
-0.21764739
-0.37554022
-0.25808174
-0.36133464
-0.35111278
-0.027558182
0.55400834
-0.31582596
-0.31969854
0.6105845
-0.37353662
-0.26551941
0.26147762
-0.30726355
-0.30290305
0.36744096
-0.084813914
-0.36565133
-0.37385371
0.54677515
-0.39283774
-0.27481858
0.15246449
-0.23122108
0.076560766
0.35290761
-0.27166503
-0.00056491311
0.40467206
-0.18342586
-0.21676682
0.53148885
-0.3057108
-0.13980627
0.5091447
-0.22277892
-0.29993948
0.59473878
-0.34020918
-0.2234765
0.17295658
0.12815514
0.034171191
0.080202474
-0.010184832
0.030485797
0.11957912
0.064379214
0.15077316
0.090137331
0.0086806206
0.029545139
0.10745791
0.042197629
-0.043875849
-0.054670074
0.11545612
0.046549807
-0.020381174
-0.019271559
0.1855406
-0.078119731
-0.079199758
0.18804989
0.26090209
0.042622578
0.20830948
-0.12874893
-0.13140713
-0.13139383
-0.086166622
0.25513357
0.32879635
0.32925021
0.39824841
0.39047768
-0.13926995
0.45482557
-0.17136675
-0.17712751
0.44190848
0.51020962
-0.094905807
-0.13257157
0.22246739
-0.096986078
-0.16668667
-0.20025938
-0.22491469
-0.19528181
0.17921369
-0.2563108
-0.13899254
-0.1870749
0.23791186
-0.098827289
-0.036247845
-0.15094055
-0.23394653
0.36708667
-0.15097573
0.23465559
-0.17909154
0.15900238
0.45155948
-0.28397785
0.41287748
-0.2011259
-0.22575202
0.33532661
-0.24086452
-0.052247419
0.018339995
-0.19818522
0.076303937
-0.20539982
-0.20064094
-0.24234687
-0.01746518
-0.24233361
-0.080300194
-0.21357468
-0.25571446
0.24621334
0.32725411
0.36197552
-0.24977351
0.47696645
-0.28833447
-0.27510286
0.2664034
0.43637558
-0.10519394
-0.055996065
-0.18905222
-0.21777402
0.57431176
0.53615717
0.57158122
0.54402553
0.48400409
-0.32318863
-0.2965867
0.17231491
-0.019236424
0.17227701
-0.17092267
-0.13516551
-0.028502762
-0.082989833
0.11405004
-0.1715574
-0.024755307
-0.11538634
-0.16885748
0.25303094
0.031675808
-0.22331699
-0.13784402
-0.06652155
0.102967
-0.20901775
-0.093213433
0.31587676
-0.21830432
-0.33465432
-0.2296011
0.60289383
0.38638112
0.2893822
-0.11035506
0.086425001
-0.19861022
-0.2671489
0.25479249
-0.16983189
0.55606593
-0.1680385
-0.20074755
0.20258096
0.2843576
0.30757825
-0.31703332
0.31140826
0.43678033
-0.35405447
-0.24198073
0.61663163
-0.21543142
-0.20580094
0.49842517
-0.26735142
0.3735568
0.13339546
-0.20417079
-0.3027039
0.075271623
0.49476819
0.1241958
-0.23180057
0.19140891
-0.084786799
0.37830686
-0.03160492
-0.27123574
-0.21918415
0.44916915
-0.30413095
-0.15732972
0.51391262
-0.24115277
0.56353556
-0.22710667
-0.32693356
-0.22906045
0.59783581
0.095408211
0.13952354
0.23253044
0.17497015
0.26366529
0.20035094
0.11368664
0.13405758
0.051181728
0.067296202
0.14526099
0.074684454
0.0021761513
0.0066548908
0.14634095
0.28342931
-0.05878445
-0.056363234
0.0040392881
-0.060434342
-0.067571854
-0.0056096519
-0.070610138
-0.11976146
-0.13197568
-0.11676337
-0.12683546
0.027573345
-0.17266731
-0.18652823
-0.14830751
-0.16211353
-0.20583866
-0.16811773
-0.086466955
-0.14137039
-0.2251939
-0.16310047
-0.19081628
-0.25592983
0.34674209
0.35968786
0.045992632
0.29043927
0.35881797
0.42648692
0.41681357
0.3447266
0.065966607
0.04999753
0.12697708
0.48355777
-0.15808639
-0.1952533
-0.202416
0.48336872
-0.12136619
0.10420281
0.18545255
0.026530455
0.20295519
-0.10415264
-0.19194935
-0.028257024
-0.249479
0.53313931
-0.15770269
-0.18311849
0.26048074
0.23961562
-0.14775835
-0.074641431
0.38899845
-0.19926466
-0.21573885
0.077913975
-0.19904376
0.33174157
0.28494846
-0.24340863
-0.25628102
-0.24779096
-0.22200606
-0.28829274
0.00185455
-0.16646299
-0.099258884
0.45276421
0.46476626
0.51464407
0.56279783
0.52774996
-0.22134151
-0.32054783
-0.29096584
-0.30759197
-0.27570087
-0.21701672
0.37191414
0.32150156
-0.20214888
0.084539631
0.21464128
-0.0092942299
0.42158659
0.28626709
0.073721727
-0.022190537
-0.11193685
0.15839866
0.1396974
-0.17186696
-0.11242389
-0.082229658
-0.068341707
-0.15684537
0.21586215
0.40215696
0.21839346
0.042892932
0.47183557
0.29888325
-0.10231023
-0.20344353
-0.236134
0.59765934
-0.33675888
0.21317127
-0.23129943
-0.22208351
-0.050394199
-0.042852014
0.52856639
0.0010737861
0.0031200394
-0.1931235
0.27503021
-0.29042604
-0.1273816
-0.038515975
-0.21162591
0.57015494
-0.23545253
-0.21511529
-0.26434238
-0.24593499
0.6153384
-0.35108734
0.32614942
-0.21411708
-0.17204044
-0.28122516
0.41112609
-0.1045142
-0.22803699
-0.22210807
0.56312789
-0.26198921
