-0.23548156
-0.24234942
0.23548362
0.24233895
0.35468329
-0.35467521
-0.25797232
-0.2781035
-0.29554033
-0.31014459
-0.3217696
-0.33027092
-0.33562152
-0.33776705
-0.33655638
-0.33216915
-0.32461586
-0.31387489
-0.30007903
-0.28344626
-0.26412136
-0.21805494
-0.19164869
-0.16347186
-0.13371618
-0.10266921
-0.070638917
-0.037927265
-0.0048482539
0.028277937
0.061129038
0.093397734
0.12475467
0.15491378
0.1835921
0.21049692
0.25797903
0.27811113
0.29555399
0.31016564
0.32180056
0.33027974
0.33560611
0.33773151
0.33657202
0.33216933
0.32456829
0.3138555
0.30012399
0.28349196
0.2641142
0.21797796
0.19164956
0.16346737
0.13372243
0.10269387
0.070651264
0.037936303
0.0048565519
-0.028272447
-0.061126912
-0.093390274
-0.12475669
-0.15491966
-0.18358298
-0.21047381
-0.2063446
-0.16844367
-0.12889785
-0.088126101
-0.046511425
-0.0044485443
0.037656833
0.079399056
0.12037722
0.1601961
0.19848559
0.23485243
0.26891905
0.30042339
0.3290587
0.37653809
0.39495624
0.4095564
0.42022174
0.42683654
0.42935023
0.42772437
0.42196664
0.41214533
0.39835908
0.38076202
0.35946449
0.33466976
0.3067229
0.27582746
0.20628874
0.16840216
0.12889004
0.088130181
0.046520493
0.0044519184
-0.037648721
-0.079393245
-0.12037925
-0.16018292
-0.1984487
-0.23481967
-0.26894141
-0.30045589
-0.32904074
-0.37651744
-0.39493106
-0.40953552
-0.42023014
-0.42689647
-0.42935366
-0.42770807
-0.42198086
-0.41215179
-0.39835988
-0.38076149
-0.35947858
-0.33469056
-0.30669915
-0.27577279
-0.26897162
-0.30000437
-0.32813915
-0.35311854
-0.37469253
-0.39266833
-0.40685857
-0.41711659
-0.42335897
-0.42552591
-0.4236215
-0.41760389
-0.40752501
-0.39360437
-0.37589846
-0.32968985
-0.30176214
-0.27092197
-0.23745807
-0.20170318
-0.16399831
-0.12472736
-0.08425718
-0.042950447
-0.0012486134
0.040465418
0.081782423
0.12231469
0.16167779
0.19948279
0.26898368
0.30001126
0.32812969
0.35311933
0.37473498
0.39266473
0.4068426
0.41714046
0.42338335
0.42554054
0.42360049
0.41760149
0.40757502
0.39360817
0.37584526
0.3297334
0.30179288
0.27092483
0.23745393
0.20169957
0.16400772
0.12472231
0.084245491
0.042957918
0.0012527128
-0.040463731
-0.08179561
-0.12232941
-0.16168579
-0.19948436
-0.015600266
-0.083434414
-0.40382362
-0.37000126
-0.20178975
0.044247259
-0.11552755
0.042848173
-0.40307461
-0.1782208
0.11047575
-0.27416996
-0.32552936
0.1210736
-0.38332176
-0.25172274
0.16934499
-0.33429891
-0.39586011
-0.375884
-0.38138404
-0.35205741
-0.35566051
-0.32445952
-0.31922394
-0.29007343
-0.28336846
-0.25283435
-0.2582258
-0.21962874
-0.21322087
-0.17883939
-0.22393732
-0.32641745
-0.17135782
-0.13639558
-0.14305621
-0.1000095
-0.20480946
-0.106326
-0.062705329
-0.16214105
-0.19460179
-0.092768703
-0.31083788
-0.068462424
-0.11166733
-0.024519282
-0.018584981
-0.15178374
-0.1837649
-0.22516362
-0.21288718
-0.25368683
0.019738698
-0.23925895
-0.073329095
-0.11608719
-0.27956382
-0.25805878
-0.35579582
-0.32507997
-0.36710906
-0.29395164
-0.29111942
-0.32076332
-0.2853411
-0.25523529
-0.11815803
-0.31434097
-0.15336423
-0.15759672
-0.10867423
0.025672595
-0.012516909
0.062188147
-0.3464896
-0.29261256
-0.19349433
-0.27421301
0.054658058
-0.075503811
-0.19907804
-0.33876437
-0.31818477
-0.19604625
-0.1601477
-0.32612693
-0.24686043
0.032210149
-0.0052129934
0.10239277
-0.0027108383
-0.077292924
-0.035526798
-0.20429809
-0.40732349
-0.12435207
0.079529907
-0.11951859
-0.16414611
-0.050664661
-0.083050827
-0.12755632
-0.14849756
-0.204152
-0.22120306
-0.2467224
-0.28691657
-0.30520435
-0.38510758
-0.34415192
-0.2398201
-0.27314804
-0.39484826
-0.30512022
-0.30826126
0.08132407
0.14193969
-0.40731596
-0.38314005
-0.34504595
-0.29345196
-0.24526946
-0.35298583
-0.26024948
-0.18451958
-0.14844626
-0.056203094
0.011510722
-0.12793024
-0.031053678
0.068243318
-0.23584375
-0.0846601
-0.041533727
-0.38169369
-0.26036692
-0.376077
-0.18948816
-0.26433924
-0.049504008
0.0010593754
0.15615427
-0.36493515
-0.17055984
-0.30065696
-0.22650637
-0.042800674
0.0057375392
-0.36729535
-0.33522423
0.046258571
-0.22718303
-0.30359581
0.10306714
-0.063107952
-0.093574263
-0.3561051
-0.33475027
-0.13926648
-0.16042445
0.19419418
-0.35477487
-0.22642005
0.083492636
-0.19103065
-0.23431064
-0.27384348
-0.34438113
-0.039585921
0.13488228
-0.35954395
-0.22235157
0.024597784
-0.22398971
-0.25020634
-0.27785559
-0.032848642
0.3057437
-0.073086701
0.050261064
0.042279009
-0.15768436
0.2980808
-0.19610725
0.2859192
0.27714178
0.1249351
-0.23341657
0.12824186
-0.26219702
0.25614812
0.20529768
0.19885911
-0.29476522
0.16859691
0.16747559
0.12759991
0.16530652
0.11697158
0.16120395
0.11746664
0.15644753
0.11416074
0.15048199
0.10762338
0.14307179
0.0993219
0.13439257
0.089966932
0.054487682
0.12461336
0.044775401
0.0089736094
-0.0008404908
-0.036715406
0.034909033
0.076630274
-0.026911376
-0.072370224
0.18562144
0.16834099
0.15788831
-0.010766361
0.024721497
-0.081863463
-0.11719331
-0.062326527
0.19964288
0.18887261
0.14575618
0.17598631
0.13187167
0.23167004
0.16182381
-0.016620345
-0.12500398
-0.1597177
0.19713167
-0.020647305
0.014892659
-0.1512263
-0.051724018
-0.056209029
-0.067392312
-0.097005083
0.21029343
0.11661307
0.20660433
0.19018398
-0.0068607139
-0.19600891
0.19834601
0.069880681
0.0283283
-0.16349771
-0.098983303
0.086830226
0.23344557
-0.086848049
-0.13020025
0.069377368
0.098772636
0.020353424
-0.11191563
-0.18583901
-0.12014325
-0.039118376
0.0088582044
-0.017972668
0.032450452
0.086954576
0.21671545
0.16749712
0.1624919
0.27263653
0.30621205
0.27364638
0.27244852
0.26962312
0.23958859
0.22977424
0.30172382
-0.08354883
-0.26533003
-0.22874904
-0.19887764
0.30384719
0.28890536
0.24973726
0.29479045
0.25815934
0.27206688
-0.23161456
0.26145943
0.21982168
0.00070628816
0.074308375
0.14436134
-0.10705
0.080113852
0.018692387
-0.031299419
-0.046135431
0.17526605
0.19252641
0.23149837
0.20695614
0.063458553
0.21454054
-0.14074001
0.11396602
-0.089779493
-0.25825368
0.10217965
0.072018162
-0.16247933
0.26740526
0.23697088
-0.29435239
0.24349195
-0.23397061
0.036700734
0.057913703
0.083992335
0.26231602
-0.16096596
0.042453436
0.23392568
0.23905427
0.076367373
0.19725203
-0.0060659229
-0.12860522
-0.19518558
-0.19833314
0.22648114
-0.31921107
0.23270881
-0.042790538
0.23120572
0.2501898
-0.1629011
0.0011615858
0.20746136
-0.13373953
-0.21803018
0.12739338
-0.13078407
0.24583003
0.045474304
-0.22358281
0.093919603
-0.440236
-0.44454908
-0.36598403
-0.35704806
-0.40268424
-0.44377299
-0.40812139
-0.44270898
-0.34484954
-0.36563436
-0.43179458
-0.3604089
-0.33493964
-0.31597268
-0.42122918
-0.30717992
-0.40894075
-0.30389382
-0.36662591
-0.3928669
-0.39109705
-0.41567331
-0.41207435
-0.43481572
-0.43635982
-0.45340228
-0.45279853
-0.46765558
-0.46603081
-0.47803341
-0.47737274
-0.48544654
-0.47414674
-0.42916883
-0.48249204
-0.48820919
-0.48883532
-0.48922684
-0.47206688
-0.48750589
-0.48555657
-0.47488353
-0.46217005
-0.48492174
-0.47888975
-0.43383414
-0.46303214
-0.44826889
-0.4450659
-0.47328032
-0.42858456
-0.42370389
-0.47732514
-0.46827557
-0.40629019
-0.47594494
-0.3985756
-0.37839626
-0.40453818
-0.41947745
-0.39049445
-0.44219798
-0.43042456
-0.40566051
-0.4146129
-0.43698904
-0.48475087
-0.48107557
-0.4760087
-0.38679197
-0.4796347
-0.46775185
-0.46030268
-0.37776367
-0.41488928
-0.4700058
-0.46263014
-0.47281664
-0.46672095
-0.46536874
-0.47012334
-0.44793731
-0.41029991
-0.35797858
-0.45450979
-0.4556895
-0.45154625
-0.44457191
-0.3863489
-0.40251811
-0.42060154
-0.43711809
-0.45720007
-0.459116
-0.46167215
-0.42910879
-0.36247403
-0.43570749
-0.42403482
-0.4299672
-0.43316222
-0.38741016
-0.3627488
-0.35554801
-0.43965604
-0.383104
-0.39291319
-0.33147447
-0.33360863
-0.36320119
-0.44695878
-0.34015216
-0.36959049
-0.34148155
-0.34457596
-0.36877843
-0.35507599
-0.38562107
-0.42008839
-0.4153104
-0.44991145
-0.4647363
-0.39271378
-0.45048197
-0.48376684
-0.48162827
-0.48623311
-0.45401495
-0.47750285
-0.4677347
-0.48292709
-0.45720529
-0.45685647
-0.47887046
-0.43114406
-0.37614506
-0.46038102
-0.44395488
-0.36378961
-0.41915284
-0.43806839
-0.45255072
-0.40381869
-0.30033979
-0.31133112
-0.4660797
-0.43118818
-0.45434858
-0.42747616
-0.47119324
-0.34780256
-0.46013068
-0.41195532
-0.468049
-0.45373451
-0.31489742
-0.44961265
-0.38449977
-0.43925487
-0.33350401
-0.44331732
-0.44844094
-0.41073901
-0.38560075
-0.27529086
-0.28219725
-0.43871189
-0.45934468
-0.43947831
-0.38831074
-0.40525704
-0.37741496
-0.4415402
-0.4233151
-0.33171661
-0.39120961
0.044286634
0.38925755
0.078381838
0.19683031
-0.057396672
0.10741944
0.4037641
0.33942696
-0.047141074
0.39129176
0.16900744
-0.11813022
0.27257504
-0.12674098
0.29271147
0.3313253
0.23149025
-0.17536824
0.11994904
0.11886486
0.077381955
0.11709457
0.075205711
0.11458886
0.15591804
0.15275994
0.19334378
0.18935105
0.14793973
0.1837173
0.22422692
0.21760963
0.1418552
0.072240718
0.25707543
0.2492946
0.20872073
0.23933446
0.26250608
0.19764551
0.22715299
0.29406699
0.2981863
0.26768326
0.25437112
0.19548248
0.32736803
0.32949927
0.29926796
0.3217657
0.3299093
0.29731581
0.21313568
0.23880339
0.3265087
0.29364171
0.2925446
0.32668798
0.032646723
0.029283721
0.1589647
0.068777427
0.025584667
-0.014042271
-0.017768017
0.021485829
0.16608777
0.15413449
0.12190585
-0.058885915
0.30552393
0.33193765
0.35195242
-0.052634112
0.2612061
0.10918446
0.076296428
0.14068832
0.089445445
0.19658338
0.33918804
0.2312835
0.35559746
-0.095098706
0.22170056
0.26233887
0.044485796
0.029346676
0.25483299
0.22623811
-0.019190889
0.23942466
0.36317806
0.093050146
0.31920581
-0.0075254399
0.03657166
0.39931471
0.40351757
0.38180504
0.31753582
0.39956015
0.15910684
0.24061317
0.13811851
-0.088575102
-0.06582245
-0.088315656
-0.14778722
-0.10296928
0.36240983
0.37935578
0.36062797
0.34698544
0.31125186
0.28527417
-0.0056037186
0.03516772
0.19893573
0.15771331
0.11122518
0.22857492
-0.010604629
0.064189248
0.17619865
0.18509418
0.27862864
0.061676118
0.13342636
0.27924433
0.28712254
0.26549224
0.15304459
0.31411549
0.0080381395
-0.007147877
0.10645801
0.076387437
-0.048740104
-0.024333637
0.26616827
0.30049327
0.26778731
-0.16336604
0.36502602
0.099884586
0.35765085
0.37254532
0.23077701
0.16957234
-0.089942845
0.12387884
0.19373211
0.34482823
0.056605803
0.2955657
0.18012034
0.19471069
0.28048001
-0.13543469
0.38157741
0.35655476
0.37996378
0.24358748
-0.19953272
0.35279183
0.017019214
0.36417584
0.20331824
0.37395208
-0.051030695
0.22334591
0.38576242
0.26299783
-0.12237768
0.34849473
-0.30277284
0.03818002
0.042247105
0.16182386
-0.29493093
-0.29706073
0.15923968
-0.081552639
-0.085676864
0.23153843
-0.27587737
-0.27321225
0.233002
-0.16343343
-0.16697323
0.29475655
-0.24572553
-0.23805659
0.26555406
0.22628289
0.19299093
0.18567397
0.15105642
0.14293186
0.10759304
0.098856552
0.063020263
0.0538956
0.017413502
0.0080437261
-0.028182252
-0.037058911
-0.073185897
-0.06406078
-0.081961647
-0.10871706
-0.098656607
-0.14309104
-0.13252138
-0.15225909
0.071258467
-0.087464238
-0.1208862
0.044442639
-0.045713413
-0.090355852
-0.18607875
-0.19418585
-0.16527226
-0.15300661
-0.075382849
-0.054324035
-0.098150796
-0.1339949
-0.14136774
-0.17692445
-0.061085611
-0.18331532
-0.041636249
-0.19556098
-0.18241373
0.13360206
-0.22740376
-0.23491535
-0.13909102
-0.027172824
-0.21806089
-0.25996157
-0.062746229
-0.0056210124
-0.21795572
-0.14753184
-0.1881939
0.007633064
-0.16700294
0.21798573
-0.16004152
-0.0073718621
-0.22261953
-0.24643034
-0.21022568
-0.15320275
-0.011663588
-0.04909661
-0.25050286
-0.25628028
-0.27855736
-0.28282308
-0.11721177
0.0013694681
0.024389995
0.054658204
0.072491439
0.10005979
0.19820881
-0.19130334
-0.23200603
-0.2610775
-0.12602755
-0.30668113
0.079515582
0.040381618
0.080072246
-0.0036145231
0.03903681
0.076387502
-0.25668046
-0.23553545
-0.28670063
0.12020981
0.19618912
0.19142303
-0.045691628
-0.081289635
-0.12229726
0.26416881
0.15840084
0.11606638
-0.0040480374
0.1206527
-0.22279791
-0.10819384
-0.1175335
-0.053313107
-0.26759737
-0.17626187
-0.1068217
-0.0010775474
0.08962669
0.12329725
0.17892771
-0.018313451
0.25601413
-0.094499395
-0.12604369
-0.2065016
-0.21126423
-0.16842755
0.026955594
0.11991051
-0.2610218
-0.040328229
-0.2051554
-0.19920629
-0.1778981
0.29423658
0.038952784
-0.20218038
-0.28925103
-0.039823081
0.15879677
-0.24079877
-0.019723913
0.22797131
-0.2277118
-0.31049844
-0.23254985
-0.20958001
-0.25055986
0.078582918
-0.23316109
-0.22405899
0.31992718
0.088946896
0.15679488
-0.07809944
-0.11624862
-0.26620075
0.030499741
-0.26812951
-0.14480113
-0.25338238
-0.31346652
0.13430565
-0.20094011
0.012371799
0.36610625
0.43147153
0.44381216
0.40866964
0.44342141
0.3573622
0.35679623
0.44218732
0.38207625
0.33571405
0.43219637
0.33168135
0.3645016
0.33388439
0.42131011
0.31545837
0.40375063
0.29479665
0.43610596
0.45556868
0.46152777
0.47084058
0.47461562
0.48173481
0.47565944
0.48424521
0.47585328
0.48212313
0.48817714
0.48370099
0.47532775
0.47455759
0.48739184
0.48319674
0.46389759
0.4609372
0.46928201
0.45341647
0.46237545
0.4596322
0.44154413
0.44872975
0.44498649
0.44300827
0.46514687
0.4455542
0.46148495
0.42529424
0.41924444
0.42980476
0.42429318
0.43703547
0.41361567
0.42496108
0.40090555
0.40028994
0.44520074
0.45894368
0.40902991
0.37908915
0.47382951
0.48003452
0.4450166
0.4871375
0.48163838
0.47222247
0.47155069
0.47863394
0.4309058
0.45931788
0.47286336
0.46820261
0.41121537
0.3928296
0.40914134
0.37373306
0.45863823
0.43260206
0.47976028
0.46316783
0.38084159
0.41064108
0.38878347
0.44399063
0.4136035
0.47261634
0.45889033
0.43524217
0.46687179
0.38005829
0.3940854
0.34855876
0.37751951
0.44048063
0.42521231
0.46168364
0.44764073
0.43980904
0.34582657
0.45205635
0.44419454
0.36542785
0.36286617
0.38379831
0.43332956
0.34692797
0.43984668
0.45426865
0.42374116
0.39362705
0.44688459
0.46307731
0.31344081
0.36026467
0.32124858
0.3557145
0.33884136
0.35750184
0.38839483
0.41975854
0.44180316
0.46258698
0.48800806
0.4715134
0.46829708
0.48642186
0.48062394
0.47319353
0.44808065
0.40639021
0.43339193
0.36361918
0.42776888
0.45638689
0.42126449
0.41877163
0.45999315
0.48954202
0.42858645
0.45292902
0.48234939
0.44601462
0.40205901
0.4069874
0.30736146
0.3030804
0.40036084
0.45116092
0.48664587
0.40587835
0.40670142
0.44155197
0.45142449
0.48142117
0.33764779
0.34428717
0.38460245
0.39011502
0.38713525
0.43108315
0.42590779
0.4081236
0.37503467
0.38592858
0.27426723
0.28191747
0.47265691
0.36126886
0.363157
0.45378586
0.41693378
0.391584
0.32280372
0.42904634
0.35282476
0.37864636
-0.074647232
-0.008346063
-0.39041077
-0.40377897
-0.10551153
0.0030128463
-0.19804013
-0.34315554
0.090175338
-0.27135127
-0.1696282
0.089681809
-0.39104947
0.14700902
-0.29566478
-0.36443552
-0.22495126
0.16856624
-0.39851221
-0.37023579
-0.35972585
-0.33824779
-0.32591304
-0.30266893
-0.3134568
-0.27639172
-0.28575717
-0.24733562
-0.23670317
-0.20636048
-0.21601533
-0.17388798
-0.19503426
-0.28881415
-0.18253375
-0.13999574
-0.13040512
-0.095782723
-0.22364479
-0.085917328
-0.0507822
-0.18937948
-0.22929461
-0.10493654
-0.32100483
-0.040486627
-0.075416871
-0.0050318247
-0.01525508
-0.1941853
-0.23339036
-0.26707081
-0.26990197
-0.30234896
0.030605943
-0.30244691
-0.029673504
-0.064349834
-0.33444163
-0.32944312
-0.31040807
-0.27202792
-0.37754078
-0.24891241
-0.23086933
-0.25277311
-0.21045894
-0.18843749
-0.15340946
-0.23164645
-0.10925293
-0.098241031
-0.15816616
0.020477865
-0.025269358
0.064460596
-0.27149924
-0.33220639
-0.14199532
-0.29233273
0.072500076
-0.11751388
-0.26934645
-0.25007057
-0.36408322
-0.1295823
-0.085961803
-0.35741932
-0.16638725
0.010247006
-0.034908881
0.11406314
-0.047770833
-0.018380298
0.015188833
-0.12275846
-0.37797283
-0.041468432
0.049242618
-0.052824196
-0.074470088
-0.1193162
-0.15895752
-0.1973695
-0.32064584
-0.23732475
-0.13839868
-0.18241565
-0.403612
-0.39326131
-0.36242248
-0.34566241
0.13073447
0.11826009
-0.30352215
-0.30497978
-0.33635146
-0.36302439
-0.36389063
-0.19752254
-0.21241422
-0.34723711
-0.26393194
-0.25573293
-0.29237772
-0.20828007
-0.16365773
-0.11990828
-0.14769629
0.037867231
-0.060709691
0.054509018
0.00394727
-0.26220403
-0.069821237
0.025211976
-0.32896698
-0.22349779
-0.11220938
-0.3087014
-0.15314015
-0.29801693
0.058586711
-0.26417987
0.17076346
-0.33187816
-0.23423888
-0.32571981
-0.18250414
-0.07789337
0.047350227
-0.28591087
-0.35195592
-0.16825742
-0.38669866
0.097996038
0.079292772
-0.1180493
-0.15694545
-0.3814557
-0.23498733
-0.19570526
-0.23699427
-0.24401689
0.20128591
-0.3516057
-0.15425557
0.10827267
-0.27313678
-0.14317281
-0.38176811
-0.086344991
0.13678031
-0.2678102
-0.029884781
-0.29812427
0.39534184
0.055640013
0.1248112
0.0019035617
0.4083368
0.36860539
-0.047808389
0.15221318
0.23884086
-0.11027518
0.32666763
0.39392031
-0.083860106
0.3032675
0.20723152
-0.15374006
0.26740133
0.36611718
0.083972564
0.12327493
0.16395378
0.16138016
0.20139283
0.19805248
0.15717154
0.1929878
0.15126148
0.18624756
0.22705605
0.21932012
0.17753161
0.20964703
0.25863141
0.23709886
0.16702577
0.19822396
0.2398694
0.22728374
0.13397587
0.26790738
0.25412092
0.12276087
0.089075091
0.21235779
0.23808057
0.1152453
0.078384904
0.044847956
0.054789763
0.11100068
0.0091497915
0.020112482
0.27814076
0.26127669
-0.023954948
0.19522305
-0.014367451
-0.063518497
0.23946099
0.27393509
0.081118225
0.27041756
0.30593649
0.30806176
0.33859881
0.33450194
0.27925392
0.30597186
0.31586325
0.33930628
0.16863131
0.14826582
0.068962312
0.3074757
0.031484823
0.3411243
0.34946704
0.32966377
0.32287231
0.29962425
0.12508498
0.10891268
-0.032302407
0.33573617
0.28108796
0.2416042
0.35506379
0.37992775
-0.0048372939
0.040270002
0.3649969
0.26506422
0.10258277
0.36414367
0.17334951
0.3820337
0.16489602
0.018143285
-0.01472192
-0.0055189656
0.18035225
-0.081510069
0.042134821
-0.03507869
0.34982021
0.40272403
0.37298766
0.27293995
0.3823345
0.36439949
0.11670111
-0.13857872
-0.092778456
-0.12180376
-0.097546229
-0.050074794
0.20277181
0.20314048
0.29993453
0.12002361
0.23283729
0.14387481
0.27497701
0.30037251
0.25023427
0.29282165
0.18457093
0.3735393
0.28808047
0.21954948
0.15493725
0.099846261
0.33540594
0.1415124
0.40439614
0.23956613
0.26510801
0.38367594
0.27401249
0.40807712
0.064752347
0.19996263
0.22936576
0.33472099
-0.16638942
0.29455316
0.0017792186
0.061896081
0.074624698
0.31587593
0.30554847
0.35119823
0.081730525
0.1002298
0.32841972
-0.122957
0.31710598
0.040792578
0.22308064
0.35479742
0.026476641
0.036852471
-0.040183092
0.24752527
0.35149716
-0.19272007
0.35515782
0.087961246
0.29806994
-0.0726091
0.38865781
0.0074297339
0.074289231
0.23925194
0.32693692
-0.05720802
