FiniteElementSpace
FiniteElementCollection: H1_2D_P1
VDim: 1
Ordering: 0

-0.44466758
-0.74360042
-0.44481905
-0.7433751
-0.39057446
-0.39033235
-0.45045241
-0.39304818
-0.2789815
-0.12538014
0.043669078
0.2009077
0.32085254
0.38188981
0.37176776
0.28909229
0.1412727
-0.050357639
-0.26191127
-0.46517149
-0.6321305
-0.77528744
-0.72959757
-0.6167149
-0.4508882
-0.25714867
-0.063474683
0.10280388
0.21822016
0.27004688
0.25170029
0.1710862
0.044346591
-0.10605356
-0.25371874
-0.37351904
-0.45042966
-0.39276987
-0.27856501
-0.12516975
0.043782172
0.2012622
0.32046038
0.38156255
0.37162875
0.28852588
0.14135108
-0.050815098
-0.26314497
-0.46616718
-0.63212278
-0.77376317
-0.73000091
-0.61633453
-0.45075429
-0.25786986
-0.064317089
0.1027033
0.21810294
0.26956501
0.25159486
0.17122462
0.044493318
-0.10610723
-0.25345585
-0.37248297
-0.77412178
-0.73652234
-0.63383411
-0.48268805
-0.3047848
-0.12547029
0.030755561
0.14332709
0.19876988
0.19264677
0.12989372
0.024714403
-0.10214855
-0.2275606
-0.32963179
-0.3939685
-0.34275504
-0.24236508
-0.10796737
0.038844236
0.17410955
0.27466911
0.32181858
0.30540585
0.22316547
0.082765435
-0.09736153
-0.2946789
-0.48417056
-0.63946527
-0.77219694
-0.73505445
-0.63382777
-0.48322552
-0.30562654
-0.12611513
0.030688031
0.14307319
0.19794176
0.19184314
0.12943569
0.02488978
-0.1021479
-0.2277496
-0.32934011
-0.39410797
-0.3428455
-0.24259031
-0.10830141
0.038636334
0.17387731
0.27448656
0.32189103
0.3053407
0.22307815
0.082878711
-0.097705658
-0.29469938
-0.48302021
-0.63782592
-0.48427113
-0.49960938
-0.48662693
-0.44883854
-0.39239981
-0.3265838
-0.26163613
-0.20737994
-0.17102093
-0.15792895
-0.1694959
-0.20240482
-0.24903374
-0.30255383
-0.35194601
-0.404493
-0.39772096
-0.36641713
-0.314471
-0.24937386
-0.17999515
-0.11782769
-0.071863405
-0.048243854
-0.053813002
-0.08721014
-0.1441623
-0.21867975
-0.30049027
-0.37795995
-0.48418564
-0.49972745
-0.48640918
-0.44846772
-0.39256467
-0.32657027
-0.26129161
-0.20775024
-0.17174932
-0.15904478
-0.17038686
-0.20242243
-0.24941373
-0.3025263
-0.35152047
-0.40498352
-0.39795796
-0.36635376
-0.31447315
-0.24925833
-0.18031388
-0.11779094
-0.071338688
-0.048746614
-0.053319824
-0.086815318
-0.14439648
-0.21831673
-0.30048084
-0.37780246
0.24573714
-0.042913325
0.28581148
0.12486017
-0.20149261
0.21370468
-0.14589726
-0.0955486
-0.035487765
-0.49878423
-0.021999435
-0.33225234
-0.25323674
-0.22598146
-0.29306375
-0.66630565
-0.28296462
-0.40285937
0.29380113
0.27988779
0.24631307
0.26203795
0.20417669
0.2391843
0.26677021
0.26334904
0.26368433
0.27775215
0.24743929
0.27251468
0.28395397
0.28468966
0.21885267
0.16009241
0.28362019
0.28456482
0.2563108
0.24953276
0.24755469
0.20135775
0.18327207
0.24110218
0.1659579
0.27340053
0.23564694
0.12669686
0.13578468
0.094644717
0.14722965
0.16409754
0.052287458
0.065884762
-0.083438424
-0.043510001
0.043304221
-0.21005586
0.065432721
0.062086792
-0.14319568
-0.34924985
0.10017426
0.044889548
0.25031601
0.11615826
-0.003273619
-0.086217844
-0.12691794
-0.041036059
0.23952579
-0.21463685
0.12133692
0.03380229
0.17625229
0.09768312
0.1944229
-0.017912612
-0.16469472
0.027037509
0.085709773
0.20883049
-0.060036952
0.24464537
-0.2299125
-0.28145908
-0.042112654
-0.015288713
-0.052150354
0.10348852
-0.14402612
0.155721
0.23176059
-0.15455053
0.255636
0.0076193592
-0.00067367239
-0.11979816
0.21693523
-0.078263941
0.10512322
-0.0096630114
-0.13302873
0.15944243
0.026654216
-0.036754672
-0.33921736
-0.61679111
-0.47222569
-0.56306087
-0.40837129
-0.21920387
0.2381984
-0.055588457
-0.27150982
-0.24547762
-0.17678148
-0.37802687
-0.31421644
-0.15344092
-0.16123585
0.10303998
0.15830375
0.26112817
0.21035615
0.25654481
-0.031303966
0.073888254
0.24611554
0.19886866
0.22731252
0.0024208694
0.27872045
0.04571115
0.043013731
0.18353795
0.27083696
-0.033702748
0.034620553
0.17556491
-0.10366717
0.17638338
0.10219566
0.25425109
-0.052230858
-0.29125273
-0.37736047
-0.076409305
0.15336738
0.13452977
0.26093348
-0.031862883
-0.23401373
0.20635332
-0.083509464
0.030445367
-0.4375132
-0.088148145
0.20729249
0.10620518
0.16543836
-0.35995968
0.07013195
-0.21184198
-0.36282123
-0.40600921
-0.068048865
-0.14284098
-0.37620587
-0.20579506
-0.54818559
0.059460322
0.25059534
-0.20277585
-0.31691523
-0.69189523
0.25945464
-0.33737448
-0.71149443
-0.6000068
-0.035127058
0.36986012
0.13722715
-0.19852471
-0.052998264
-0.1888228
0.19200193
0.035357103
0.016659509
-0.19811545
-0.17800878
-0.31802966
-0.5163424
-0.20438712
-0.2714134
-0.69141087
-0.34151149
-0.36914935
-0.63181651
-0.47670601
-0.36533464
-0.29402569
-0.19562384
-0.10397836
-0.010188818
0.075894642
0.13162284
0.21490509
0.24236649
0.30786662
0.3035265
0.34689827
0.31494734
0.27491947
0.33322671
0.25981891
0.21973932
0.18241168
0.1399445
0.21152361
0.070678274
0.17372585
0.095598792
0.29450213
0.36498476
0.31950596
0.12387275
0.14299772
0.04089246
-0.0031564613
0.13407328
0.34851062
0.26908403
0.23511387
0.15871351
0.12893734
0.29276253
0.037932426
0.17887369
-0.065438087
-0.10887094
0.019271211
0.058168395
0.06841119
-0.033913799
0.14656124
0.026265083
-0.032265155
0.11026849
0.38078706
0.023474147
0.045022138
-0.076835689
0.14551281
-0.13865397
-0.38531693
0.21749269
0.19140697
-0.16354877
-0.068003902
0.094143338
-0.089325076
0.13990173
0.10826265
0.0076529717
-0.057665905
-0.007514675
-0.11002459
-0.03440164
0.16072145
0.12444152
0.078727268
0.062097777
-0.034168559
-0.36652456
-0.20169977
-0.17608477
-0.25605016
-0.13600831
0.38079862
0.38524514
0.34736486
0.3549188
0.36884255
0.28789495
0.29272662
-0.07699657
-0.35528787
-0.28638643
-0.2621505
0.31845989
0.010556313
-0.10780851
0.16737554
0.15940158
0.25928403
-0.078959946
-0.4132163
0.17146748
-0.036449012
-0.16465288
-0.061779975
0.06079811
0.28214901
0.22503611
-0.0024480916
0.087084602
0.35688002
0.17714871
0.14166727
-0.17520306
0.24705632
-0.52758381
0.043568955
0.27567996
-0.015142055
-0.29563938
0.19017304
0.17509004
-0.19128598
0.23960685
-0.357344
-0.30840326
-0.59838899
-0.20514954
0.12491156
0.13338576
-0.10830864
0.082530364
0.12202835
0.053932422
0.3656359
-0.3231824
-0.039389665
-0.27435112
-0.038744786
-0.10882642
-0.20308498
-0.24967201
-0.40708821
-0.36656674
-0.70472992
0.073577444
-0.0040541331
0.025535622
0.054275093
0.013978818
0.34874975
-0.1415325
-0.12144202
-0.1193942
-0.13932349
0.38220413
0.042540359
-0.23266695
-0.27907295
-0.24396125
0.31976922
0.34708719
0.26778722
-0.41052285
-0.2142914
0.21427311
-0.041447308
-0.085936281
-0.12000317
-0.26222251
-0.51054398
-0.097258033
-0.38435324
-0.2855111
-0.44385229
-0.34749391
-0.51862844
0.39081775
0.37294128
0.27940153
0.31968922
0.18452944
0.23601696
0.35740821
0.28299609
0.38902176
0.32061089
0.1823366
0.22226605
0.34535896
0.24583512
0.069918615
0.072075913
0.35343475
0.2494079
0.12585781
0.12418551
0.42072615
0.0023260119
-0.0050237022
0.41575058
0.4381381
0.10325826
-0.032217649
0.41795233
0.42567445
0.39795574
0.40570206
0.39582672
0.3102238
0.32224708
-0.11917851
-0.15190646
0.18424248
0.065247335
0.20086611
0.0041520023
0.012788811
-0.10988957
0.39819277
-0.043649373
-0.21878937
-0.28262524
-0.36676434
-0.2987296
-0.0107138
-0.11454499
-0.1412415
-0.42285139
0.20309302
0.16076306
0.40345603
-0.33105626
0.33953198
-0.20974474
-0.2485781
-0.18834656
-0.18232683
-0.20195268
0.27808537
0.43322529
0.18407066
-0.45096979
-0.2348728
-0.1915092
-0.29700788
-0.31848809
0.22871636
0.35338135
-0.40376004
-0.28925411
0.24888197
-0.23821204
0.018706708
-0.38310675
0.23878706
0.3527715
0.31541604
0.31693704
-0.17902764
0.053450417
0.36187537
0.12399366
-0.2297024
-0.46979361
-0.47477672
-0.2532069
-0.52728176
-0.50373459
0.11529181
-0.30318709
-0.1016156
-0.2737167
-0.17247806
0.049139119
0.086484875
0.13303444
-0.30591175
0.39687566
0.13140394
0.4105732
-0.1689559
-0.14734588
0.10718044
-0.10534202
0.23432332
-0.27169823
-0.042188581
-0.073089129
0.34345614
0.44059859
-0.22741045
0.31637388
-0.29189874
-0.039531078
0.019033721
-0.21870748
-0.21429333
-0.35013672
0.41053051
-0.12272284
-0.35589631
-0.47726777
-0.47209162
-0.087357386
0.31258175
0.36794332
0.41187863
-0.18644039
-0.36401494
-0.22297214
0.40729099
0.3616809
-0.23451428
-0.29003068
-0.24829
0.3539184
-0.23938827
-0.50853384
0.37270994
0.38966609
0.19306074
-0.3783823
-0.48894933
-0.60069796
-0.33781331
0.32190186
-0.2766555
0.030331808
-0.44385719
0.2705389
0.23810277
-0.31330491
-0.44713858
0.059627164
0.28380827
-0.13558732
0.14104855
0.22805513
-0.13664186
0.23368763
-0.071492319
-0.32566765
-0.37759167
-0.14794907
-0.02990899
-0.53662046
0.0099614727
-0.69270223
-0.41468361
-0.22396426
-0.33898208
-0.77932198
0.23332779
0.26476975
0.14360748
0.29384722
0.14959056
0.3202746
0.42516386
0.45908726
0.51571554
0.54513285
0.47608115
0.54943906
0.56503656
0.54911969
0.47609709
0.16132024
0.51435805
0.47484037
0.50481677
0.40718626
0.52055512
0.43798546
0.31958022
0.42956479
0.42332083
0.25149921
0.14922472
0.46384645
0.31032882
0.29413349
0.38259168
0.29418678
0.23851386
0.31191426
0.22260389
0.045304702
0.16429871
0.05998999
0.21996847
0.048532081
-0.03688759
-0.031302091
0.32151178
0.17984426
-0.0077116408
-0.23313832
-0.19460151
0.0297979
0.48647972
0.42791197
0.42353308
-0.42514143
0.16086465
-0.043001429
0.17246611
-0.43574798
0.35202602
0.3812744
0.32503998
0.36034508
0.34556654
0.13507163
0.060812396
0.50524711
0.09344455
-0.59893698
-0.040052103
-0.13736677
0.20739032
0.2043098
0.24858561
0.35152175
-0.11973736
-0.22097575
-0.10658051
0.33493585
-0.14678639
0.018201491
-0.0044030612
-0.088197864
-0.06665856
0.045836082
-0.38332319
-0.10316768
0.2592538
0.15701973
0.12116459
-0.3460698
-0.36619929
-0.55677918
-0.68805482
-0.57851349
-0.26235987
-0.20566961
-0.070085412
-0.14214423
-0.048144567
0.11237011
-0.18577815
-0.02706373
-0.19369278
0.37776737
0.34240147
0.54993122
-0.24354932
0.19916447
0.52887476
0.35727614
0.3384969
0.3039924
0.45773608
-0.04476729
0.40126315
0.49207585
0.19371085
0.24350756
0.19530214
-0.22413807
0.3561078
0.29120622
-0.42006506
0.051206678
0.43183636
-0.22939867
-0.43414612
-0.7805001
-0.26756671
0.35877618
0.14954639
0.018332878
0.43744036
0.27287823
-0.59159888
0.29509371
0.39666689
0.13756146
0.20993152
-0.11743167
0.052104716
0.31191594
-0.29915471
-0.71462151
0.032180125
0.17624313
0.016458123
-0.42831036
-0.79590963
-0.32187321
0.061981637
-0.014779208
-0.094733855
-0.03563945
-0.20750596
0.26338402
-0.22715803
-0.35075957
-0.69481313
0.04303927
0.3762765
0.070905269
-0.039244662
-0.19596596
0.18764774
0.18354141
0.12312426
-0.10175268
-0.36189903
-0.078050959
-0.21571094
-0.14639296
-0.31724684
-0.25272981
-0.6233664
-0.36876303
-0.59427786
-0.36652086
-0.3553689
-0.27793115
-0.23684975
-0.17998054
-0.13528669
-0.070318051
-0.024823905
0.036806219
0.082176066
0.12903686
0.17554844
0.19832878
0.24592208
0.23837097
0.29018
0.28552321
0.24956144
0.33080612
0.30430737
0.34765499
0.29370878
0.35391151
0.028352032
0.23980398
0.20645848
0.15448567
0.18948276
0.16225209
0.37222209
0.35871617
0.24824776
0.1389724
0.15374217
0.10338159
0.034899501
0.11634052
-0.043393268
0.06405468
-0.021045711
-0.11702174
0.17152667
0.17039832
0.043725956
0.0030256776
0.38218247
0.35005207
0.025189238
0.088148138
0.35427506
0.36572426
0.064677384
0.14680511
0.019109383
-0.23544056
-0.31180429
0.084025869
-0.084066439
-0.2152843
0.30575536
0.16038231
0.074601906
0.29991392
0.17906088
-0.4213087
0.012622642
-0.010688674
0.16250349
0.00192306
0.29238632
0.30371464
-0.080675655
-0.033750989
0.013047995
0.00015279784
-0.053342583
-0.081426328
-0.26121256
-0.49806927
-0.34540626
-0.41485387
-0.50726078
0.37118863
0.14458304
0.11284721
0.14202816
0.029661532
0.14009685
0.13256875
-0.27891633
-0.1566104
0.011077278
0.1616377
0.036049277
-0.046744375
-0.20536422
-0.21045507
-0.17134156
-0.2031825
-0.18176111
-0.08672404
-0.05128867
-0.12733698
-0.16341398
0.10544293
0.30885064
0.24133206
0.38265912
0.33175205
-0.13719247
0.19076474
0.090710171
0.070185917
-0.098621651
0.21651215
-0.28354829
0.0095558022
0.23571311
0.28010187
-0.26312255
0.2063685
0.12877242
0.11933448
0.1219917
-0.097431021
-0.6800023
-0.34047055
-0.19120823
-0.30967675
0.065152315
0.28984319
-0.0053828681
-0.056047421
0.05297449
0.27961596
0.077399018
-0.16393431
-0.52402886
0.32304781
0.20367943
-0.052287612
-0.026702171
-0.019857281
-0.70508756
-0.40213295
-0.36943812
-0.082511517
0.00015943652
-0.048072701
-0.32893533
0.34868066
0.15906229
0.22681208
-0.14806582
-0.15926614
0.28419335
-0.14326829
-0.15484456
0.10952909
0.34059507
-0.29406818
0.32673364
0.21918669
-0.21341149
0.089089122
0.26232957
-0.026744183
-0.47014464
-0.089082502
-0.26380975
-0.26252787
-0.128674
-0.52766197
-0.27991735
-0.45204914
-0.34859864
-0.47213085
0.35342927
0.37152777
0.30490577
0.35535148
0.25423703
0.30323516
0.3919402
0.33452091
0.41291185
0.34687593
0.23773892
0.23709022
0.34198436
0.21847858
0.11487849
0.17780634
0.32214814
0.18689856
0.064262265
0.021621028
0.41074564
-0.10067171
-0.15039837
0.39221006
0.43210884
0.14775458
0.42855556
-0.25471949
-0.20099993
-0.30718028
-0.19638761
0.41806865
0.40307182
0.40679139
0.318985
0.32129423
-0.35055348
0.18907688
-0.32015159
-0.2650511
0.19146624
0.0028396364
0.1200458
0.036206002
0.37719898
0.083460231
-0.050899562
-0.099090341
-0.16249681
-0.12953775
0.36588933
-0.20916971
-0.15408074
-0.21963276
0.3999593
-0.23188387
-0.060331349
-0.37589364
-0.15635751
0.32960849
-0.11980142
0.43976906
-0.45683964
0.33492755
0.20264214
-0.25753504
0.20476486
-0.19204474
-0.24418284
0.33451727
-0.20281252
-0.08185708
0.086996934
-0.49216238
0.22427484
-0.33700543
-0.39413249
-0.22200209
0.24275514
-0.2480312
-0.10384876
-0.28394116
-0.22131027
0.39086649
0.36175192
0.34766818
-0.16783958
0.095225626
-0.23031587
-0.24075284
0.31446853
0.084833739
0.11764682
0.19077203
-0.39121075
-0.50898942
-0.2853024
-0.087569179
-0.27180421
-0.18669395
0.028576301
-0.30460302
-0.27555967
0.40550766
0.21838784
0.41815959
-0.025310369
-0.016451299
0.09753276
-0.05541807
0.29213263
-0.42121114
-0.022372661
-0.24903611
-0.37357355
0.44028065
0.10903483
-0.35150268
0.050949704
0.11116778
0.25608203
-0.09260948
-0.019824502
0.4094559
-0.41508279
-0.35236403
-0.52071578
-0.46589435
0.3316734
0.40878513
-0.0058075323
0.22390495
-0.44659954
-0.21778658
0.39920262
-0.11206885
-0.31270626
-0.38916619
-0.48780355
0.37431753
0.39620022
0.32252067
-0.31543292
0.4009173
0.22492143
-0.37868597
-0.48874371
-0.60121289
-0.18216488
-0.50983511
0.055764166
-0.22691267
0.23669278
0.30362073
-0.46930201
-0.29164258
0.2480135
0.071665186
0.13055986
0.19373909
-0.12762665
-0.069385522
0.23666741
-0.17845465
0.22501783
-0.32741733
-0.35260313
0.015843098
-0.030160915
-0.56425359
-0.15058919
-0.68818007
-0.4181946
-0.25672814
-0.33789834
-0.78073426
-0.08242384
0.033368005
-0.016577355
0.16278127
0.10559737
0.28840816
0.32833503
0.4381753
0.45708326
0.53497681
0.50569657
0.55701894
0.5666272
0.53564312
0.52181365
0.22398518
0.53073915
0.44706931
0.4418574
0.30325886
0.54667533
0.29786815
0.11829089
0.50171244
0.49703838
0.30636057
0.33738053
0.12155058
0.29201311
-0.085664757
-0.086415114
0.45097833
0.42381562
0.42654547
0.33129599
0.30428468
-0.30016165
0.2033228
0.13454084
0.28673485
0.15269455
0.044599255
0.031245531
0.1445111
0.055859422
0.32205877
0.24144459
0.059433558
0.15905013
0.3073975
0.40745105
-0.026156357
0.40126351
0.37152847
0.36832628
-0.28724381
-0.066447488
-0.48409585
-0.12816389
0.24450619
0.43706841
0.44210232
-0.47121449
0.28688237
0.23044374
-0.2000412
0.07756079
0.37850412
0.33674277
0.1598449
0.24076612
-0.24314122
-0.030725093
-0.65767205
0.031197143
0.15598413
-0.019426304
0.30897829
-0.18811875
0.27937168
-0.39159796
0.28215942
0.29368941
0.23091714
0.25885649
0.30863023
-0.38421602
0.13215049
0.12204397
0.079699963
-0.066072529
-0.070501552
-0.25945187
-0.084328443
-0.70186358
-0.53561727
-0.11509564
0.011629182
-0.12823233
-0.11903457
-0.0089791128
-0.19110091
-0.10902105
0.19412407
0.39106344
0.53223339
-0.052662579
0.38248556
0.51835138
0.42509292
0.43582519
-0.26839802
0.12543224
-0.44785029
-0.058481525
0.49554771
0.13874169
0.046023927
-0.16180153
0.4532114
0.30122204
-0.23302885
0.48444308
0.38891037
-0.14855229
-0.4197014
-0.77844487
-0.23609653
0.33440248
0.31356842
0.46747426
0.15399717
-0.21939197
-0.29280471
0.19878392
0.39888068
-0.22164224
-0.62085619
-0.41838694
0.25830891
0.31199828
0.048333551
-0.27105365
0.38474749
0.23560255
-0.42803189
-0.79439525
-0.3208484
0.32914076
-0.57866298
0.11812747
0.20123767
0.025422542
0.17357892
-0.73008674
-0.33196579
-0.020604707
0.12256949
0.292255
0.14591503
-0.078902075
-0.048909385
0.10586095
0.11458813
0.21167126
-0.34179891
-0.27037755
-0.018998648
-0.24215263
-0.17884459
-0.1581383
-0.37615367
-0.62238547
-0.2869057
-0.60912566
-0.37972084
-0.043050819
-0.018508856
-0.06329897
0.022085186
-0.028850731
0.073964575
0.11119265
0.16876977
0.19110724
0.24196783
0.21720865
0.2723137
0.28290912
0.28484009
0.25088086
0.020524834
0.28580942
0.25189395
0.25596684
0.18417087
0.28136231
0.20170478
0.092321568
0.2813938
0.2672784
0.072493446
-0.054217119
0.12734831
0.27161307
0.24145685
0.21212985
0.25238301
0.16712066
0.12618773
-0.0093891047
-0.18183095
0.06879639
-0.064871362
0.025594719
-0.047749908
-0.092834119
-0.042400417
0.0025298659
0.079036673
0.02192553
-0.10816654
-0.035436951
0.091093519
0.2615501
0.22706397
0.26597834
-0.17421637
0.077004113
-0.040043783
0.25397185
-0.22739135
0.082767378
0.25488643
0.26546843
0.18269943
0.24754734
-0.096798946
0.10200068
0.19286129
0.11627157
-0.28562581
-0.28200446
-0.35265679
0.22193209
0.2558398
-0.011137663
0.040956405
0.0527544
-0.47258901
0.037728138
0.24209079
-0.20967595
0.16168959
-0.13435998
0.23989034
0.25748192
0.23870127
-0.50526049
0.10715074
-0.033745345
-0.08295513
-0.048636275
-0.038648328
-0.08708123
-0.3319752
-0.29853126
-0.23662428
-0.14980823
-0.15507097
-0.059297195
-0.18135393
-0.16552484
-0.077316957
-0.20168966
-0.1247112
-0.43993889
0.052941913
0.13009746
0.25016667
-0.16316587
0.13611823
0.27836777
0.13203932
0.1785938
0.27875544
0.26625883
-0.21655417
0.25104606
0.24038335
0.00091215006
0.18553847
0.28664604
-0.19431457
0.18131753
0.23131877
-0.26114716
0.21909123
0.17051292
-0.37050551
-0.69826504
-0.40129612
-0.27597898
0.22118773
0.20769725
0.21145558
0.12025871
0.061229097
-0.31878075
0.14558074
0.061494931
0.20018092
0.18464005
-0.22996612
-0.17151756
-0.0026633533
-0.50634241
-0.3384221
0.2551365
0.25780953
0.16142798
-0.71286681
-0.40721264
-0.35900931
0.14322071
0.14039636
-0.3373432
0.046648508
0.034814333
-0.023523677
0.022151803
-0.59857978
-0.35458182
0.022390501
