FiniteElementSpace
FiniteElementCollection: H1_2D_P1
VDim: 1
Ordering: 0

-0.3696421
0.32039634
0.36962007
-0.32038037
-0.026492944
0.026493119
-0.33628476
-0.29988821
-0.26058693
-0.21878656
-0.17488127
-0.12927934
-0.082444477
-0.034815303
0.013163648
0.061005872
0.10827095
0.15447753
0.19916744
0.2419646
0.28246882
0.35499872
0.38614581
0.41369262
0.43724479
0.45657647
0.47153529
0.48195275
0.48771818
0.4887481
0.48511403
0.47683122
0.46387333
0.44647417
0.42481301
0.39904945
0.33628017
0.29988467
0.26058232
0.21878379
0.17488224
0.12926943
0.082431075
0.034802399
-0.013167363
-0.061007556
-0.1082593
-0.15447263
-0.1992008
-0.24200277
-0.2824584
-0.35488986
-0.38614992
-0.41366945
-0.4372423
-0.45663628
-0.47153408
-0.48192718
-0.48772383
-0.48877871
-0.48511727
-0.47678585
-0.46388725
-0.44651506
-0.42482737
-0.39904184
0.31614433
0.30896172
0.29876615
0.28571722
0.26992776
0.25154255
0.23073956
0.20771222
0.18268149
0.15589377
0.12761374
0.098089149
0.067610573
0.036497487
0.0050363366
-0.057737986
-0.088446949
-0.11830293
-0.14701953
-0.17431747
-0.19994261
-0.22364063
-0.24517622
-0.26435187
-0.28098087
-0.29492124
-0.30600008
-0.31410209
-0.31924085
-0.32131069
-0.31605474
-0.30888812
-0.29875235
-0.28574016
-0.26999246
-0.25158224
-0.23072895
-0.20772199
-0.18270347
-0.15589307
-0.12759319
-0.098076569
-0.067616206
-0.036500966
-0.005034963
0.057741676
0.088443527
0.11829208
0.14701302
0.17432929
0.19993164
0.2236205
0.24517619
0.26435045
0.28098291
0.29493101
0.30602213
0.31412225
0.31921149
0.32124315
-0.36507645
-0.35719342
-0.34585703
-0.33119848
-0.31334753
-0.29248506
-0.26880183
-0.24252255
-0.21390752
-0.18323709
-0.15081379
-0.11692181
-0.081894657
-0.046099946
-0.0098590706
0.062559084
0.098046595
0.13259215
0.16585701
0.19752431
0.22727998
0.25486673
0.28002074
0.30239067
0.32189567
0.33831052
0.3514335
0.36119587
0.36750792
0.37025859
0.36505893
0.35717845
0.34583989
0.33119883
0.31338752
0.2924881
0.26879679
0.24253922
0.21392187
0.18324191
0.15080034
0.11691633
0.081905126
0.046104443
0.0098605657
-0.062566364
-0.098050972
-0.13258504
-0.16584646
-0.19751343
-0.22728422
-0.25484807
-0.27997212
-0.30242307
-0.3219104
-0.33833848
-0.35149745
-0.36123403
-0.36752143
-0.37027693
0.48948374
0.31814399
0.26522006
0.3171296
0.23839085
0.48242116
0.46522473
0.37078856
0.19132641
0.42637344
0.45573904
0.17607875
0.34041075
0.39066809
0.13494102
0.35998411
0.41357502
0.10651722
0.28580726
0.30455025
0.28337663
0.32083151
0.29831882
0.33446382
0.35539398
0.36736249
0.38654806
0.39669798
0.37566414
0.40319483
0.42223825
0.4267698
0.38070211
0.31042067
0.44380769
0.44614088
0.42703696
0.44425941
0.43719644
0.42297998
0.43818379
0.45660178
0.44786958
0.46107849
0.37287355
0.41482025
0.39759938
0.42795699
0.4492156
0.46480757
0.45375553
0.43479333
0.43867008
0.4174699
0.43688867
0.42014808
0.38749768
0.36838357
0.39637332
0.39991785
0.27298349
0.28349935
0.32241363
0.31967726
0.29129884
0.25373843
0.26023808
0.29599102
0.47151043
0.21990475
0.37674999
0.34566114
0.47715146
0.45602031
0.46605298
0.44177902
0.21474233
0.39200779
0.35247256
0.40169589
0.42128718
0.48127545
0.43899851
0.1814804
0.36782614
0.3199235
0.31092347
0.36495725
0.26595007
0.4712467
0.47898514
0.41963124
0.48666172
0.35646111
0.37364658
0.28014307
0.24281738
0.29442567
0.47046358
0.33568731
0.26848322
0.48590054
0.47796519
0.4690948
0.44704549
0.40334828
0.41209611
0.38589198
0.36867034
0.36919359
0.30231001
0.33796022
0.20772638
0.22326129
0.16311619
0.14175523
0.18315241
0.382518
0.43656374
0.21777248
0.25952884
0.34021795
0.34510452
0.41369644
0.24454128
0.32519683
0.40580476
0.40390682
0.45717085
0.41442729
0.46098438
0.40324447
0.45860567
0.42653787
0.4733649
0.33837822
0.23306722
0.35214735
0.20520991
0.38101118
0.4119921
0.47172576
0.35601672
0.39678722
0.10793622
0.45602627
0.38579998
0.35501751
0.481457
0.38791568
0.17522299
0.35553431
0.39745337
0.32560993
0.34148426
0.44139021
0.48542309
0.479893
0.33585426
0.14577667
0.46911854
0.45310943
0.39119595
0.074177628
0.29565616
0.4035992
0.43305417
0.24201761
0.36072155
0.34511052
0.48609287
0.42289299
0.14925662
0.37975357
0.48807358
0.42105457
0.3412736
0.34092229
0.26460077
0.060727598
-0.15953835
-0.22181055
0.30008406
0.18918006
-0.082072127
-0.081174391
0.19692671
-0.17386169
0.3296506
0.12291976
-0.26015042
-0.01850588
0.28012585
-0.28222972
0.34299437
0.054145545
-0.27234954
-0.23230723
-0.21943495
-0.19003595
-0.1799351
-0.14600125
-0.12910957
-0.099326318
-0.084381794
-0.053308322
-0.036979966
-0.0063943273
0.010056314
0.040711864
0.056816877
0.026187332
0.087589068
0.072725235
0.041142922
0.08760056
0.055804768
0.11869977
-0.11183795
0.0089152266
0.023619498
-0.022445814
0.071292923
0.11777297
0.13337001
0.16328426
0.070327765
0.037906323
-0.02334878
0.10091773
0.14670388
0.16286525
0.19119413
0.20684867
0.1295894
0.23416092
-0.037923021
0.083724533
0.050955967
-0.1134612
0.17781085
0.20746102
0.0049845967
-0.072331735
0.14679335
0.19156486
-0.055126941
0.04997873
0.24855356
0.21915218
0.25961015
-0.088169736
0.015571882
-0.20597663
0.14831091
-0.052791624
0.096368016
0.15803635
0.22005881
0.24514182
-0.10712025
-0.086568449
0.25991251
0.28608469
0.26542673
0.1954359
-0.036518341
-0.13748202
-0.12320443
-0.13218262
-0.16517805
-0.17242715
-0.24579704
0.28265204
0.30089649
0.33657469
0.23889502
0.012642997
0.036275994
-0.0098668263
0.085312633
0.015734298
-0.032538947
0.10801932
0.24022676
0.088528374
0.080088533
0.15581804
-0.035468278
-0.12885376
-0.14716335
0.15351421
0.16948491
0.13111429
-0.051770508
-0.21788999
0.17745075
-0.20533981
-0.19141609
0.27245768
-0.0085964054
0.10342801
-0.0058121616
0.22115027
0.10222941
0.023352603
-0.068770414
-0.082764051
-0.15894526
-0.021271228
-0.23691452
-0.040708832
0.13370216
0.11494384
0.038147441
0.1779084
-0.067949687
0.14279766
-0.057916131
0.3167396
0.0089011616
-0.25957183
0.010400483
-0.096042792
0.19253265
0.31961909
-0.10378275
-0.11131332
0.23113297
0.081946199
-0.19303682
-0.15002642
0.31694103
0.29057055
0.12584986
0.065461996
0.11248674
0.34783025
0.027916797
-0.29175937
-0.19502328
-0.12074237
0.20917041
-0.069687669
0.23834087
0.0064067026
0.16607822
-0.019416353
0.30107449
0.22337675
0.05172272
-0.13248441
0.041925534
-0.21417787
-0.19831724
0.19983198
-0.056235936
0.084845068
-0.27616937
-0.13916235
0.25691189
0.12490281
-0.19370851
0.27860054
-0.072534916
-0.31052833
0.18093173
-0.27490956
0.071728304
0.25879767
0.003375283
-0.33434225
-0.0083197519
-0.028934451
-0.076502792
-0.04897239
-0.096255031
-0.068340212
-0.02077404
-0.039927436
0.0077853012
-0.011290607
-0.058879228
-0.030073914
0.01761472
-0.0011383983
-0.0770187
-0.11522496
0.04648477
0.027615012
-0.020064619
0.0087391849
0.065108444
-0.038981685
-0.010146901
0.093676109
0.11194851
0.037543841
0.018641359
0.026584055
0.13882387
0.15587173
0.12890329
0.12026007
0.17332686
0.14443984
-0.028542312
-0.00020633089
0.18731579
0.066196485
0.15841216
0.2076325
-0.14257195
-0.16097581
0.0189025
-0.13290407
-0.17794342
-0.20520157
-0.22125518
-0.19309037
-0.067607399
-0.086267687
-0.11442928
-0.24856467
0.084750917
0.1155349
0.16229752
-0.23001824
0.11339366
-0.13269858
-0.16035286
-0.1040841
-0.14087453
-0.047268227
0.12941788
0.054474422
0.21263269
-0.27021032
-0.018391191
0.028181608
-0.1854071
-0.20524974
0.12745437
0.08491058
-0.23336856
0.0049884668
0.15928419
-0.15187389
0.097338259
-0.23214881
-0.10350074
0.22345379
0.24128579
0.21953925
0.099007186
0.2701851
0.038948992
0.13349548
-0.10710203
-0.29488957
-0.2677712
-0.23630658
-0.32440761
-0.28811416
0.15543971
0.28466922
0.24707029
0.2525817
0.21470642
0.17177951
-0.14947029
-0.1233673
-0.03664217
-0.0014169475
-0.086890886
0.036041772
-0.18764577
-0.14929139
-0.048633965
-0.057012289
0.056268495
-0.17916895
-0.095287368
0.047382231
0.074647444
0.083071106
-0.093318913
0.10177354
-0.2285563
-0.16850046
-0.10470913
-0.16933254
-0.21176
-0.25316467
0.10040427
0.074440753
0.047210774
-0.31248288
0.28932831
-0.12196914
0.19749008
0.18237174
0.070832987
-0.075805777
-0.25291588
-0.12288886
0.0419502
0.14352265
-0.16635052
0.21756621
-0.063690576
0.063327271
0.05263249
-0.30437964
0.20484315
0.18020009
0.23474447
0.024906748
-0.34238971
0.29516518
-0.20463804
0.16508648
-0.036287545
0.24644179
-0.26432535
0.099755725
0.19072913
0.035926559
-0.28334885
0.2200171
0.48488775
0.28560392
0.25008445
0.17284231
0.46124581
0.47745191
0.1931234
0.35148876
0.3077571
0.12550163
0.45191947
0.42222333
0.11169072
0.33236408
0.3778364
0.057655348
0.40882116
0.36803524
0.22619424
0.26680938
0.29017236
0.30506679
0.32714434
0.34068488
0.31704761
0.3510796
0.32582949
0.3582286
0.38176271
0.38712796
0.36179267
0.38888567
0.40854938
0.3611476
0.36183459
0.38709794
0.4122949
0.40849627
0.33289618
0.43179445
0.42595907
0.33126887
0.30072007
0.40065703
0.41613882
0.29072557
0.29831426
0.26673122
0.26746943
0.32680972
0.231273
0.2317314
0.43913887
0.4274772
0.19614796
0.38886581
0.19419691
0.15453864
0.34609077
0.378241
0.2404686
0.39165387
0.40688529
0.39158708
0.41832581
0.4311048
0.43354967
0.45096162
0.45057534
0.40047946
0.37154612
0.3562098
0.29467361
0.37318534
0.2303608
0.46581992
0.4632215
0.46398467
0.44629562
0.44843144
0.34018829
0.29798634
0.19674491
0.37984738
0.43466682
0.41186232
0.4572847
0.47138032
0.18978701
0.22584621
0.44114148
0.41900956
0.32230071
0.47680629
0.3712819
0.46006123
0.27226841
0.25464804
0.2251509
0.23037059
0.36589177
0.15795462
0.19936469
0.15164044
0.46708759
0.44341413
0.42801907
0.32167453
0.39728749
0.40290192
0.32950304
0.091317152
0.13479155
0.09872302
0.11204077
0.15346715
0.29118818
0.31083594
0.43230502
0.28020599
0.37313786
0.3313399
0.36129111
0.41751565
0.41222469
0.44684423
0.38132434
0.47618321
0.43142572
0.40222084
0.35833423
0.30097562
0.46501533
0.35150839
0.48155636
0.3278114
0.4016079
0.48334408
0.34229638
0.47365288
0.26625048
0.38525952
0.38397141
0.34424979
0.055808066
0.42571605
0.23185573
0.29091413
0.26317388
0.45814676
0.35320988
0.47299699
0.25575304
0.32087439
0.439411
0.077846897
0.45316495
0.21337503
0.39466706
0.37791248
0.2605842
0.265782
0.19545658
0.38679901
0.34112538
0.021760605
0.44719905
0.31173511
0.43889824
0.16030659
0.44789552
0.18998526
0.29854171
0.3980955
0.35778436
0.16856704
-0.0042807
0.18729827
-0.25664493
-0.18466868
0.082571702
-0.14821366
0.11129024
-0.31684766
0.24558207
0.052225794
0.17758003
-0.24093644
-0.12165268
-0.33410918
0.27061999
-0.053640594
0.25925228
-0.31931281
-0.087638956
-0.075830754
-0.10900988
-0.06306651
-0.095606727
-0.049284454
-0.081468709
-0.034831409
-0.066732011
-0.019854216
-0.051009056
-0.0042972538
-0.035631038
0.011136324
-0.020304555
-0.066916031
0.026766263
-0.051338054
-0.098109456
-0.08188604
-0.12826356
-0.035013303
-0.11035125
-0.14403077
-0.1734429
0.027254635
0.058150867
0.073645145
-0.065233966
-0.018447263
-0.15703389
-0.20132827
-0.18835347
0.10355763
0.11935237
0.088194913
0.13366654
0.10174352
0.15037628
0.14680161
-0.15806566
-0.18343031
-0.22685474
-0.0024444874
-0.047924231
-0.00051627455
-0.24367018
-0.20249026
-0.094782453
-0.077658569
-0.23063543
0.086796944
0.11410201
0.180342
0.19035232
-0.17279459
-0.27129762
-0.037277696
0.01180049
-0.12731044
-0.20559235
-0.12210148
0.069365406
0.22319291
-0.24576105
-0.27036947
0.079304711
0.1228651
0.040510576
-0.10994841
-0.28903004
-0.28435131
-0.21442571
-0.17904603
-0.21437843
-0.17667498
-0.15390906
0.2321112
0.19686839
0.21844537
0.25902681
-0.060721298
0.16330468
0.14199424
0.11799534
0.16373621
0.097810266
0.065055045
-0.28163694
-0.26121003
-0.19786383
0.13829313
0.081453574
0.034360105
0.2292135
0.20172325
-0.32842611
0.020570708
-0.13988535
-0.13245021
0.20909227
-0.20916368
0.15687893
-0.2165508
-0.0042737356
-0.11329093
-0.030687718
-0.1113975
0.16785356
0.04007707
0.011881521
0.043696488
-0.01168441
-0.082368182
-0.032226126
-0.25760375
0.042551361
-0.13923003
-0.30350646
0.057495889
-0.096449296
0.09077578
-0.17897954
0.19198629
0.27780128
-0.34191457
-0.30067593
-0.0097582676
-0.14066651
0.027247391
0.13300534
-0.30419244
0.065091796
0.037434187
0.12706261
0.0068721193
0.23769276
0.035285559
-0.16317023
-0.24521294
-0.22210049
-0.14855493
0.29178751
-0.34797564
-0.029531317
-0.24580756
0.027375734
-0.2874022
0.21549168
0.0064659724
0.0621823
-0.1441763
-0.30347207
0.15952569
-0.10689249
-0.16702443
-0.27758477
0.12169743
0.060694555
0.2281668
-0.20245326
-0.25642083
0.1410375
0.14796573
-0.086364334
-0.12986243
0.2960948
-0.17916894
0.071968897
0.23828131
-0.27916782
0.32344994
-0.075272819
-0.28626387
0.0024793337
0.31495284
-0.22262651
-0.17946742
-0.15757488
-0.1343771
-0.11159404
-0.087589865
-0.10983782
-0.062573902
-0.084406925
-0.036788064
-0.014714628
0.011312281
-0.010815636
0.037409754
0.032835174
-0.064325325
0.015298451
0.062949462
0.084983462
0.11025365
-0.032900772
0.13159305
0.15633429
-0.0069502965
-0.05484526
0.08776701
-0.13065449
0.17708304
0.1514954
0.20111833
0.17947457
-0.028429198
-0.076205803
-0.10222066
-0.12358843
-0.14862246
0.22337238
-0.16737756
0.19621276
0.16978643
-0.19315713
-0.20992805
-0.087703839
-0.040269012
-0.20011741
-0.01643707
0.0077540595
-0.015997043
0.032047614
0.054672251
0.019053024
0.0077385729
0.12475713
0.14188831
-0.0023147848
0.20087899
0.15617034
0.24245892
-0.038685085
-0.1722653
0.096870889
-0.10509516
0.26209977
0.044409486
-0.14113554
-0.015906407
-0.21803736
0.11420152
0.15800666
-0.19367374
0.079433477
0.17577591
0.13067085
0.28816536
0.10152099
0.21362137
0.23809072
0.12388887
-0.1795357
0.20074686
0.19716741
0.18628963
0.1711196
0.0081776593
-0.038715179
-0.066796847
-0.10284814
-0.13568417
0.10683644
0.061904499
-0.24165985
-0.26005753
-0.15563806
-0.13404628
0.27821111
0.31061466
-0.22181192
-0.2009454
-0.24377918
-0.25764303
-0.23696824
0.038135463
0.026653311
-0.15571212
-0.039713026
-0.058565378
-0.063536748
0.029820415
0.058996078
0.10583715
0.040879539
0.24138864
0.13404598
0.2192414
0.21951301
-0.080354609
0.11092663
0.25375846
-0.11015108
0.0075834645
0.065683268
-0.08458529
0.078685601
-0.12681751
0.2767152
-0.041949084
0.33075848
-0.26186214
-0.095222696
-0.14955293
0.053316555
0.087800685
0.25921404
-0.058680151
-0.17313157
0.07346109
-0.2931391
0.26078176
0.27850439
0.027799296
-0.019095433
-0.21815395
-0.0027032405
-0.047083703
-0.11625287
-0.02530124
0.34411204
-0.29419385
0.090864467
0.2944308
-0.16287056
0.1033214
-0.23110289
0.066248373
0.29549423
-0.040109309
0.10434523
-0.17826768
-0.25258735
-0.48129365
-0.28224862
-0.19416982
-0.47787896
-0.29279554
-0.17192121
-0.34798214
-0.44302838
-0.11313901
-0.45187877
-0.32329807
-0.12389969
-0.39668649
-0.37586491
-0.061065894
-0.40925629
-0.33989045
-0.2549062
-0.29271957
-0.31927592
-0.32786238
-0.35298579
-0.36007138
-0.33328635
-0.36382389
-0.3353561
-0.36420726
-0.39091368
-0.38950133
-0.36094924
-0.38445286
-0.41384162
-0.38347002
-0.35414584
-0.37575658
-0.40423016
-0.39369183
-0.32889359
-0.42026874
-0.40774353
-0.32037176
-0.29362181
-0.36352996
-0.30366408
-0.43235685
-0.44279594
-0.41782815
-0.3912692
-0.28457558
-0.25682414
-0.26415223
-0.22508829
-0.23225058
-0.39935493
-0.19366778
-0.45275431
-0.46103274
-0.19851473
-0.15482179
-0.37471905
-0.403259
-0.26299724
-0.41022056
-0.42804272
-0.41908328
-0.4418468
-0.44829572
-0.30895228
-0.43048412
-0.4489406
-0.46491081
-0.27333499
-0.37090389
-0.36097232
-0.37761833
-0.40660825
-0.23767875
-0.45079431
-0.30428
-0.4039704
-0.29640837
-0.18785527
-0.41548617
-0.20104628
-0.46467116
-0.47655931
-0.23936656
-0.46009172
-0.33731277
-0.32552954
-0.38283224
-0.28844014
-0.46878905
-0.45849654
-0.47295896
-0.3074619
-0.48478734
-0.31115575
-0.47480419
-0.48353969
-0.22479235
-0.1996054
-0.21104828
-0.36357505
-0.14123312
-0.46705104
-0.453479
-0.22456418
-0.16737151
-0.3291244
-0.34284044
-0.33194883
-0.42216932
-0.083499904
-0.1290552
-0.097625566
-0.11737536
-0.16156874
-0.43286165
-0.43539871
-0.29974105
-0.38887848
-0.3341412
-0.39251557
-0.43234293
-0.41087745
-0.42869386
-0.34386319
-0.42378697
-0.37935402
-0.34739123
-0.43997691
-0.30063854
-0.34784638
-0.47329204
-0.36245373
-0.41348042
-0.33087584
-0.37909789
-0.43292608
-0.26953402
-0.46021312
-0.38827377
-0.36882839
-0.052389683
-0.21906125
-0.27296012
-0.43390838
-0.31452096
-0.44387809
-0.39191927
-0.27206135
-0.4502396
-0.087238049
-0.35495696
-0.42593477
-0.26302169
-0.23645023
-0.23262177
-0.41606936
-0.24874211
-0.18066
-0.38678087
-0.34141284
-0.021635976
-0.46136191
-0.40645464
-0.14990994
-0.46790485
-0.20631224
-0.28520327
-0.35692923
-0.39799914
-0.26199289
-0.16337405
-0.28694149
-0.48523252
-0.2939748
-0.35506664
-0.21690608
-0.31845032
-0.48211763
-0.44630052
-0.20824625
-0.45615364
-0.34010068
-0.16373735
-0.38258695
-0.14319576
-0.40116428
-0.39619558
-0.35688718
-0.10324217
-0.3179545
-0.33058646
-0.30578577
-0.34048474
-0.31421851
-0.34749338
-0.37209808
-0.37737113
-0.40016675
-0.40356423
-0.37887959
-0.40318594
-0.4259209
-0.42354306
-0.37683947
-0.31962702
-0.44423992
-0.43974622
-0.41698835
-0.43114667
-0.44450127
-0.40631941
-0.41845136
-0.46066034
-0.45875002
-0.44120895
-0.42644476
-0.39303513
-0.47237642
-0.46807728
-0.45235725
-0.47199641
-0.45967248
-0.44154811
-0.40202055
-0.4077155
-0.44728014
-0.44712237
-0.42667567
-0.43306073
-0.28497285
-0.2887709
-0.3518918
-0.32210412
-0.2897726
-0.25504787
-0.25474961
-0.28783467
-0.39018472
-0.37759394
-0.35966763
-0.21733254
-0.45967423
-0.46409302
-0.48120605
-0.21876355
-0.41892513
-0.34523714
-0.32554425
-0.36141824
-0.33888364
-0.38220029
-0.47321238
-0.41873614
-0.46289852
-0.18179405
-0.38658829
-0.41037303
-0.30385888
-0.28783967
-0.40112012
-0.39442165
-0.25377607
-0.38257093
-0.47632718
-0.32611439
-0.44963139
-0.2614955
-0.26780244
-0.48934106
-0.48812239
-0.48293256
-0.42509649
-0.47078959
-0.33766331
-0.37741618
-0.33029227
-0.19093807
-0.21298505
-0.17568047
-0.13379934
-0.17737311
-0.46517186
-0.43713533
-0.44445556
-0.42286302
-0.4072682
-0.40742531
-0.23884831
-0.27807884
-0.3472151
-0.36341191
-0.35135367
-0.42415052
-0.25258053
-0.32107124
-0.39885868
-0.39211898
-0.45176648
-0.30857602
-0.37058198
-0.43050664
-0.45812468
-0.44055856
-0.35226672
-0.46758515
-0.26450291
-0.24771271
-0.35152782
-0.30410264
-0.21572758
-0.24226725
-0.43256663
-0.43024306
-0.37379414
-0.11105464
-0.41448339
-0.34781296
-0.4734877
-0.48554053
-0.40909935
-0.37357637
-0.18158807
-0.34091576
-0.38166322
-0.47854664
-0.31532131
-0.38296918
-0.36019438
-0.36835405
-0.40775777
-0.14371325
-0.48712677
-0.47983895
-0.473846
-0.34683227
-0.074519637
-0.39206575
-0.28348397
-0.48126394
-0.36453982
-0.46024502
-0.22516749
-0.37994364
-0.47789231
-0.38548603
-0.15262005
-0.45005536
