FiniteElementSpace
FiniteElementCollection: H1_2D_P1
VDim: 1
Ordering: 0

0.09936562
-0.020968842
0.099240477
-0.021790049
-0.67820428
-0.67788291
0.12467193
0.097791204
0.023862647
-0.088455529
-0.22293621
-0.35951182
-0.480843
-0.56868089
-0.60929524
-0.60098719
-0.54568182
-0.45003674
-0.33084398
-0.20866579
-0.098947619
0.015011604
0.0042895235
-0.050986887
-0.14144828
-0.25200566
-0.36405947
-0.45948776
-0.52233111
-0.54127509
-0.51241473
-0.44009751
-0.33245197
-0.20624226
-0.080087636
0.027530251
0.12413019
0.097579903
0.023349362
-0.088677809
-0.22336911
-0.36011638
-0.480281
-0.56813006
-0.6099047
-0.60129869
-0.54478813
-0.44995547
-0.33208744
-0.2092049
-0.099539591
0.015771947
0.0043648991
-0.050829821
-0.14108279
-0.25190467
-0.36383943
-0.4590063
-0.52258042
-0.54182766
-0.51316603
-0.44010883
-0.33266223
-0.20641167
-0.080295779
0.027396751
-0.021050273
0.025434226
0.10691431
0.20749603
0.30680264
0.38415797
0.42126338
0.40526521
0.33126936
0.20332261
0.033433226
-0.15730808
-0.34601409
-0.50893339
-0.62373209
-0.65458997
-0.5652053
-0.41751556
-0.23051669
-0.027710284
0.16591054
0.32756216
0.43947164
0.49226704
0.48485279
0.42550816
0.32891838
0.21545604
0.10753089
0.023032732
-0.021365402
0.025563326
0.10729827
0.20786181
0.30764507
0.38495392
0.42152866
0.40549375
0.33163469
0.203411
0.034063018
-0.15711202
-0.34656291
-0.50940914
-0.62349868
-0.65421255
-0.56462924
-0.41701478
-0.23032508
-0.028153161
0.16499322
0.32745571
0.43915862
0.49211204
0.48476284
0.42567525
0.32947431
0.21569492
0.10717456
0.023167212
0.13227597
0.19205854
0.26757733
0.34728002
0.41564791
0.45793653
0.46158037
0.41857474
0.32753906
0.19319167
0.026376513
-0.15573736
-0.33442603
-0.49146381
-0.60907957
-0.68214779
-0.6347626
-0.53865592
-0.40740209
-0.25821029
-0.10860186
0.023150764
0.12547032
0.19107324
0.21833388
0.21283303
0.18405773
0.14555024
0.11090779
0.091941566
0.13218327
0.19124749
0.26677089
0.34654413
0.41584817
0.45798469
0.46153763
0.41912477
0.32794947
0.19335763
0.02669857
-0.15562118
-0.33475884
-0.49134073
-0.60839501
-0.68312007
-0.63553909
-0.53880161
-0.40739688
-0.25805508
-0.10904782
0.023073513
0.12558828
0.19101356
0.21838516
0.21293153
0.18421359
0.14549412
0.11114013
0.092043784
-0.47783441
0.13164949
0.42589792
0.5226573
-0.19077993
-0.44374318
-0.23140882
0.15125879
-0.12318816
-0.018702863
-0.25410496
-0.47399046
0.33089066
0.070356029
-0.49561734
0.086244008
-0.029561384
-0.65534119
0.51990075
0.50018868
0.37488968
0.44261502
0.29697372
0.36008928
0.46526126
0.37570606
0.43409972
0.33794016
0.28049772
0.24213198
0.24965703
0.15769674
0.19683561
0.20805329
0.11964369
0.039375237
0.088991954
-0.011964872
0.21844218
0.051807777
-0.029011612
0.053554679
0.15556431
-0.095106216
0.51329593
0.047305455
0.08987996
-0.013467974
-0.11638211
-0.0271592
0.078445357
0.25567556
0.17241175
0.33694812
-0.077504695
0.24374012
0.099645423
0.10137682
0.38271944
0.2563325
0.11107478
0.026526537
0.56393648
0.12551082
-0.037367586
-0.16260676
-0.19732118
-0.069387553
-0.12273655
-0.34122606
0.10271474
0.068806763
-0.20452625
-0.19394234
-0.22817564
-0.12970201
-0.29002198
0.4667389
0.080387335
0.43990951
-0.019848675
-0.27817838
0.086506083
-0.45824266
0.48228867
0.0024349525
0.016608813
0.54103901
-0.18372717
-0.31626981
-0.34500337
-0.033211964
-0.43639857
0.12792534
0.13219165
-0.10331445
0.27571183
0.054899565
-0.35619135
0.090069699
-0.055404848
-0.42633545
-0.34046597
-0.18231689
-0.11377508
0.041149928
0.11721072
0.1462049
0.26475398
0.38514508
0.54923177
0.45814519
-0.33920627
-0.34416679
-0.32754192
-0.58429356
-0.48194856
0.11139647
-0.13877513
0.085190456
0.19940931
0.53242753
0.26855417
0.34961052
-0.09440675
0.062946627
0.16246049
0.11017384
-0.12311045
0.025147998
-0.034505068
0.069473266
-0.24625779
0.31864515
-0.18751143
0.17138256
-0.0043219544
0.18520658
-0.21338458
0.13583251
0.40371315
-0.22558254
0.17570923
0.036830207
-0.62339583
-0.00675216
0.5069536
0.12112498
-0.32116515
0.10962764
-0.40371916
0.56004196
0.075898999
0.022147596
0.20760444
-0.15098193
-0.3612856
-0.29188622
0.56552331
-0.57794668
-0.11264422
-0.0667073
0.045736371
-0.67665724
-0.076667777
0.040549089
0.034002591
-0.2435029
0.16490581
0.52784404
-0.38422292
-0.063485453
-0.52492131
0.056554203
-0.50131909
0.15782789
0.035097631
0.10007155
0.21713724
-0.46369883
0.40991846
0.36138904
0.257381
-0.1223497
-0.51025905
-0.047058091
-0.12780137
-0.34372293
0.19430436
-0.43172261
0.14515359
-0.43044186
0.07126788
-0.040160476
0.12739098
-0.62248563
0.036674837
0.04139883
0.16941305
0.046086024
0.21398965
0.054234063
0.21283592
0.064839488
0.21828994
0.083435898
0.23078873
0.1108716
0.24634325
0.14530763
0.26248901
0.32683315
0.18369601
0.31953602
0.34025063
0.30931018
0.283847
0.30988055
0.33007281
0.33597534
0.23521186
-0.060081192
0.041242187
0.10228234
0.27914283
0.29835162
0.16627078
0.08040678
0.30762366
-0.049043721
0.031771882
0.16198234
0.10904199
0.21175561
-0.12480727
0.16938268
0.38433715
0.010081535
-0.10087281
-0.10237174
0.25189838
0.28404931
-0.010432823
0.37595025
0.1915867
0.15456188
0.25987534
-0.13280718
0.24222482
0.066157903
0.13424806
0.42314319
-0.21487772
-0.065868215
0.28785687
0.3906616
-0.15122666
0.069691851
0.27343171
0.047235737
0.3449869
0.20171221
0.27710334
0.24968697
0.27045964
0.030864555
-0.089346361
0.29582911
0.42917445
0.43745224
0.45088996
0.41594423
0.2613235
0.1112477
0.17574852
0.15740696
-0.015309807
-0.5240377
-0.39481534
-0.42527171
-0.31720226
-0.27793539
-0.25563596
-0.36612855
0.11907376
-0.54751503
-0.41383131
-0.28954334
-0.5402012
-0.43963515
-0.29393055
-0.24778536
-0.13421382
-0.24383621
-0.24679182
-0.2326896
-0.020440964
0.43282373
0.32820714
0.20635023
0.17023116
0.2769671
0.36882534
0.22612147
0.23469083
-0.0065024801
-0.091458788
-0.2597849
-0.12422167
0.33153298
-0.094775104
0.097316034
0.22080051
0.11269178
-0.49905362
0.25185907
0.33068934
-0.15706514
-0.41348395
0.11500957
-0.5769218
-0.13033522
-0.36722997
0.40066465
0.29320716
0.22994808
-0.37545679
0.13640583
0.28869555
-0.19475396
-0.21043408
0.33339312
0.14042677
0.23727609
-0.025086809
-0.26582857
-0.29945761
0.11562389
-0.65121738
-0.067404975
0.4387833
-0.24214385
-0.041159598
0.059717825
0.26393303
-0.146052
-0.047356366
-0.25332663
0.21610049
-0.014733689
-0.27312005
0.39483059
-0.36381757
0.26757343
0.37225776
0.32890339
-0.54954378
-0.60066926
0.44650377
0.11211528
0.37103518
-0.13323139
-0.15630698
0.17445622
-0.23824781
0.3197016
-0.39281286
0.075317744
-0.45428431
-0.14942007
-0.53161861
0.1801412
-0.61804306
-0.56441748
-0.47152955
-0.4563354
-0.34439365
-0.30705062
-0.39495011
-0.23641636
-0.29622113
-0.14338737
-0.071271012
0.00095871698
-0.04268433
0.066298294
0.078090082
-0.18425676
0.052276832
0.1137414
0.13768681
0.13085928
-0.045374466
0.16427125
0.10287427
0.077715681
-0.0075415787
0.095103695
0.013818202
-0.43508019
0.13567298
0.057984144
-0.11366832
0.17544366
-0.035399544
-0.22280627
0.036849389
-0.095387601
-0.13008524
0.033550698
-0.31500978
-0.18197569
-0.20520946
-0.044873962
-0.60854285
-0.012806001
0.11784928
0.089212243
0.23282568
0.25930981
0.19456539
0.22685482
0.27252489
0.19661011
0.12760743
0.09776928
0.24661409
0.068923
-0.39508281
0.30474492
0.35577351
0.21451903
0.28406242
-0.045289059
0.19221853
-0.3088068
0.054158176
0.16083042
-0.20385699
-0.2268377
0.36947345
0.42673953
-0.47237272
-0.5207385
0.34974878
-0.37225795
0.20268916
0.29882546
-0.044188384
0.42458349
-0.43794344
0.40710207
0.41571889
0.29780887
-0.30947856
0.28053799
-0.6346301
-0.51499692
-0.058500868
0.3905541
0.32626046
-0.02365475
0.2449228
0.25053113
0.060455257
0.067197026
-0.0046320819
-0.098343386
-0.26034876
-0.37411815
-0.300548
-0.34190853
-0.40675703
-0.52465451
-0.13638009
-0.17478677
-0.060240473
0.14376757
0.11752865
0.14644531
0.13456031
0.38365643
0.19513919
-0.092370268
0.12722648
-0.1629993
0.023932382
0.1739538
0.44708865
-0.19710588
0.0307152
0.25837375
-0.054636348
0.4676415
-0.28217659
-0.201476
-0.56864646
0.1380084
-0.01587164
0.17321959
0.14439895
0.31527246
-0.4274398
0.095412557
0.064084468
0.17509402
-0.53976474
0.23715715
0.27420809
-0.28337792
-0.13840794
-0.60088711
-0.35197103
0.19247571
0.3424034
0.21693802
0.2161263
-0.62617958
0.14035618
-0.051416479
0.34775238
0.26444599
-0.28554532
0.11216845
0.39955758
-0.55769539
0.23139053
-0.46894186
0.12775471
-0.03840692
-0.55882294
0.4236384
0.37941701
0.11757543
-0.35188483
-0.47900955
0.11313752
0.32507619
0.23032667
-0.2319799
-0.25216988
-0.1336188
-0.24482561
0.063782457
0.17171168
-0.51325559
0.0085520216
-0.0082369908
0.33972854
0.31504612
0.31820192
0.25524076
0.22466713
0.16175724
0.19226006
0.10645209
0.14430374
0.072081517
-0.004547946
-0.02436315
0.068094411
-0.010616774
-0.12894343
0.10299867
0.097147254
0.036237422
-0.10420774
-0.040035015
0.13266111
-0.2006246
-0.12040816
0.17395315
0.15926382
0.049645579
-0.018137557
0.18513704
0.20988095
0.14466538
0.1111566
0.23700983
0.046549873
0.035092697
-0.19132901
-0.080437231
-0.066770307
0.15092682
-0.05718527
-0.20644956
0.16500698
0.030507827
0.26389205
-0.036677037
-0.11300806
-0.037961205
-0.16960601
-0.24883025
-0.24701104
-0.34909047
-0.37124503
-0.083611686
0.20139721
0.29997102
0.27762346
0.025736112
0.062853215
-0.46481031
-0.45817541
-0.42593324
-0.35276096
-0.24667299
0.31418342
0.14663324
-0.034232002
-0.017864268
-0.12691807
0.032013752
-0.41583316
-0.49286629
-0.0050948248
0.11582194
-0.2896017
-0.024496887
0.39126497
-0.52429696
0.25554292
-0.40295018
0.3661135
0.36254737
0.25791556
0.17552972
0.24879861
-0.06466835
0.24987173
-0.054294719
-0.37949573
-0.23678596
-0.19860796
0.14032084
-0.051915803
-0.087900424
0.3997233
-0.39016988
-0.2635189
-0.39846453
-0.32834762
-0.16030523
0.31173855
0.27907436
-0.11711001
0.24567157
0.041251821
0.12242616
0.093441566
-0.17657725
-0.13433886
-0.28430768
0.11090028
-0.53041456
-0.25471764
0.091172892
0.15471333
0.1371477
-0.38413503
0.23039025
-0.52577502
0.21316744
-0.093200711
-0.54064709
0.13408421
-0.45381358
0.11040961
0.18528763
0.11368436
0.01139141
-0.52006391
-0.22702587
0.099658072
0.35387007
0.14164899
-0.35002908
0.061999351
-0.47295258
0.1978275
0.30787214
-0.30695494
-0.39432787
-0.27147893
0.17299045
0.11986209
-0.022103432
0.29314077
0.21076124
0.023669045
0.077946864
-0.0046275384
-0.60475634
-0.34262926
0.37160579
-0.15830853
-0.13875493
-0.29947037
0.070021859
0.44344168
0.078483982
0.022006647
-0.14894059
-0.52178079
0.44399513
0.20378573
-0.13907746
-0.50227038
-0.26517902
0.14191792
0.23443432
0.26401613
-0.24588477
-0.33391745
-0.011107536
-0.43094211
0.1599167
0.040461796
-0.62266539
-0.13302249
0.11571096
-0.5486938
-0.40228944
-0.27737991
-0.2231042
-0.099749487
-0.030245637
0.074524736
0.14636825
0.22028335
0.28164731
0.31506818
0.35714441
0.34279189
0.36112311
0.30088588
0.30323654
0.29609368
0.22013987
0.24559251
0.12984269
0.17767927
0.084263477
0.17005893
0.26832538
0.22022726
0.34401404
0.37373642
0.28735221
-0.02681777
-0.084749331
0.10922083
0.16873905
0.28375425
0.3756826
0.27331532
0.14987718
0.12836303
-0.019289448
0.36907817
-0.034281515
0.30157979
0.052271345
0.12479275
0.062021301
-0.20343351
-0.26647715
0.2112988
0.29178335
-0.12086939
-0.2949797
0.28733044
0.42195578
-0.19102415
0.10882026
-0.03812718
0.27077625
0.17517404
-0.33580428
0.046320831
0.2987788
0.012874662
-0.18280595
-0.16939935
0.087339299
0.27238634
0.27598256
-0.34108601
-0.33937452
-0.45590028
-0.31428573
0.23401293
0.24585121
0.23879779
0.18730681
0.14275537
0.065011584
-0.28834815
-0.031391272
-0.1847753
-0.23073826
0.15175459
-0.46748134
0.39990553
0.43677822
0.36837111
0.44504572
0.41241813
0.32321084
0.073581945
0.066598325
-0.12588233
0.29588809
-0.04704502
-0.11611753
0.36049391
0.30691492
0.19740386
-0.43272437
-0.14124235
0.018198901
0.42740465
0.0081523365
-0.18626445
0.25068236
0.19600145
0.30423091
-0.37806638
0.041156067
0.24668807
0.3925058
0.22698234
0.16283843
-0.13605933
0.32146888
-0.485203
0.26301764
0.17233425
-0.030111674
0.12899622
0.010930144
0.27342032
0.23938287
-0.12111282
0.39386867
-0.043157702
0.12850369
0.16140352
-0.57785319
0.23123788
-0.13273974
-0.43536872
0.25206156
0.068049381
-0.30329869
0.42550428
-0.31697314
-0.12711436
-0.55688763
-0.076319627
0.08848229
-0.017405733
0.1325017
-0.067704101
0.11549844
-0.65417401
0.10709691
0.014163361
0.2594781
0.20469895
-0.397931
0.39171799
-0.20734802
0.19725659
-0.2932732
-0.3913709
-0.049186104
0.12677352
0.43764219
-0.54174174
0.44761084
0.34064673
0.37265769
0.11856469
-0.30557612
-0.59939552
-0.11651326
0.38877401
-0.39824074
-0.23866414
-0.017191437
0.1704552
0.24318946
-0.44844559
-0.019304398
-0.54328779
0.13425341
0.40491539
0.30941936
0.24287257
0.22184897
0.16401735
0.15813975
0.15823535
0.11261076
0.058039278
0.033571504
0.10558568
0.049656468
-0.067911158
-0.027276471
0.13597243
0.11690644
-0.17744548
-0.11148324
0.049120185
-0.014587323
-0.20106544
0.147319
0.096597142
-0.32892503
-0.33166198
-0.18889798
0.11884678
0.24882148
0.27767888
0.20301603
0.043913286
-0.45848978
-0.43610244
-0.28421327
-0.36898148
-0.19437013
0.15217455
-0.26647415
0.36370913
0.36378201
-0.078478223
-0.16748824
0.066416296
0.040262163
0.32614152
0.10953006
0.056675282
-0.060675279
-0.017773636
0.10968856
-0.42969776
-0.17621305
0.27940107
0.32651142
-0.54280036
0.00061848361
-0.12565963
0.10734204
-0.1932843
-0.0049759451
0.24811427
-0.023403934
0.22690736
-0.48461645
-0.42116889
-0.32479293
0.11891391
0.25320736
0.32572576
0.16119814
0.065513233
-0.15772359
-0.29194209
0.19241506
-0.42707515
0.43192733
0.42327314
0.19318572
0.22182639
0.38097361
-0.14330253
0.40027994
0.26913904
-0.61844299
-0.63513112
-0.59911852
-0.29685867
-0.51099891
-0.058522344
-0.10796745
0.41562149
0.25399389
0.063587754
0.13018789
0.080140949
0.31819127
-0.26808864
-0.292137
-0.1492321
-0.0063286331
0.047387574
-0.4050507
-0.29171986
0.23395941
0.12981026
-0.065619359
-0.059687584
0.1389016
0.10269126
0.18425119
-0.2778031
0.28195329
-0.076111403
-0.024953352
0.33095294
-0.1780729
-0.24766186
0.46738176
-0.014105208
0.14040315
-0.35161253
-0.1726224
0.19723222
-0.11341956
0.44377047
-0.55876404
0.18251488
-0.14338373
-0.50841167
0.054375706
0.18372513
-0.39490397
0.38223475
-0.32541078
0.20498086
0.19140824
0.10460153
0.08321395
0.32438917
-0.57108942
-0.6149119
0.29981749
-0.44048724
-0.55121779
-0.52903512
-0.62601587
0.13899905
-0.056152644
0.1644014
0.26534738
-0.41742639
0.038112476
0.24999915
-0.49288604
0.14140142
-0.43109831
-0.43642032
-0.31466355
0.38127689
-0.52519191
0.41783987
0.11839067
-0.48268124
0.31207016
0.11210101
0.33759181
-0.23307642
-0.23755016
-0.25212647
0.13499564
-0.23927851
-0.052260379
0.18067936
-0.50795745
0.0013249592
0.0099455335
0.3586933
0.34870881
0.36867391
0.29369205
0.2734759
0.19506918
0.21889068
0.12665545
0.15949826
0.080985882
0.0059304917
-0.022190196
0.066556669
-0.016155978
-0.12651825
0.1382592
0.084922986
0.021867102
-0.10804346
-0.05116293
0.12595846
-0.19478712
-0.11981253
0.15628311
0.14886954
0.083351456
0.20338569
-0.2608697
-0.33084039
-0.17029168
-0.032446357
0.19079968
0.13372652
0.10704402
0.041342499
0.035253925
-0.075973512
-0.068545759
-0.38246565
-0.44401219
-0.054829022
-0.20647622
0.21954391
0.059944695
0.28327358
-0.022460042
-0.11543493
-0.024306637
-0.20026805
-0.28107372
0.21047503
-0.097032737
-0.36624362
-0.46487763
0.2512106
0.050825168
0.10601746
0.0032079402
0.066317666
0.068677787
-0.35998309
0.15550423
-0.096667192
0.27221976
-0.039085507
0.0023972818
7.8772602e-05
-0.44268454
-0.52815399
0.125554
-0.35733972
0.18138431
0.23628524
-0.031606985
0.33353737
-0.47174783
-0.38794424
-0.47788525
0.42865622
-0.55863601
0.22019014
-0.5219357
-0.5442572
0.34159008
0.25036551
0.16449817
0.25960061
-0.066572538
-0.37971891
-0.2769341
0.25591314
-0.051449726
0.39877344
0.34582417
0.05933023
-0.13249896
-0.39822918
-0.26724088
-0.39981541
-0.32456194
-0.15665273
-0.1203237
-0.13217072
0.2724675
0.062045185
0.1266409
0.14634903
-0.18380344
-0.13465348
-0.24273618
0.13141199
-0.19181824
0.024525538
0.11290727
-0.2916641
0.13635522
0.15582039
-0.45067845
0.29208218
-0.086532555
0.19346651
0.21692109
-0.25369642
0.11395216
-0.34568094
0.10239432
-0.0094064751
-0.52629468
0.090383535
0.15261578
-0.23169223
0.25972937
-0.284663
0.13796234
0.21500264
-0.32728709
-0.38507285
0.049631849
-0.18093534
0.31958316
0.26814198
0.1830281
-0.01507684
0.19272005
0.018260608
0.077758008
-0.003652505
-0.6051859
-0.3926132
-0.0970107
-0.14300577
-0.40670167
0.075665513
0.32033296
0.013020995
0.087118561
0.3822792
-0.1518676
0.52447605
-0.41556722
0.053497765
0.17603297
0.08842543
0.52049279
-0.44600009
-0.10121004
-0.33603003
-0.25715043
0.33653264
-0.33099113
0.11065038
-0.57969428
0.04802209
0.039674875
0.12499597
-0.6281076
0.1307866
0.082918197
0.0031237293
0.059803948
-0.014203782
0.070953458
0.09996451
0.13382474
0.11312591
0.16387338
0.19900814
0.24135688
0.15526758
0.23954314
0.28674521
0.0081251893
0.10856146
0.19610669
0.33408398
0.28798062
0.039820895
0.42296778
0.36858523
-0.042237454
-0.08831931
0.20555308
0.27872047
0.094367301
-0.18913485
-0.20480084
-0.099290743
-0.13678352
-0.18770834
-0.075980688
0.42134112
0.32239174
-0.1378026
0.10221562
-0.026418272
-0.081703676
-0.11609615
-0.081490286
0.12727183
0.069987907
-0.0054628936
-0.1869256
-0.095616204
0.097620499
0.4288875
0.50871401
0.47118227
-0.30016669
0.018346852
-0.096740584
-0.28436358
-0.35376897
0.021878807
0.5391748
0.45937946
0.55656028
0.38045256
0.43916276
-0.16443698
0.062108876
-0.24937731
-0.46269614
0.32894334
0.21150415
0.33516349
0.39931926
0.071518772
0.090983746
0.031727451
0.2169402
-0.27017598
0.56776586
-0.014281091
0.20565008
-0.058117483
-0.47746168
-0.48480335
-0.40069054
-0.012436918
-0.36154293
0.17129017
0.13722079
0.44414385
-0.12788529
-0.187497
-0.47252474
-0.50437146
-0.40656248
-0.2282906
-0.14113742
-0.16467062
-0.057914789
0.021161497
0.0398448
-0.19271422
-0.10714457
0.21996613
0.099250922
0.11901711
0.093947619
-0.23610072
0.15725662
0.3344666
0.4878332
0.11799903
0.51276436
0.38262773
0.17023982
0.031880154
0.00030148224
0.50482488
-0.061738928
0.42582346
-0.23586862
0.19649087
0.55049724
-0.36728023
0.27854024
-0.0071177306
0.06723395
0.062717947
-0.6516403
-0.033086328
0.28884175
-0.29911883
-0.36265583
0.062270958
0.51893991
-0.48659742
0.56254729
0.10500064
-0.22514306
0.25205356
0.091782864
0.41107112
0.13760276
0.11454671
-0.5562814
-0.41350888
-0.31213658
-0.34907367
0.042202446
-0.67949134
0.043382635
0.18417036
-0.30157937
0.30707956
-0.26291323
-0.0081828542
0.12654609
-0.3653901
0.1186922
-0.56322719
-0.17892655
