FiniteElementSpace
FiniteElementCollection: H1_2D_P1
VDim: 1
Ordering: 0

-0.099790841
0.088376238
-0.099782279
0.088257758
0.011493486
0.011500958
-0.041879034
0.017184357
0.075507687
0.13061486
0.18048279
0.22325396
0.25711354
0.28107635
0.29381923
0.29506361
0.28480165
0.26334264
0.23152438
0.19054166
0.14233983
0.030350709
-0.02872226
-0.086839896
-0.1419905
-0.19188412
-0.23459284
-0.26860482
-0.29247479
-0.30519601
-0.30678589
-0.29637396
-0.27477238
-0.24290652
-0.20204761
-0.15396811
-0.041961393
0.017292444
0.075599408
0.13069527
0.18046229
0.22305701
0.25711754
0.28093548
0.29376509
0.29504699
0.28475398
0.26335319
0.23159468
0.19069022
0.14221985
0.030559729
-0.028721819
-0.08697634
-0.14210687
-0.19189448
-0.23443379
-0.26860897
-0.29236945
-0.30524818
-0.30658837
-0.2962456
-0.27490095
-0.24322544
-0.20221987
-0.15371244
0.16293905
0.23335311
0.29664206
0.35042127
0.39263643
0.42169053
0.43652589
0.43650989
0.42161286
0.39241033
0.35001899
0.29620573
0.23278927
0.16228763
0.087671385
-0.063345685
-0.13354639
-0.19687951
-0.25075618
-0.29302059
-0.32208681
-0.33692266
-0.33684007
-0.32197698
-0.29284951
-0.25060404
-0.19639937
-0.13302114
-0.062718244
0.011875364
0.16276862
0.23317323
0.29655501
0.35041823
0.39277807
0.42180367
0.43644776
0.43652615
0.42171136
0.39236583
0.34996516
0.29608971
0.23281171
0.16238243
0.087606122
-0.06316734
-0.13364074
-0.19692079
-0.25075777
-0.29298179
-0.32192004
-0.33701456
-0.33685039
-0.32201528
-0.29279815
-0.25030547
-0.19668359
-0.13328683
-0.062801116
0.011982588
-0.1466436
-0.18948654
-0.22689384
-0.257354
-0.2795206
-0.29258303
-0.29617875
-0.29005009
-0.27449222
-0.25012581
-0.21798019
-0.17862919
-0.13438399
-0.086865782
-0.037662948
0.058410035
0.10139241
0.13882021
0.16916406
0.19132843
0.20450643
0.20808155
0.2020532
0.18635507
0.16197968
0.12958573
0.090586997
0.046351168
-0.0013602591
-0.050484169
-0.14635706
-0.18959404
-0.22697922
-0.25736066
-0.279444
-0.29237054
-0.29621406
-0.2900524
-0.27455527
-0.25018282
-0.21776882
-0.17880156
-0.13468975
-0.086925675
-0.037528006
0.058424009
0.10136086
0.13883991
0.16918866
0.19136385
0.20450425
0.208019
0.20196627
0.18639391
0.16191532
0.12948027
0.090604824
0.04650184
-0.0013873873
-0.050501763
-0.31199946
0.11413843
-0.33877488
-0.29300858
0.12064177
-0.29903314
-0.24631537
0.040225865
-0.25614524
-0.16002866
-0.23972842
0.076459731
-0.19322949
-0.039836468
-0.14308562
-0.054639669
-0.15027211
0.01249924
-0.33755556
-0.33971044
-0.32732537
-0.32893671
-0.30312818
-0.3055167
-0.32979725
-0.30737602
-0.3299046
-0.30869686
-0.27327732
-0.27615674
-0.30967626
-0.27896747
-0.22977787
-0.26685192
-0.31013996
-0.28168876
-0.23844516
-0.24374218
-0.32798101
-0.18941093
-0.19798219
-0.32581475
-0.33033258
-0.28403956
-0.33885522
-0.13356186
-0.12354501
-0.14597637
-0.20815166
-0.32567497
-0.31729201
-0.32338183
-0.29674008
-0.30530931
-0.16038364
-0.26786429
-0.059239473
-0.048862564
-0.27742715
-0.22277447
-0.26333829
-0.21522268
-0.33688094
-0.22010785
-0.15775007
-0.15285776
-0.086087235
-0.094468588
-0.32286096
-0.081613404
-0.11659506
-0.042816182
-0.32048253
-0.21962231
-0.25700133
-0.17668293
-0.15008233
-0.3136449
-0.11307544
-0.33703222
-0.11110443
-0.31929486
-0.25980241
-0.083878728
-0.28635059
-0.039867498
0.037219656
-0.31945223
-0.017232606
-0.26650564
-0.29221492
-0.11888817
-0.31044358
0.022199898
0.0067008765
0.034166634
-0.32496039
0.12391732
-0.27222633
0.031586437
0.12424743
-0.2995476
-0.27814247
-0.28494038
-0.20380758
-0.11340244
-0.18327737
-0.13566816
-0.17631872
-0.23807942
-0.32152143
-0.2560626
0.10149235
0.0061521107
-0.2031266
0.048660254
-0.011942467
0.0017827066
-0.19918309
-0.29709034
-0.30016248
-0.33973843
-0.2702853
-0.32920769
-0.21144901
-0.16623004
-0.23388646
-0.18251978
-0.24960108
-0.092787943
-0.30996162
-0.075562842
-0.2317373
-0.33425201
-0.3092039
0.097937939
-0.26027289
-0.22549719
-0.20842321
-0.17800391
-0.32887825
-0.28706785
0.073105136
-0.083977721
-0.068362598
-0.29070166
-0.33343906
-0.17308641
-0.30865069
-0.015483151
-0.14728422
-0.33639847
-0.037944278
-0.1063008
-0.12646867
-0.18948155
-0.31560432
-0.30478401
-0.32032028
-0.029015336
-0.31159129
-0.25258294
-0.10794232
-0.015213047
-0.039203838
-0.062629142
-0.21299512
0.052675355
-0.11129082
-0.29700295
-0.31568895
-0.14988938
-0.09662071
-0.061570055
-0.30988308
-0.23086972
0.0090094441
-0.054029638
0.27924501
0.34332043
0.50174016
0.48014844
0.22719121
0.27924719
0.36554845
0.37966087
0.22221563
0.32096939
0.13176665
0.230199
0.38143246
0.25269857
0.10659164
0.24863963
0.028677454
0.15071656
0.31889442
0.39908422
0.45588311
0.46904447
0.52088707
0.5267177
0.57431865
0.56925603
0.60578411
0.59404918
0.62233397
0.60187517
0.62095391
0.5920776
0.6018168
0.62180578
0.56482789
0.59325793
0.60471174
0.56728459
0.56987251
0.54803333
0.60202103
0.59897207
0.55569986
0.56501509
0.54687051
0.51240986
0.51379519
0.48827005
0.51856807
0.49683164
0.57626554
0.4885749
0.44776834
0.46352897
0.39380428
0.40114049
0.41556256
0.32782698
0.61070868
0.45495379
0.4270431
0.51684002
0.44648875
0.41419281
0.46075692
0.57887218
0.46433043
0.38829387
0.53758531
0.51543901
0.32858473
0.30999293
0.24675931
0.6024953
0.38121571
0.4061619
0.51354719
0.62697138
0.38582515
0.40505366
0.39540633
0.22134587
0.52897758
0.48496567
0.31813056
0.25285242
0.30195022
0.33300401
0.40799251
0.46723529
0.56180843
0.58073396
0.53724485
0.5472039
0.43134874
0.16145848
0.17389978
0.085091789
0.16816803
0.36333482
0.42196853
0.43618219
0.39826287
0.48812165
0.50841893
0.31242238
0.28596066
0.19482844
0.27998032
0.25752899
0.37018075
0.34916032
0.40655185
0.27197952
0.31832674
0.34524739
0.31755726
0.28347429
0.36520607
0.49547208
0.5208003
0.25995896
0.52580327
0.56515528
0.62490104
0.36621589
0.52433855
0.56716161
0.54833424
0.48914985
0.46063044
0.63272107
0.3309607
0.4810684
0.5210245
0.46883125
0.24479291
0.46357792
0.62523828
0.33664642
0.43900473
0.046926306
0.17167743
0.23561759
0.30695418
0.61234164
0.44727968
0.17472451
0.42361567
0.42566434
0.37653883
0.45906359
0.36531969
0.56978298
0.10047783
0.23537953
0.40772327
0.3561218
0.30952773
-0.022952279
0.10285711
0.18031354
0.4847067
0.46262298
0.26555035
0.44071134
0.35066335
0.53550953
0.34834479
0.34549757
0.20288837
0.25986715
0.46187923
0.58744405
0.31517177
0.48178492
-0.29608009
-0.33624985
0.19370996
0.21485784
-0.27747021
-0.26275875
-0.25267998
-0.28655604
0.091528791
-0.13364823
-0.19990315
-0.21700919
0.1715875
-0.0036064697
-0.19433629
0.097535184
-0.13236464
-0.13107528
0.2098681
0.12423458
0.10400551
0.038453291
0.017192122
-0.044370309
-0.028545177
-0.10518211
-0.094003082
-0.16281696
-0.17271133
-0.22097007
-0.21467219
-0.2621678
-0.22831233
-0.064816741
-0.25909876
-0.29476544
-0.29536088
-0.31528195
-0.20947772
-0.3130391
-0.31992039
-0.25649776
-0.2055534
-0.32450109
-0.3159734
-0.018060091
-0.25433949
-0.2022032
-0.14341128
-0.29280895
-0.1401008
-0.072283616
-0.30863263
-0.29159024
-0.072930329
-0.32282871
0.0044448032
-0.0076747482
-0.0094033972
-0.089069922
0.1376583
-0.13855027
-0.15950881
-0.11558585
-0.18168669
-0.21649162
-0.29574339
-0.31034944
-0.29585139
-0.14235431
-0.32822116
-0.32893832
-0.29267828
-0.072386029
0.00049561523
-0.30721271
-0.29559039
-0.30883894
-0.27302776
-0.28386591
-0.33079763
-0.08650328
-0.14123349
-0.10324065
-0.25579188
-0.2668961
-0.27686426
-0.29514076
0.086631872
0.070408786
-0.23513885
-0.21169265
-0.33416302
-0.30268797
-0.3104378
-0.27368392
0.16652928
-0.32246672
-0.29466116
-0.2542295
-0.24388361
-0.19574989
0.21916242
0.17686972
-0.23442784
-0.25111501
-0.21026276
0.044641861
-0.17753483
-0.16379173
-0.31838242
-0.062895558
-0.064387716
0.015043329
0.086174227
0.085720298
0.13284272
0.076400787
-0.16091962
0.053430667
-0.12051993
-0.15489797
-0.039169549
-0.19889046
-0.26583787
-0.31476546
-0.31691269
-0.30352429
-0.26960594
-0.30157303
-0.29375486
-0.14863585
-0.27331315
-0.31778927
-0.29955849
0.04439515
-0.18542854
-0.28332642
0.0062082191
-0.29316258
-0.078981864
-0.27782883
-0.13303097
-0.062187088
0.010145468
-0.23632517
-0.20236769
-0.32136162
-0.012050247
-0.30092207
-0.034246167
-0.29249761
0.059812402
-0.31813293
-0.24545528
0.16182158
-0.24643832
0.1437663
-0.2328173
-0.12186801
-0.29771841
-0.25572707
-0.19789864
-0.073287446
-0.09254587
0.068954662
-0.25138278
-0.33125594
-0.21558291
-0.13272671
-0.25175487
0.14178894
-0.33320837
-0.18255653
-0.063576208
-0.081423219
-0.28652942
-0.28547017
0.37058036
0.31241816
-0.18069838
-0.30268936
-0.20274314
-0.28212495
0.30982963
-0.11053586
-0.27510272
-0.066384269
0.20556631
0.21317843
-0.23799578
0.0819824
-0.21699162
0.055971576
0.36307632
0.29531716
0.2943143
0.21972687
0.21272859
0.13891388
0.14078188
0.063091602
0.060951405
-0.011745949
-0.013341547
-0.081375742
-0.082363423
-0.14352061
-0.085297545
0.1275317
-0.14643828
-0.19755629
-0.19685993
-0.23946858
-0.087952417
-0.2404237
-0.27062424
-0.1529048
-0.097948051
-0.27011527
-0.28836677
0.13316881
-0.16220622
-0.11043407
-0.038398928
-0.20631901
-0.055880754
0.023690884
-0.28964507
-0.29402387
-0.0010934911
-0.28795537
0.08539306
0.04234358
0.19516944
0.10707127
0.2851861
0.042207696
0.019857164
0.079055973
-0.0088185822
-0.061024955
-0.19888392
-0.2435188
-0.20342733
0.045967681
-0.27088953
-0.28886452
-0.21493901
0.13375211
0.10858552
-0.24854587
-0.21001634
-0.2761645
-0.15631861
-0.29616482
-0.27289026
0.051609204
-0.077514715
0.096397142
-0.28810493
-0.28580322
-0.16748437
-0.2185883
0.17673258
0.18842045
-0.091580395
-0.26470633
-0.28826133
-0.28029178
-0.29213614
-0.16490674
0.36271175
-0.26604735
-0.23871376
-0.18916218
-0.26284844
-0.15769604
0.34515601
0.2473435
-0.2942827
-0.12507651
-0.052214464
0.265135
-0.0069555076
0.015522517
-0.29269581
-0.058967287
-0.032520174
0.026443175
0.11223749
0.14516541
0.34292388
0.28096882
-0.24611843
0.21587602
0.056410362
-0.015954926
0.16905467
-0.036671034
-0.14464333
-0.27232888
-0.24044356
-0.25409779
-0.14920385
-0.29267416
-0.20055349
-0.025253339
-0.2990258
-0.24309022
-0.25985584
0.25767413
-0.022535395
-0.30016403
0.22240379
-0.2244772
0.039276039
-0.28419351
-0.20309194
0.14402953
-0.0086805404
-0.093806732
-0.12803302
-0.25761854
0.11895435
-0.29188778
0.1791416
-0.29542661
0.20174497
-0.24735909
-0.10755101
0.16603808
-0.29130982
0.26613631
-0.26572997
0.071022159
-0.23157564
-0.17675238
-0.14119068
-0.16716354
0.1029474
0.026441684
-0.11919116
-0.27372255
-0.27477914
-0.089408589
-0.12384654
0.2416961
-0.29387061
-0.23981522
0.1441973
-0.02878717
0.37329521
0.49862778
0.28946457
0.27939415
0.37291454
0.27505328
0.42870887
0.18251972
0.43220637
0.31775774
0.3182664
0.16273987
0.23247103
0.091683184
0.32453352
0.15106486
0.232034
0.037982913
0.19519913
0.28848817
0.32294358
0.37515551
0.40650224
0.45426113
0.47988562
0.52154049
0.54021572
0.57454732
0.5858824
0.61150781
0.61377877
0.63024349
0.62347836
0.59849062
0.63075366
0.59925064
0.56603259
0.55853061
0.51806594
0.58252333
0.49328186
0.51661722
0.46265581
0.59176448
0.62876116
0.61973379
0.53381171
0.54889967
0.45642807
0.39642308
0.4532576
0.60974954
0.59118039
0.592748
0.55516164
0.54829128
0.57244577
0.50300947
0.49927186
0.38577785
0.32275581
0.48771985
0.49300474
0.49882912
0.325891
0.42659963
0.47118378
0.42137727
0.37857553
0.60908019
0.48867359
0.49861051
0.44338358
0.46143622
0.2444234
0.32906463
0.5893643
0.52970791
0.31368047
0.40079475
0.52592357
0.42943303
0.3406862
0.29574977
0.46012544
0.41930967
0.42219133
0.34931323
0.23842783
0.25230946
0.38302686
0.41945808
0.34462778
0.37689924
0.26123915
0.37165913
0.37166562
0.28275815
0.38531912
0.34212009
0.49069685
0.54544728
0.529223
0.54917849
0.57768981
0.5587039
0.10197939
0.18320122
0.21898362
0.46644924
0.37954051
0.3974875
0.46730046
0.50552046
0.13655471
0.24811205
0.34689813
0.41752177
0.49113346
0.2992494
0.43972088
0.39529776
0.61512414
0.55630941
0.43566611
0.50296725
0.54057337
0.61960214
0.54718571
0.50575885
0.41346009
0.5795016
0.25277423
0.31798719
0.6127647
0.43688621
0.11832621
0.57749078
0.54413329
0.49740259
0.29848438
0.52217447
0.25987952
0.031337158
0.16300824
0.17172316
0.48617179
0.54568862
0.34421095
0.21622977
0.44915318
0.48988061
0.58754657
0.32448315
0.30702487
0.35460063
0.36844245
0.25421842
0.24048292
0.43993055
0.17972035
-0.019769008
0.10045493
0.26815982
0.45611449
0.25456483
0.4698217
0.44669002
0.59733525
0.3359485
0.18526283
0.38505856
0.28720711
0.34633201
0.19281136
0.57881581
0.19098779
-0.29953036
-0.33528327
-0.25421394
-0.26311686
0.12918786
0.21453269
-0.28906018
-0.25053458
0.17229407
-0.20086866
0.040092142
-0.13100859
-0.17591341
-0.19675037
0.0076910899
-0.1167861
-0.056975898
-0.32139194
-0.32008955
-0.33277273
-0.3180583
-0.32967466
-0.31544916
-0.29043941
-0.28867579
-0.25091838
-0.25047135
-0.2872812
-0.25070901
-0.20215227
-0.20463116
-0.28574323
-0.32599989
-0.14538194
-0.15115961
-0.20929467
-0.15927944
-0.1424528
-0.21608167
-0.16978038
-0.07648146
-0.074078506
-0.092266566
-0.25226858
-0.22432591
-0.25987878
-0.18220797
-0.1182463
-0.002783848
-0.0032942087
-0.076439481
-0.0059417229
-0.08344523
-0.13527059
-0.01568962
-0.26492705
-0.28885893
-0.094549651
-0.014745951
-0.32654016
-0.32175834
-0.29334897
-0.32186272
-0.31663524
-0.30292862
-0.29716895
-0.3113981
-0.0070452665
-0.2688487
-0.28715265
-0.30397963
0.068043559
-0.063142219
-0.044385882
-0.086178795
-0.27751013
-0.15615152
-0.30537597
-0.20204333
-0.15458719
0.058103077
0.061933852
-0.23287637
-0.16785157
-0.30954786
-0.30432289
-0.21431074
-0.29252934
0.021114261
0.040773297
-0.11987663
0.12433684
-0.29026638
-0.27046678
-0.29607318
-0.33417056
-0.2968582
0.083112183
-0.30192284
-0.28507419
0.21336263
0.21889639
0.14440368
-0.24702603
0.19845608
-0.234595
-0.25818341
-0.29411575
-0.19146416
-0.31845395
-0.33071427
-0.0055564186
-0.21708505
0.13797702
0.077774031
0.043149786
-0.048322979
-0.1087883
-0.16026093
-0.22151591
-0.29221284
-0.3124277
-0.20157502
-0.30862955
-0.31761959
-0.2518683
-0.25510115
-0.082866274
-0.19579654
-0.10403923
-0.007628296
-0.23294938
-0.14240255
-0.030434802
-0.29270022
-0.31418445
-0.3093587
-0.01872012
-0.28424725
-0.28581556
-0.14495329
-0.27590389
-0.13914834
-0.12825166
0.10035496
0.06994657
-0.2058467
-0.30675439
0.045959795
-0.24261721
-0.24192886
-0.25676643
-0.31344313
-0.079383544
-0.042451735
-0.20951095
0.13319063
0.14841921
-0.25678543
-0.18010172
0.071598458
0.13498632
-0.074390782
-0.095319778
0.072157012
-0.30626099
-0.17526913
0.11609431
-0.26948173
-0.21837542
0.10889965
-0.071627036
-0.20020107
0.19178118
0.042435388
0.37014811
-0.25854897
-0.28354867
-0.20384255
-0.30286695
0.33941862
0.31113401
-0.28267494
-0.12450811
0.20756236
-0.27552538
0.260382
-0.10878603
-0.0043395851
-0.23864117
-0.0075138581
-0.20809297
0.14943008
-0.26457314
-0.25513875
-0.27698386
-0.24616732
-0.27120505
-0.23797854
-0.20113134
-0.19128345
-0.1436431
-0.13295814
-0.18412981
-0.12553648
-0.065078698
-0.058380486
-0.17899525
-0.26620378
0.0099655247
0.014307591
-0.057504406
0.012546839
-0.0008821181
-0.062686197
0.0042790095
0.080188665
0.064352143
0.089906737
-0.15739175
-0.073200429
-0.13222341
-0.010060656
0.073497297
0.14767916
0.12474219
0.040948104
0.09687966
0.010906526
0.054678683
0.061924247
-0.14362969
-0.19319847
-0.02393538
0.034915609
-0.28685265
-0.284812
-0.22520549
-0.26204337
-0.28341722
-0.29320588
-0.29449806
-0.28282439
0.16249555
-0.29060631
-0.184208
-0.23461253
0.22836149
0.14269165
0.15860549
0.11749949
-0.28809931
-0.070883903
-0.22752663
-0.091676616
0.029139015
0.23771892
0.14644379
-0.27299052
-0.10480513
-0.26585902
-0.27307999
-0.13824958
-0.29549085
0.23431319
0.24624515
0.074719004
0.32215904
-0.20456129
-0.15885752
-0.29336198
-0.29277288
-0.28456251
0.30181292
-0.24319378
-0.29925134
0.36613416
0.3451145
0.26466917
-0.26392324
0.26260517
-0.29415889
-0.29456091
-0.23818752
-0.1484661
-0.29244962
-0.28954917
0.21074087
-0.066700622
0.14503816
0.11656977
0.055235554
-0.02697051
-0.062970445
-0.24632339
-0.27591852
-0.21280943
-0.23098983
-0.076705293
-0.29254351
-0.25950861
-0.12200211
-0.12436203
0.088546931
-0.029457381
0.084986831
0.20780881
-0.087437396
-0.017507233
0.16516153
-0.2230586
-0.29238049
-0.22597427
0.16582619
-0.2855917
-0.17905156
-0.039041039
-0.17679008
-0.20933764
0.060208361
0.080914189
0.18209429
-0.1118023
-0.22404593
0.24000746
-0.1063022
-0.26952105
-0.17554351
-0.26018873
-0.078133886
0.16978926
-0.052009318
0.30316839
0.29481941
-0.19129474
-0.24728518
0.21018551
0.22514162
-0.16781948
0.099132332
0.02962229
-0.28370883
-0.0015722792
0.17639461
-0.29935845
-0.15879119
0.29525846
0.13391339
-0.24969419
0.38615119
0.10454708
-0.33692271
-0.29802768
0.12424003
0.074661155
-0.29825858
-0.29102291
-0.29880302
-0.20583627
0.10263725
-0.24114151
-0.19651835
-0.2013023
0.00090605276
0.051390629
-0.11089957
-0.079848727
-0.080228748
-0.067658354
0.11402258
0.039614183
0.043228025
-0.035378839
-0.035590245
-0.1081579
-0.10954476
-0.17403197
-0.17596645
-0.2305864
-0.23045339
-0.27578075
-0.27538446
-0.30826975
-0.27653941
-0.11071348
-0.30694063
-0.32666776
-0.32891991
-0.33368765
-0.27519974
-0.33665154
-0.32773804
-0.30536253
-0.27526187
-0.32341168
-0.30385803
-0.11473644
-0.30356908
-0.27505916
-0.23477919
-0.32041751
-0.23695274
-0.1853743
-0.30917351
-0.27225731
-0.19245386
-0.29848896
-0.12935215
-0.14856263
-0.040899013
-0.11713051
0.030715857
-0.17906792
-0.18592456
-0.12649365
-0.19494915
-0.24310118
-0.3304828
-0.33878547
-0.331266
-0.13669016
-0.31866699
-0.29241107
-0.31722421
-0.063896331
-0.12212597
-0.34001025
-0.33113371
-0.33389457
-0.31026426
-0.28139551
-0.31351174
-0.17991189
-0.24091457
-0.076766173
-0.23386199
-0.22550371
-0.31027388
-0.33020026
-0.054392633
-0.055182022
-0.25345394
-0.16891915
-0.2920443
-0.33610974
-0.25867559
-0.30074051
0.12441694
-0.31070726
-0.31069762
-0.30097612
-0.15849137
-0.27409805
0.099388428
0.02111636
-0.24927695
-0.25508012
-0.21128417
0.079664696
-0.13917041
-0.14253419
-0.24661089
-0.19832508
-0.19474468
-0.14009163
-0.078299847
-0.067871355
0.11801154
0.040096257
-0.13520399
-0.040284347
-0.17534203
-0.23164047
-0.049753306
-0.23561584
-0.30946175
-0.33139961
-0.3299845
-0.34014687
-0.3102403
-0.26636254
-0.323729
-0.23323133
-0.28631554
-0.32576652
-0.33889347
0.032084331
-0.23268187
-0.320274
0.01636407
-0.32562588
-0.18280903
-0.21794977
-0.053998022
0.0074830975
-0.14987189
-0.27769815
-0.27632852
-0.31616708
-0.12181243
-0.3140912
-0.0036182662
-0.31787636
-0.050286399
-0.32120035
-0.27969508
-0.01801698
-0.24353127
0.018036612
-0.16920941
-0.077905497
-0.31459913
-0.30314862
-0.27464157
-0.0025347334
-0.0067197373
-0.10871344
-0.27915719
-0.30985109
-0.1954393
-0.23822509
-0.26561211
0.0026116588
-0.27009627
-0.11777451
-0.01794752
-0.2025606
