FiniteElementSpace
FiniteElementCollection: H1_2D_P1
VDim: 1
Ordering: 0

-0.27389675
0.22056054
0.27401143
-0.22046904
-0.18680632
0.18672664
-0.3105539
-0.34926943
-0.38326405
-0.40963858
-0.424341
-0.42386667
-0.40759418
-0.37405205
-0.32332656
-0.25859984
-0.18273146
-0.098843667
-0.012042317
0.07253171
0.15146084
0.27501021
0.31420952
0.33776004
0.34523992
0.33878898
0.32126571
0.29595801
0.26726518
0.23853315
0.21485259
0.19893328
0.1922478
0.19705909
0.21319287
0.23948069
0.31105026
0.34927012
0.38332612
0.40958969
0.4245509
0.42421581
0.40715516
0.37368626
0.32330167
0.25850799
0.18229239
0.098606551
0.011965901
-0.072863546
-0.15130685
-0.27512886
-0.31424165
-0.3374214
-0.34514755
-0.33923461
-0.32145375
-0.29572973
-0.26724325
-0.23879697
-0.21489042
-0.19864354
-0.19228178
-0.19733439
-0.21340929
-0.23900115
0.2619977
0.28848969
0.29698195
0.28622162
0.2568223
0.2109895
0.15228063
0.085208529
0.014891256
-0.053028392
-0.11339245
-0.16198715
-0.19451634
-0.20964092
-0.2067215
-0.15117536
-0.10437161
-0.051468778
0.0024147325
0.052490383
0.093895034
0.1220634
0.13427105
0.12919427
0.10669853
0.068227671
0.017562119
-0.041864739
-0.10493372
-0.16588819
-0.26168549
-0.28831852
-0.29708908
-0.28639413
-0.25655689
-0.21084389
-0.15282022
-0.084752195
-0.015484643
0.052594308
0.11317575
0.16161845
0.19449848
0.20972977
0.20670871
0.15059257
0.10460748
0.051656758
-0.0023720911
-0.05274715
-0.094224973
-0.12188928
-0.13438079
-0.12912551
-0.1066549
-0.068478062
-0.017368904
0.041791855
0.10454032
0.16560101
-0.26145613
-0.21349787
-0.13406317
-0.028588761
0.094220942
0.22409142
0.34994137
0.46101595
0.5476564
0.60224758
0.61993715
0.59757049
0.53705246
0.44369696
0.32401402
0.04202389
-0.09726029
-0.2214245
-0.32075804
-0.38832612
-0.42012737
-0.41418101
-0.37331301
-0.30163098
-0.20769929
-0.10053648
0.0090739493
0.11031479
0.19331194
0.24960708
0.26137926
0.21425528
0.13454802
0.028913672
-0.09429758
-0.22391177
-0.34950569
-0.46090953
-0.54761004
-0.60213268
-0.61933226
-0.59757621
-0.53777362
-0.44397109
-0.32357632
-0.042058575
0.097077536
0.2213419
0.32078876
0.3885493
0.42018295
0.41427105
0.37321471
0.30188038
0.2076551
0.10044637
-0.0088246387
-0.1101874
-0.19335667
-0.2496175
0.26964994
-0.31015693
-0.12123753
-0.040540533
-0.38599728
0.22707639
0.3353197
-0.027860941
-0.078107284
0.33048127
0.20513131
-0.2649663
0.077544899
0.15089661
-0.008422014
0.23300117
0.22334049
-0.041234146
-0.10750163
-0.099381664
-0.12287076
-0.10403542
-0.13820748
-0.12025619
-0.065869363
-0.082510429
-0.012767233
-0.02974994
-0.10679119
-0.052316767
0.032318637
0.011130992
-0.13346541
-0.16484779
0.096864465
0.076340299
-0.011463182
0.056205694
0.11402761
-0.032187588
0.040022428
0.17474263
0.18803361
0.13567787
-0.0049609112
-0.046823443
-0.12340455
0.031048772
0.10656111
0.2388969
0.24787095
0.19196381
0.24873915
0.18414948
0.10216976
0.23639413
-0.13619902
-0.21181628
0.16363966
0.22397078
-0.16037617
-0.19781618
-0.064086089
-0.19892286
-0.24138485
-0.21793222
-0.27122577
-0.28478761
0.22328968
-0.22314855
-0.18987555
-0.27064054
0.27198493
0.16020925
0.16911793
0.15789417
-0.16734073
0.10846138
-0.2396548
0.057973089
0.10531915
0.25139213
0.29015253
-0.15054461
0.080414545
-0.30643597
-0.33901245
0.037458948
-0.32175581
0.2035767
0.21812727
0.16409088
0.24680928
-0.22256258
-0.13879436
-0.3564639
-0.11981563
-0.36710628
0.21034308
-0.29183756
-0.39283093
0.29763551
0.31987032
0.31820462
0.33985863
0.30874021
0.28630634
0.25068359
0.17131115
0.12511046
-0.080685737
0.028847894
-0.34011883
-0.29369431
-0.044048981
-0.16384178
-0.20841923
0.066978988
0.20934638
-0.1044765
-0.13343543
-0.059388564
-0.1454141
0.048644554
-0.16943952
-0.23509819
-0.076861304
-0.10178017
0.11830005
0.030611739
0.15586566
-0.051720233
0.19401222
0.1243215
0.20166983
-0.22979923
-0.13079275
-0.17541263
-0.11795056
-0.16189531
0.1252626
0.18377265
-0.131812
0.20778015
0.01608507
0.29395077
0.055230886
-0.20692454
0.23179117
-0.047539316
-0.095991132
-0.010943648
0.038165021
-0.27081658
0.12701702
0.19340348
0.28220589
0.30435257
-0.022628541
-0.11014765
0.28644736
0.3228923
0.24217508
0.070667802
-0.31676805
0.11077449
0.31353461
-0.34746688
0.19528333
0.016681901
0.25959224
0.20229238
-0.069833441
0.2819306
0.24171156
0.27234908
0.22312489
0.1770582
-0.34869677
0.307641
-0.16382615
-0.27733652
-0.16855483
-0.43033801
0.1387357
0.007410078
0.35396717
-0.015250279
0.068364724
-0.28293075
-0.28859648
0.055266777
0.32120267
-0.24026508
0.23960476
-0.023977747
-0.27172381
-0.25490068
-0.28236482
-0.2413794
-0.28620963
-0.23163753
-0.28318353
-0.2229484
-0.28432627
-0.21750956
-0.28885202
-0.2138828
-0.2942925
-0.21100987
-0.29796972
-0.35864237
-0.20689298
-0.36763515
-0.40280481
-0.41642409
-0.42424182
-0.36942665
-0.31682411
-0.3976854
-0.39053134
-0.12174733
-0.10336695
-0.09490711
-0.42069177
-0.36259098
-0.42305594
-0.3625885
-0.35141429
0.014372515
0.024724568
-0.087441868
0.031344438
-0.079449555
0.14205043
0.038104057
-0.36612916
-0.40152294
-0.31807625
-0.15026692
-0.41353724
-0.34370047
-0.26441499
-0.30785439
-0.4485436
-0.44188003
-0.26750547
0.0018169858
-0.069588797
0.15254631
0.14748454
-0.32969846
-0.18916492
-0.2017427
-0.29001967
-0.35858515
-0.3676517
-0.4530811
-0.1820236
0.2515802
-0.21001419
-0.15283573
-0.17167695
-0.062351168
-0.26548647
-0.44853642
-0.11392475
-0.089810056
-0.26526265
-0.30320529
-0.24893012
-0.29118532
-0.2884722
0.23774276
0.13331434
0.16294232
0.34169588
0.26273619
0.18618069
0.1372973
0.2202129
0.061107916
-0.010579569
0.33666158
-0.4190425
-0.16341149
-0.22989362
-0.372547
0.20576453
0.062413097
-0.055761854
0.35079275
0.25996219
0.26858997
0.044801964
-0.095088554
0.15117099
-0.23792987
-0.29652982
0.037163227
-0.31721944
-0.29698457
-0.38249972
-0.39393063
-0.44208043
-0.11882257
-0.13396727
-0.046695915
-0.15850475
-0.34541128
-0.19811234
-0.20879874
-0.19976282
-0.44474362
-0.082927539
-0.18981107
-0.32984422
-0.40808845
0.075277704
0.29567924
0.079267152
-0.16712669
-0.085667276
-0.33525898
-0.27776316
-0.04286355
0.016866315
-0.030127185
-0.26772598
0.10415637
-0.11883604
-0.30801821
0.2191725
-0.27094614
-0.42924131
-0.27469317
-0.33252584
0.27977696
0.098773009
-0.21040327
-0.17806239
-0.077515144
0.26898436
-0.1051896
-0.33234983
-0.041779349
-0.44058267
-0.064489323
0.032362507
-0.43463962
0.11354831
-0.31593744
-0.17345084
-0.29199732
0.42354254
-0.13723691
-0.45665849
-0.29517537
0.082572508
0.53306148
-0.14297983
0.028437912
-0.45810268
-0.056718475
0.5037091
-0.15239102
-0.11840514
-0.38794487
0.16348165
0.041178471
0.3322495
-0.2873204
-0.4194931
-0.48235556
-0.50324665
-0.50700871
-0.50751236
-0.48884821
-0.48862081
-0.45016015
-0.4512775
-0.39594317
-0.37087432
-0.30303071
-0.33224961
-0.23107522
-0.2568347
-0.46771884
-0.26503822
-0.16115121
-0.10419758
-0.037447194
-0.34096739
0.038947586
0.096722705
-0.27872391
-0.32725981
0.012645789
0.13311229
-0.4659353
-0.27088264
-0.29325752
-0.34337933
-0.22141935
-0.28312671
-0.32710217
0.22931162
0.24824642
-0.24835567
0.042319845
-0.28139825
-0.17607814
-0.48757559
-0.42828148
-0.43988491
-0.38548209
-0.32849893
-0.37553362
-0.26245923
-0.19837466
-0.035678869
0.12118451
0.037647429
-0.31625043
-0.05859691
-0.036235224
-0.21915653
-0.40208038
-0.36458067
0.20204946
0.10843186
0.27643383
-0.051658459
0.34754042
-0.1094923
-0.43034385
-0.21261677
-0.34924924
0.3441399
0.23474808
0.016559119
0.17015255
-0.30434707
-0.38601617
-0.12085281
0.32587436
-0.097492344
0.35642594
0.044093079
0.036850563
-0.47555207
-0.16079292
-0.16174782
-0.20002631
0.096609838
-0.10400857
-0.36258544
-0.23019134
0.53761489
-0.046185743
-0.17768452
-0.42725277
-0.23325881
-0.26515573
-0.045830751
0.0012220247
-0.10406594
-0.040241039
-0.096217702
-0.20789125
-0.4748732
-0.50333037
0.43456622
-0.48462903
-0.42698562
-0.40029803
-0.45092097
-0.27115144
-0.17983791
0.18479491
-0.10182971
0.2711055
-0.11757418
0.14286184
-0.20175753
-0.38273539
0.44660631
-0.14784646
0.31942897
-0.48463579
-0.32700206
0.4944794
-0.45064959
0.20404912
-0.38868128
0.12908276
0.21395163
-0.34194741
0.066184949
-0.19951528
-0.24079951
-0.17206905
-0.4246601
0.3253016
-0.40545093
0.41627163
-0.44546696
-0.17245455
-0.133085
-0.02518778
0.44506498
-0.38184955
0.20385204
-0.31174105
-0.1937577
-0.24210971
-0.17824096
0.2483195
-0.3025206
0.12984043
-0.080177185
-0.13852658
0.41665237
-0.13686
-0.04713521
-0.32261544
-0.10419673
0.25255175
-0.36615893
-0.17898409
0.2072332
-0.46398088
0.037945755
-0.20067788
0.30729942
0.16221297
-0.67464282
-0.086980155
0.24895865
-0.61839457
0.15706862
0.33848
-0.31334769
0.30668682
0.12551249
-0.34992942
0.19417872
0.31498898
-0.048676592
-0.095863923
0.0034393142
-0.12495886
-0.012741176
-0.13396118
-0.25654157
-0.25332988
-0.37927775
-0.35987438
-0.22492367
-0.31400695
-0.44445862
-0.37927007
-0.17617821
-0.01141861
-0.49894998
-0.41384052
-0.29192905
-0.30951016
-0.55672669
-0.19082332
-0.19477996
-0.59629004
-0.64275755
-0.29713457
-0.17119517
-0.36938828
-0.66315691
-0.69503896
-0.65105689
-0.5953646
-0.68776356
-0.61987843
-0.080991689
-0.050184767
-0.64207173
-0.2546553
-0.55198419
-0.56959189
0.093520524
0.10236952
-0.19043106
0.005637979
0.12243412
0.19986045
0.21984026
0.15029278
-0.16107085
-0.068490704
-0.031189064
0.2761864
-0.38536852
-0.32450348
-0.64058674
0.25863738
-0.51503985
0.048384595
0.089062088
0.021554276
0.020164668
0.019953637
-0.44979472
-0.48744088
-0.69164014
0.30691908
0.049080145
-0.0049877555
0.13697972
0.19184415
-0.42650954
-0.39411034
0.23813778
0.10892681
-0.38984045
0.12266946
-0.18594161
0.23747377
0.11923964
-0.5731395
-0.64218965
-0.69897744
0.032358595
-0.66481844
-0.12725228
-0.3013597
0.15409237
0.32784457
0.29921403
0.2881666
0.33494408
0.32217849
-0.22501266
-0.53548508
-0.60071314
-0.49245449
-0.43161995
-0.44945783
0.19187246
0.098748225
0.17362012
-0.23450656
-0.12230468
-0.4811286
0.187028
0.036479201
-0.24600251
-0.087690602
-0.41571142
0.15347804
-0.10979473
-0.12352805
-0.5176976
-0.58092649
0.095095285
-0.49960296
0.2437038
0.1828496
-0.090747666
0.18051277
0.24905263
0.27690278
-0.56970819
-0.055044579
0.19893287
0.30817699
-0.42344252
-0.043214371
-0.71441015
-0.57234304
-0.45918941
0.012055356
0.2946808
0.10190472
-0.32718403
-0.55477374
0.08116066
-0.30042169
0.10242626
-0.26744092
0.057820038
0.32550306
-0.64822778
-0.69501685
-0.70305941
0.23811342
0.28378816
-0.30773224
0.17662707
-0.49110914
0.12072036
-0.66337078
0.29090209
-0.32164955
-0.33658198
0.14027084
0.31371935
-0.64116042
-0.24429107
0.19561425
0.36964906
0.42606035
-0.12922367
-0.35370561
0.034805543
0.053551922
0.28767595
-0.045758218
0.022162822
-0.34379082
0.28211481
-0.16219917
0.27183568
0.022783693
0.16304103
-0.29671929
0.16134887
0.22842722
0.33754327
0.28956633
0.38394773
0.34226347
0.4152476
0.37946992
0.42790459
0.39810208
0.41874357
0.39514556
0.38711993
0.37000853
0.33420532
0.34030776
0.3241043
0.26292996
0.26101036
0.16411367
0.15631078
0.17110395
0.44670345
0.25518098
0.1458753
0.36208528
0.34969335
0.31227023
0.057525941
0.070683565
0.036658665
0.025743912
0.2439451
0.32870215
0.30150279
0.25697991
0.25610193
0.18574663
0.31063754
0.19559009
0.33783242
-0.082356467
-0.089421195
0.29143458
-0.052346578
-0.03323319
0.014794756
0.32777534
-0.065871162
-0.18254033
0.22577805
0.33691089
0.1042553
0.25919587
0.20936741
0.40179178
-0.097116277
0.17815636
0.178268
0.40326955
-0.18644361
-0.18125057
0.090981428
0.26503142
0.30760737
0.20139514
-0.0073734882
0.017297406
-0.12539414
-0.28286022
0.0116577
0.27444483
0.39239271
0.44048555
0.43266919
0.45303441
0.37206993
0.22755112
0.13686993
0.095817398
0.28898255
-0.31072701
0.14414319
0.24177959
0.20675901
0.27585304
0.2934234
0.28596777
-0.32233253
-0.26773075
-0.35624866
0.087989249
-0.0082888975
0.10280298
0.27096711
0.29387327
-0.060508633
-0.065807729
0.41090667
0.44186369
0.23940379
0.44415961
0.12457667
0.13233812
0.26259156
0.34225738
-0.16193903
0.047143739
0.2922005
0.36772839
0.33594866
0.23874428
0.22065241
0.39879813
0.076127879
0.11442862
0.25982966
-0.071849377
-0.23997304
0.18209376
0.4342103
0.16886434
-0.27565197
0.28407425
0.23796216
-0.23989479
-0.15957715
-0.076863402
0.44091543
0.081967811
-0.059192072
0.1655543
0.12432342
-0.017384648
0.3120541
0.065368483
0.17597449
-0.22543225
-0.17646234
-0.18663272
-0.27912101
0.45277856
0.21001486
-0.27716131
-0.096627577
0.41448843
0.19762644
0.10959509
0.28688434
-0.12179609
0.33733468
-0.26779404
-0.079994231
0.057681145
-0.36780588
0.44084899
-0.19446701
0.29504268
0.46009735
-0.31462424
0.14072618
0.1441848
-0.53427327
0.47885355
0.29262054
-0.017955669
0.047035292
0.12224216
-0.50261123
0.42609768
0.053713125
0.23709675
-0.15495454
-0.054833355
-0.34223889
0.33957747
0.16195444
0.17509467
0.1269842
0.16889263
0.09356833
0.14407034
0.22380334
0.2073061
0.2866559
0.27766477
0.17327837
0.25139937
0.34901517
0.3290424
0.12771522
0.043120511
0.41433605
0.39867556
0.29313874
0.36734181
0.41110251
0.24476502
0.32404742
0.4604332
0.43379126
0.45378242
0.2763379
0.1893081
0.095288644
0.2733795
0.38715864
0.4654589
0.41745865
0.38664753
0.34929829
0.32111035
0.33988835
0.27027857
0.032816916
-0.069649223
0.24217206
0.17401272
0.0014563403
-0.07140965
0.20032564
-0.019451318
-0.15208012
-0.19027937
-0.28411013
-0.23229565
0.4927412
-0.30486867
0.0011640216
-0.16489234
0.47917089
0.42799448
0.46504708
0.38271736
-0.20017227
0.28390238
-0.084957121
0.33379578
0.29106581
0.50440387
0.28965059
-0.28903579
0.20636316
-0.24480312
-0.32858046
0.24389199
-0.36626133
0.47912008
0.50247653
0.32260955
0.49547406
-0.13354348
-0.024743252
-0.40013744
0.10111321
-0.41496835
0.45783506
-0.23717029
-0.48791664
0.41654578
0.36297543
0.37630352
-0.087483542
0.20595538
-0.53648338
-0.42690409
0.16161943
0.12520931
0.046740219
0.060106882
0.38439565
0.15244982
0.034211282
0.13916691
0.045708694
0.066647403
0.15009331
-0.4388239
-0.39317224
0.22137243
0.10292479
0.350655
-0.099625356
-0.087973547
0.21109058
0.15746968
0.46638937
0.22247759
0.42625956
0.44199439
0.13507929
0.38785126
0.48897266
-0.1996494
-0.018326755
0.049798755
0.49905663
-0.10319678
0.069892687
0.3451746
-0.07246089
-0.23067802
0.29213296
-0.053127148
0.370224
0.29780839
-0.012167243
0.510258
0.083393555
-0.18652193
0.24727212
-0.16221659
-0.015646615
0.39618402
0.17570969
0.47750029
0.43386624
0.20083002
-0.33733958
0.43628014
0.29647505
-0.24796198
0.30051202
-0.12947437
-0.29725823
0.24279428
0.20771383
-0.46850131
0.18556449
0.49893804
0.35268467
-0.24142955
0.45799985
0.21796124
-0.045086063
-0.24298543
0.47855655
0.6741439
-0.16381843
-0.18715502
0.20238076
0.096160506
-0.32937474
0.31280585
-0.15670806
-0.28933934
0.61518314
-0.33402469
-0.12212982
0.43609456
-0.20401602
-0.30327056
0.57752685
0.57705519
0.46910229
0.54582614
0.4298439
0.4846109
0.58472256
0.50214877
0.58316993
0.48174944
0.39449944
0.35844684
0.42688797
0.29298852
0.27164798
0.36411066
0.34238322
0.20593344
0.15259535
0.067268896
0.46850905
0.015540573
-0.062271694
0.36556033
0.47925288
0.10553578
0.65492782
-0.10931391
-0.044154978
-0.17468363
-0.13887984
0.35988308
0.46043108
0.57045674
0.53394275
0.63270748
-0.23299793
0.57851635
-0.1591617
-0.10553577
0.66170302
0.5769363
0.29909368
0.23376028
0.65603225
0.27733335
0.15205926
0.10468804
0.033116156
0.062434177
0.24371285
-0.014456234
0.013566445
-0.058677007
0.22872543
-0.20682936
-0.11030946
-0.27584475
0.039578712
0.69500225
0.058605065
0.63196344
-0.29451899
0.11976259
0.46920088
-0.069440048
0.70339557
-0.026639313
-0.12579206
0.71347085
-0.038866062
-0.18710313
-0.09370289
-0.32172041
-0.081441717
-0.20584339
-0.24838754
-0.096137127
0.35876545
-0.20987954
-0.2514384
-0.1620053
-0.18129646
0.04473423
0.12676507
0.27222082
-0.024795381
0.26749801
-0.15332407
-0.084956184
0.64271793
0.67949784
0.22706108
0.34203002
-0.306817
-0.33803813
0.33837887
0.45345186
0.46407356
0.56811433
0.65512129
-0.17465973
-0.10841095
0.63650223
0.39690242
0.54267766
0.16424224
0.17853007
0.2232777
0.085841161
0.23754702
-0.25726364
-0.022969256
-0.2571751
-0.21030158
0.57296674
0.0032020768
-0.27758286
0.20794263
0.29093198
0.12340168
0.07825373
0.14340936
0.64905607
-0.30811311
-0.1914556
-0.31849679
0.33731291
0.40991106
0.68933812
0.17554524
0.013787414
-0.28429298
-0.03781371
0.69049306
0.074836643
0.53409597
-0.30093652
-0.31195122
0.088992277
0.17804561
0.69713821
-0.14691743
0.32453217
0.3492566
-0.23799382
-0.28253419
0.3047358
-0.012577886
-0.32626621
0.40306276
-0.11137187
0.70457605
0.017750944
-0.31608562
-0.11512637
-0.14103704
0.50826987
0.10611444
-0.30115633
0.36779685
0.13851696
0.10374036
0.036723382
-0.22506326
-0.33860071
0.34189372
-0.20513765
-0.074482169
0.04616123
-0.071763356
0.16960949
-0.30513456
-0.20447684
-0.20628514
-0.028172348
0.31093751
0.30329671
0.3459818
0.28157901
0.31291551
0.24903321
0.20277827
0.17124948
0.11461068
0.084533055
0.13628721
0.052805473
-0.0056270413
-0.033656292
0.10196131
0.27194864
-0.093678926
-0.11764322
-0.056414895
-0.13506193
-0.066387014
-0.070590616
-0.14291478
-0.14897387
-0.12308149
-0.20616995
-0.20876922
0.13907005
-0.19244894
-0.16756645
-0.098780319
-0.21630307
-0.14837983
-0.079199735
-0.13942231
-0.19907351
-0.13465501
-0.26586782
-0.067631945
-0.14165761
0.31579883
0.26834308
0.23633672
0.22771371
0.22117792
0.23773766
0.19071917
0.18009405
0.0038712631
-0.0070215231
0.056814305
0.1803163
-0.25634022
-0.30577784
-0.24413376
0.23426011
0.0044262486
0.049383342
0.097158653
-0.0061389899
0.11141813
-0.12177483
-0.28754536
0.0487974
-0.18277412
0.15630279
-0.17711837
-0.2497356
0.13127062
0.12004025
0.014509979
0.086847043
0.15315907
-0.21736226
-0.31529231
0.0574928
-0.31298731
0.13435022
0.39311845
-0.27206605
-0.24679882
-0.2320161
-0.3288776
-0.21003322
0.23213254
0.026943097
-0.014410886
0.077296513
0.12902999
0.26663985
0.0077767458
0.10351112
-0.33646634
-0.20914185
-0.1896955
-0.19078321
-0.13886071
-0.06702753
0.38485122
0.35866864
-0.137904
0.22607268
0.21004168
0.023695264
0.28918494
0.18687122
0.024261835
-0.074379387
-0.19333537
0.094460703
0.074146767
-0.26413847
-0.17269543
-0.03988096
-0.041927492
-0.23809926
0.12144969
0.33992693
0.17068216
0.077409065
0.28936627
0.11962293
-0.017798058
-0.30448255
-0.27166392
0.049164111
-0.22193842
0.13630791
-0.19912691
-0.28069581
0.069780632
-0.063899981
0.21129398
0.010681029
0.15871927
-0.26583947
0.15317526
-0.1431624
-0.096202066
0.1583151
-0.28519029
0.069092448
-0.25806514
-0.22195037
-0.21135713
-0.23125611
-0.063253274
-0.24089197
0.15334495
-0.29634317
-0.1449304
-0.19829097
0.11966534
0.086178482
-0.31832455
-0.2613714
0.13505983
-0.1705465
