FiniteElementSpace
FiniteElementCollection: H1_2D_P1
VDim: 1
Ordering: 0

-0.49706822
0.16779833
-0.49692735
0.16821582
-0.2844201
-0.28507855
-0.53145054
-0.54287376
-0.52563065
-0.48077288
-0.41185917
-0.32430063
-0.2265151
-0.12714913
-0.031804919
0.049832883
0.11495026
0.15847378
0.18253632
0.18992024
0.18239011
0.1483521
0.12817352
0.11111672
0.09731224
0.085418816
0.07252755
0.054967904
0.028734299
-0.0086497092
-0.06042779
-0.12482086
-0.1996188
-0.28117264
-0.36264811
-0.43524538
-0.53101022
-0.54294705
-0.5259962
-0.48100888
-0.41188662
-0.32390901
-0.22628033
-0.12637218
-0.031740695
0.050029298
0.11430631
0.15886867
0.18329418
0.18998015
0.18297659
0.14712925
0.12796314
0.11080971
0.096955387
0.08543529
0.072791338
0.054918147
0.029104027
-0.0087562502
-0.060156835
-0.12473651
-0.19981655
-0.28116054
-0.36235425
-0.43543065
0.14211371
0.096179811
0.03980363
-0.016368817
-0.063565715
-0.095767109
-0.11051137
-0.10895776
-0.095794852
-0.078325316
-0.065811011
-0.066899267
-0.086683963
-0.13053589
-0.19673995
-0.37924497
-0.47636442
-0.56125196
-0.62366815
-0.65356728
-0.6457098
-0.59929273
-0.51762871
-0.40844284
-0.28314994
-0.15483689
-0.036751333
0.060926574
0.12934742
0.16510525
0.14193915
0.096125223
0.040033948
-0.016047192
-0.063462619
-0.095786672
-0.1102693
-0.1094537
-0.095625615
-0.078172257
-0.065637095
-0.065953683
-0.086513628
-0.13052455
-0.19680915
-0.37909135
-0.47647598
-0.56108432
-0.62374396
-0.65416435
-0.64543922
-0.59895704
-0.51771467
-0.40853184
-0.28335154
-0.15549217
-0.036404484
0.061632055
0.12981616
0.16471527
-0.46779604
-0.37597632
-0.23552971
-0.070218367
0.093008214
0.2290003
0.3174403
0.34566218
0.31200427
0.22360937
0.09709961
-0.042433876
-0.17192503
-0.2666691
-0.30816403
-0.1951634
-0.051145112
0.12798071
0.31816378
0.49161305
0.62151147
0.6905617
0.68471628
0.60133881
0.45467153
0.26098952
0.046346098
-0.16044258
-0.332525
-0.44898722
-0.46856779
-0.37567085
-0.23514277
-0.070212495
0.092594738
0.2284913
0.31751389
0.3459199
0.31215155
0.22364421
0.097923306
-0.042628963
-0.17235595
-0.2663399
-0.30708132
-0.1951194
-0.051068093
0.12799675
0.31800465
0.49122067
0.62241289
0.6894578
0.68423905
0.60234364
0.4548509
0.26113032
0.046800687
-0.16076682
-0.33240871
-0.44899178
0.039169111
0.67403559
-0.60443321
-0.2895659
0.51969505
-0.028681553
0.065052289
0.21898508
-0.63237874
0.076288752
-0.17429807
0.14272771
-0.039329276
-0.17194135
-0.48309499
0.1197184
-0.34920244
-0.21341837
-0.52077829
-0.556942
-0.60472251
-0.51133536
-0.5178504
-0.38651493
-0.38617073
-0.2385854
-0.24786744
-0.094097384
-0.047667502
0.085120509
0.027510461
0.17934042
0.15772673
-0.35349337
0.1126984
0.22454924
0.31271767
0.30784691
-0.008210395
0.40721677
0.34630586
0.066803558
-0.020701144
0.21927533
-0.3530674
0.44726809
0.50644147
0.33040482
0.23610658
0.043116191
-0.01331981
-0.092561678
-0.051897477
-0.13569241
0.17422969
-0.066202953
0.54166423
0.5942446
-0.14169556
-0.036279703
-0.4880331
-0.29132724
-0.47518924
-0.13404582
-0.049531664
-0.20991394
0.04219265
0.19703337
0.10129223
-0.12468591
0.4976993
0.57304509
0.07214958
0.095719459
0.1522605
0.0089377212
-0.34686594
-0.23201667
0.42158116
-0.22930768
0.080990341
0.098874256
-0.0046267685
-0.26447962
-0.21983447
0.48607476
0.62634399
-0.31794151
0.29022921
0.028888415
0.081476374
-0.1165547
0.042003109
0.61824306
0.50848228
0.50313201
-0.6528571
0.69604539
-0.096841791
0.65993939
0.64101922
0.056245038
0.062804446
0.048625677
0.068689472
0.091703765
0.035235128
0.061303058
-0.0020148551
-0.10829814
-0.41036895
-0.17460277
0.34085628
0.15368432
-0.56849341
-0.047955767
-0.064737527
0.020962563
-0.26438024
-0.66196526
-0.61362346
-0.46884189
-0.1985502
-0.11666903
-0.42925499
0.099839045
0.26067819
0.40761692
0.25035243
0.26559341
0.1530109
0.42516287
-0.046797771
-0.11529609
0.1486831
0.57760277
-0.58626233
0.020246619
-0.52422483
0.3441144
-0.19113682
0.16850759
0.41744748
-0.31501992
-0.3721736
0.010458674
-0.29771535
0.2357716
0.10807597
0.34796085
-0.43965229
-0.40138232
0.16292136
0.31330392
0.059029916
-0.14255403
0.07099359
0.062101093
-0.3756201
-0.22303285
0.040502241
0.037737033
-0.42193486
-0.30475682
0.37231142
-0.015053105
0.03626825
0.37200265
0.074387039
-0.28245688
0.07443621
-0.2429064
-0.37043483
0.1153735
-0.0045589528
-0.009202324
0.15076258
0.12457432
0.56237501
-0.295238
-0.10440763
-0.11944834
0.26378339
0.58559293
-0.028676735
-0.016636782
-0.51706816
0.08927314
-0.16144721
0.27482894
-0.018887201
-0.029713834
-0.55988687
0.11044637
-0.4563415
-0.053394259
0.047182011
-0.018270888
-0.082738483
-0.092664419
-0.14754882
-0.16712667
-0.20416111
-0.23211161
-0.2367747
-0.27701422
-0.24465208
-0.29682606
-0.22131578
-0.28713396
-0.16812385
-0.10180604
-0.24881823
-0.011395501
0.040391078
0.15707377
0.18162363
0.095941433
-0.20060228
0.062130887
0.17081954
-0.31626437
-0.35737807
-0.33559401
0.28194604
0.20962212
0.29794164
0.24746578
0.056066168
-0.42053797
-0.41756494
-0.28650701
-0.38523348
-0.21375948
-0.47665562
-0.33051874
-0.036727558
0.36675066
0.27518402
-0.1836031
0.40198758
0.31759877
0.16964838
-0.038724777
0.43681105
0.55340339
0.029648309
-0.39468708
-0.12615638
-0.47576765
-0.43258212
-0.10899615
0.15501373
-0.017953372
0.0031809662
-0.12786584
0.38241037
0.53192058
0.0016714704
-0.53526605
-0.054405797
-0.0085946995
0.1147488
-0.026367037
0.35414633
0.6164936
0.061861481
-0.070615965
-0.10452578
-0.14811249
-0.1346415
-0.15615848
-0.074479389
-0.50847724
-0.35095919
-0.33175526
-0.55223689
-0.20072823
-0.32958624
-0.24903308
-0.4156749
-0.34491763
-0.2812979
-0.38469013
0.65778841
0.10165669
0.21519309
0.44117506
-0.10860079
0.038369363
-0.028290167
-0.46107775
-0.51464718
-0.46789073
-0.014033589
0.12192147
-0.48999852
-0.13116303
-0.14490553
-0.25130341
0.13091307
-0.090142455
-0.057490466
0.50847709
0.31067647
-0.34680009
-0.2572082
-0.19025876
-0.090452606
-0.16621284
0.061309403
0.072873775
-0.18535629
0.42025226
0.055056486
-0.10298661
-0.19974271
0.48894606
-0.16635346
-0.53971069
-0.089647705
0.14105508
0.075364635
-0.16422053
0.10983233
0.049146791
-0.084826914
-0.039746971
0.2235602
-0.42937284
0.034340891
-0.1808783
-0.45434407
0.47522616
0.47193029
0.26473853
0.36002193
-0.50808901
-0.16145291
0.15360321
-0.12197384
-0.11826095
-0.5392279
0.016678441
0.4110271
-0.34702811
0.55952912
0.054363235
-0.16911869
0.65660177
-0.38911213
-0.17402169
0.15651844
-0.11256474
0.38392338
-0.47641543
-0.030839878
0.19583042
0.22618805
0.17906267
-0.12136228
-0.58528786
-0.33229619
0.094221321
-0.13307516
-0.11575718
0.24762203
-0.4627355
-0.5069537
0.2219241
-0.3689408
-0.42761504
0.065193799
0.17202793
0.081503742
0.28121976
0.19465981
0.38306575
0.4363169
0.51042567
0.51977052
0.55545398
0.55676741
0.5601729
0.50960275
0.47298524
0.57183899
0.30124946
0.37808681
0.30718849
0.41243535
0.22208346
0.42759842
0.33511972
0.13184295
0.26225658
0.32536705
-0.0062252905
-0.094422366
0.45729433
0.14298198
0.22210719
0.36458022
0.053783349
0.27370622
0.37635969
0.045598861
-0.16500639
0.30164733
-0.23906588
0.35890363
0.29133384
0.09019839
0.19807481
0.23966685
0.39159592
0.2924828
0.081887004
0.17897909
0.36248279
0.48466161
0.41471549
0.51586031
-0.043640914
-0.14775126
-0.38067395
-0.065114347
-0.13541156
0.41034086
0.45365499
0.5034311
0.33289078
0.53612081
-0.019572727
-0.27401057
0.49510122
0.19056716
-0.24203239
-0.20723755
-0.34279996
0.47584676
0.44925034
0.34590109
0.37365213
0.26535557
-0.34902215
-0.45844615
0.38273138
-0.44932848
0.36107599
-0.13282527
-0.366811
-0.24695462
-0.059246208
-0.5597299
0.00047078422
0.13822747
0.26069549
0.025827601
0.063320596
0.056303139
-0.41026914
-0.28872299
-0.16799196
-0.58732094
0.16010133
0.20836257
0.23376408
0.2712934
0.315647
-0.23799596
-0.022715698
-0.26896999
0.34259091
0.46677089
0.51743272
-0.026026382
0.45310452
0.53460886
0.24922431
0.089127506
0.45085292
0.55627179
-0.30654712
0.18311682
0.44974043
0.093609972
-0.044374412
0.39879871
-0.13338646
0.52179411
0.30394211
-0.23485582
0.34365991
0.44279164
-0.46856101
-0.4397658
-0.48333677
0.19114806
0.54449197
0.12166783
-0.28289238
0.44743315
0.16745573
-0.32375896
0.25628814
0.3755112
-0.16318568
0.48076472
0.22836262
-0.076284445
0.27866199
-0.46028925
-0.34346373
-0.19248635
0.028202819
0.053030206
-0.36947699
-0.49948845
0.19002084
0.39466097
-0.35075075
-0.21873514
0.14089246
0.19178958
0.29588061
-0.5729163
-0.43597807
-0.38425229
0.23753469
-0.013365643
0.27415716
-0.093408188
-0.085901787
0.084321792
-0.12679047
0.14327672
-0.045132348
-0.012790131
-0.090784702
-0.27121261
0.11548999
-0.10766524
0.081412926
-0.31410538
-0.19012009
-0.40487683
0.13813999
-0.095403678
-0.076027421
-0.06292241
-0.045490103
-0.026406686
-0.012125168
-0.025318859
0.0039473178
-0.001232646
0.022303509
0.023301355
0.030888735
0.043075539
0.038403593
0.028042029
0.008429321
0.066276144
0.045509011
0.012063173
0.00033877844
0.061003205
-0.032215638
-0.062997232
0.099633655
0.078749888
-0.012554539
-0.096036101
-0.032688302
0.13014149
0.088128063
0.035255016
0.13972964
0.025719336
-0.01934531
-0.13340646
-0.18394582
-0.040685637
-0.025866276
-0.069926724
-0.10145256
0.0011288462
0.035571985
-0.081514358
0.03454743
0.058475936
0.066024697
0.083172739
0.06728989
-0.0047352733
-0.042454524
-0.0040621787
0.095322364
0.060206977
0.072864563
0.18284019
0.070712745
-0.050768304
-0.032164085
0.0112051
-0.083011635
0.026403453
-0.19480078
0.14189057
-0.0026397718
0.0058727115
0.1022216
-0.25575522
-0.22845681
0.043293878
0.034932693
-0.084789457
-0.07007674
0.084909015
-0.32575453
0.18108676
-0.054613717
-0.033305176
0.07004274
-0.079287057
0.28471972
0.23568592
0.15897976
-0.1892593
0.020870189
-0.090920446
-0.092813238
-0.19621953
0.10181788
0.10487447
0.034823596
0.12706049
0.11599871
0.10837558
-0.18190675
-0.11269674
-0.17076747
-0.13883828
-0.10506961
-0.052239297
-0.039335512
-0.34593779
-0.056749272
0.015847294
0.027292887
0.034946662
0.047724498
0.02138656
-0.085619777
0.052546491
-0.0052532182
0.017626927
-0.12797811
0.090764457
0.033803746
-0.17601835
0.11534905
0.031558123
-0.006562824
0.03213878
-0.065663291
0.03356747
0.061837611
-0.0068419378
-0.15752881
-0.40900468
0.1240209
-0.23488595
0.034789183
0.087307173
0.2329737
-0.038108216
-0.13759828
0.074864939
-0.11252803
-0.062264693
0.17679727
0.049234127
-0.13062607
-0.24088431
-0.083802124
-0.27299103
0.12325641
0.2249701
0.15325333
0.063051597
-0.4541941
0.14631213
-0.24914399
0.065770142
0.20927659
-0.29832992
-0.039649639
0.093194894
-0.086470109
0.2372785
-0.35602499
0.1030442
-0.062080001
-0.19590978
-0.12468421
0.58456763
0.5698509
-0.038486729
-0.45128415
-0.040022563
0.062501306
-0.075859067
-0.015362433
0.091930804
-0.55194385
0.27434458
-0.33713096
0.042220493
-0.05337983
0.14357513
-0.53862714
0.099857999
0.2143384
0.36481172
0.27513351
0.39163238
0.27903896
0.35311701
0.22787268
0.25999972
0.13432969
0.12677718
0.01551553
-0.019524777
-0.10359069
-0.15493008
-0.079954173
-0.20328882
-0.22327357
-0.15966671
-0.30156662
-0.25436254
-0.32098457
0.38212454
-0.073353653
-0.18513688
0.02476135
-0.15943851
-0.22101994
-0.38372787
-0.35773978
-0.3529737
-0.30170502
0.026077362
-0.18422918
-0.20833552
-0.24307434
-0.19530254
-0.22035139
-0.17681471
-0.14420557
0.13310062
-0.4402711
-0.40566438
0.16573731
-0.39450835
-0.32617395
-0.23197002
0.25890142
-0.4375573
-0.41540151
0.12709328
-0.12334791
-0.15471608
-0.12610482
-0.062072775
0.3480791
-0.34881085
0.1595012
-0.31192501
0.20949721
-0.50550008
-0.47231941
-0.24207922
-0.051237263
0.37705662
0.22135082
-0.16176824
-0.061511296
-0.17268425
-0.42734935
-0.11914512
0.45685567
0.47621011
0.50139359
0.603181
0.57256117
0.43941943
0.015673271
0.025879239
0.1220706
-0.023399245
-0.29449877
-0.10287465
-0.11495016
-0.070533653
-0.14555128
-0.08230772
-0.0038103767
-0.55992264
-0.53970189
-0.51645391
-0.071517947
-0.017197116
0.060262195
-0.11185388
-0.13386096
-0.14764484
-0.036954102
0.48816707
0.48636616
-0.12934937
0.64319192
-0.065747871
-0.10171614
-0.25861629
0.019974623
-0.33248082
-0.38164784
-0.16522003
-0.06958521
0.10990494
0.063930536
0.16712363
0.088525123
0.053810268
-0.012781244
-0.26514324
-0.4501945
-0.49646585
-0.27760814
0.25000567
-0.017018475
-0.52224909
-0.14481389
0.10499948
-0.45750476
-0.38840456
-0.088832895
0.38051922
-0.30808869
0.047642601
0.27479448
0.025830232
-0.25715468
-0.15527432
0.058769812
0.085363757
-0.085264203
-0.49752534
-0.48788204
-0.54501628
0.48289806
0.1538202
-0.50516769
-0.16333068
0.6662367
0.096407561
0.08001813
-0.098283203
-0.26743971
-0.050063398
-0.48533493
-0.25071789
0.0042454378
-0.34806457
0.56142925
-0.46494305
-0.12599359
-0.038456481
0.39974359
-0.46364915
-0.12467782
0.18420929
-0.22553478
0.1976224
-0.5917523
0.056695636
0.24816702
-0.13379827
-0.40968534
0.096589992
-0.28868765
-0.51319782
0.19396197
-0.35253708
-0.49451458
-0.35916092
-0.26651889
-0.35967184
-0.13781491
-0.22160797
0.014078443
0.094817275
0.23925483
0.30165855
0.41980254
0.36873015
0.50987074
0.52862357
0.56816706
0.46889994
-0.062085106
0.55034316
0.53614583
0.56256903
0.47861316
0.52205257
0.51290166
0.38346646
0.50642459
0.49032561
0.4212775
0.17134101
0.42438139
0.52073581
0.25967439
0.19395584
0.44182906
0.4390553
0.44024693
0.40304314
0.36494781
0.052167527
0.34867162
0.44048033
0.50202872
0.2762294
0.287031
-0.28815464
-0.12650654
-0.16248169
0.10073357
0.037334056
-0.17570236
-0.01595977
0.18037954
0.40834221
-0.21187593
0.5342999
0.48198532
0.32527882
-0.026870122
0.11584488
-0.15833289
-0.35353335
0.25579561
0.46509869
0.34720205
-0.073171459
0.25594615
0.35439054
-0.35710966
0.14024453
0.38749894
0.41053479
0.10469971
0.13254121
-0.11310077
0.025729462
-0.28146445
-0.041994781
0.43166745
0.3347385
0.27799918
-0.53930751
0.388597
-0.3302078
0.45958817
0.31311738
0.059825992
0.13868514
0.28081897
-0.56602069
0.23456807
0.026748031
-0.054829427
-0.24542882
0.024550403
-0.58395947
-0.43041856
-0.4698656
-0.11564739
0.24105425
0.29010278
0.24679056
0.20313736
0.18551518
-0.26640824
-0.24188673
-0.045191582
0.17072132
0.45047021
-0.33508356
0.24023968
0.55902536
0.56179202
0.48341848
0.13137991
0.32210599
-0.23701049
0.31039106
0.45743693
0.24560674
0.34107542
-0.47497512
0.3086294
0.34483675
-0.48596657
0.52365543
0.36711617
0.21884137
-0.43798512
-0.42407315
0.21819147
0.37298651
0.23041648
0.41009973
0.16290578
0.18586633
-0.46935223
0.042398813
0.33760441
0.13678783
-0.33905321
0.0062333311
0.15842755
0.22301284
-0.065293394
-0.3611556
0.36401553
0.30514933
-0.36961537
-0.49929715
0.19126023
0.26339111
-0.16422727
0.30220261
0.11136422
0.013413072
0.10216351
-0.41278736
-0.44288303
-0.1830469
0.32501011
-0.09285679
0.032021512
0.27740602
0.14675425
-0.1234005
-0.051261775
-0.086001173
-0.027808385
0.10192856
-0.10645574
-0.2724767
0.038311455
-0.095448228
0.12724542
-0.30644294
-0.22859375
-0.41014152
0.12481578
0.28133094
0.22841422
0.19391534
0.16325974
0.10917793
0.096864422
0.12769419
0.079435566
0.090555869
0.059090572
0.039730378
0.035601601
0.037842103
0.028501632
0.014732857
0.033752326
0.016712023
0.019238142
0.029512868
0.030425405
0.021490874
0.040464116
0.049240206
-0.0081596494
-0.008490207
0.0082248363
0.12328662
0.058653571
0.037665012
0.072415654
0.052281138
-0.038701026
-0.042382478
-0.0082738396
-0.050595981
-0.0125897
0.079913033
-0.064740387
0.056263545
0.02493596
-0.026356069
-0.1010144
0.020997857
-0.052100417
0.21497268
-0.022342792
-0.096991642
-0.14629785
-0.16942733
-0.11088737
-0.033347609
-0.23470828
0.0094479316
-0.015065004
-0.061692112
0.050248122
0.019777899
0.08192359
-0.19748821
0.042034931
-0.025539183
0.073934027
0.10324824
-0.052991479
-0.083611912
-0.29289592
0.034070262
-0.061784694
-0.039871584
0.10310548
-0.15461991
0.0066142472
-0.022595404
0.11478164
-0.064453105
0.046258702
0.074426007
-0.10464547
0.21672798
-0.0090450542
-0.0069397643
0.0080448194
-0.061448084
-0.096004555
-0.090876473
-0.083885618
-0.17604486
-0.089222167
-0.19659931
-0.22951018
0.23470026
0.025950589
0.11029984
0.11379124
0.084680513
0.11493441
-0.14177226
-0.12575609
-0.16711758
-0.14256288
-0.055914245
-0.3442715
-0.30019873
0.17604945
0.039708949
0.054809931
-0.087649393
-0.053851648
0.024337833
0.025778388
-0.0033518965
0.093486235
0.027201679
0.043558754
0.078515781
0.029901519
-0.0044079161
0.062756579
0.0019126209
-4.6527095e-05
-0.021626018
-0.126561
0.0051440013
0.036722734
0.085554928
-0.40542376
0.1364958
-0.1936067
-0.072096092
0.090755323
-0.020604193
-0.039257292
0.094472084
-0.25004224
0.15170663
-0.0649679
-0.18496159
0.082921955
0.1084362
-0.078500882
-0.083662614
0.16311738
-0.35947504
-0.066242615
-0.088700871
-0.45427138
0.14660524
-0.24788301
-0.1054396
0.11743071
-0.10301927
-0.16808346
0.097219112
-0.066355387
0.11287964
-0.33037998
-0.087974329
-0.097973076
-0.51327308
0.058192044
0.69554423
0.43005494
-0.66231183
-0.28334146
-0.035817635
0.065675603
0.34567737
-0.17363328
-0.045235155
-0.56551431
0.0088584995
-0.037033237
0.091533442
-0.3068029
0.10270778
-0.37363393
0.67478075
0.66425604
0.62176413
0.57386786
0.47307667
0.41462374
0.50184323
0.34151505
0.41532858
0.26316907
0.14596401
0.086904939
0.18987987
0.040394581
-0.054919558
0.26801147
0.12831502
0.010544454
-0.099719932
-0.092182934
0.24111121
-0.20940101
-0.16370094
0.16861884
0.23681153
-0.065465205
-0.10314113
0.51897429
0.16097648
0.18529388
0.2738653
0.1152071
0.17288516
0.2701958
-0.19240973
-0.10511623
0.12894249
-0.025388075
0.22272281
0.021830444
0.31458561
0.081824416
0.62999484
0.035678067
-0.15801443
-0.11682957
-0.34267298
-0.36729387
-0.23385591
-0.33553442
-0.37392849
-0.29967996
0.0093071836
0.032181495
0.10608011
-0.075352568
0.37753644
-0.45267269
-0.50109377
-0.3759128
-0.3842744
-0.18129553
0.052098769
0.42362739
0.05433269
-0.24478768
-0.076399469
-0.023067738
-0.51880693
-0.59760597
0.32297584
0.47024354
-0.51830771
0.018740522
0.058558925
-0.46424403
0.023670538
-0.61118637
0.63904761
0.040664583
0.010826668
0.046246955
0.075878382
-0.10225786
0.58019127
0.24625306
-0.15963583
-0.63085198
-0.51638888
0.14920556
-0.47748214
-0.42384161
0.064907936
-0.25549721
-0.10951305
-0.19696481
-0.082876317
0.12823116
0.51672417
0.50809033
0.047280439
0.60300823
0.20873941
0.3253075
0.12275319
-0.18554417
-0.086436074
-0.27126949
0.0010284093
-0.54639467
-0.23466224
-0.036090083
0.084372833
0.32782157
-0.24273354
0.059112721
-0.60404929
0.3442753
-0.01133003
-0.40386155
0.14912498
-0.6528599
0.37293563
0.025410873
0.11858149
-0.21558953
-0.34175442
-0.21404456
0.0991888
0.070895295
0.47251446
-0.28296212
-0.046556987
-0.35883901
0.56378835
0.081010113
-0.37667135
-0.17516101
-0.12914592
0.5318335
0.044870431
-0.33901001
0.063781969
0.1142595
0.0011221199
0.1456212
-0.29091591
-0.41838139
-0.49679895
0.065158702
-0.033987908
-0.063266991
-0.60839718
0.40942812
0.063898848
0.076453203
-0.17668639
0.0081694837
