FiniteElementSpace
FiniteElementCollection: H1_2D_P1
VDim: 1
Ordering: 0

-0.50944535
-0.24858508
0.50931808
0.24825076
0.25658966
-0.25675423
-0.37941158
-0.22893202
-0.068106014
0.089976781
0.23285537
0.34963599
0.43092672
0.47175053
0.46947926
0.42546673
0.34551155
0.23714232
0.11137593
-0.019447747
-0.14326277
-0.32359871
-0.36154854
-0.35883752
-0.31432132
-0.23083323
-0.11543099
0.022812393
0.17264476
0.32089068
0.4555261
0.5650198
0.63904505
0.67163344
0.65982823
0.60391837
0.37945568
0.22890782
0.068094672
-0.090041578
-0.23284774
-0.34923368
-0.43091278
-0.47154049
-0.46926776
-0.42538597
-0.34516897
-0.23704627
-0.11147591
0.019356101
0.14312783
0.32311752
0.36158913
0.35877999
0.31430308
0.23089151
0.11544264
-0.022460107
-0.17238262
-0.32078907
-0.45533445
-0.56449533
-0.63893714
-0.67180155
-0.65986352
-0.60378185
-0.26886956
-0.28794984
-0.30152469
-0.30749519
-0.30343012
-0.28781621
-0.25995279
-0.22008173
-0.16941795
-0.11010995
-0.044920235
0.023192443
0.090528736
0.15358743
0.20948985
0.29054067
0.31315642
0.3233654
0.322265
0.31160212
0.29388768
0.27193812
0.24881739
0.22717754
0.2098761
0.19917577
0.19547826
0.19919778
0.21063809
0.22735369
0.26820992
0.2874403
0.3014394
0.30760638
0.30385208
0.28799632
0.25978491
0.21990859
0.16949972
0.11012457
0.044773134
-0.023284408
-0.090665168
-0.15379558
-0.2095721
-0.2906832
-0.3131745
-0.3232211
-0.32223186
-0.31174453
-0.2937497
-0.2716782
-0.24874819
-0.22717761
-0.20994074
-0.19931573
-0.19585226
-0.19950968
-0.21040698
-0.22696698
-0.4414789
-0.35521872
-0.25647848
-0.15420144
-0.0565181
0.028587425
0.094005402
0.1348615
0.14885689
0.13542271
0.096595065
0.038127205
-0.034415972
-0.11343067
-0.19007571
-0.30404315
-0.32836656
-0.32508676
-0.29236478
-0.23139739
-0.1462387
-0.041034298
0.075177768
0.19387589
0.30835991
0.4079312
0.48624511
0.53768784
0.55886243
0.54838812
0.44111977
0.35512741
0.25657027
0.15421062
0.056552254
-0.02866963
-0.094093988
-0.13496882
-0.14876852
-0.13513819
-0.096806721
-0.038199731
0.034543333
0.11325322
0.18968608
0.30408081
0.32829293
0.32495526
0.29228427
0.2315268
0.14587043
0.041557804
-0.075244667
-0.19414433
-0.30784589
-0.40783577
-0.48674793
-0.53780276
-0.55856921
-0.54832131
0.29259177
0.17388749
-0.30685799
-0.25733596
-0.18683981
0.54551294
-0.15063047
0.51797814
-0.35803401
-0.31890338
0.69586312
-0.32692309
-0.25649309
0.6317725
-0.35849946
-0.30525136
0.67049437
-0.34538383
-0.287094
-0.31746416
-0.33603944
-0.31741208
-0.33470492
-0.28675343
-0.27219874
-0.21280335
-0.20332379
-0.11746096
-0.13065213
-0.013131069
-0.0078063143
0.11381533
-0.033286604
-0.30447971
0.10873066
0.24053096
0.23524867
0.36556153
-0.019236424
0.34510507
0.47236183
0.083106992
-0.047535647
0.35784365
-0.26298858
0.43485488
0.29858743
0.55213413
0.57696918
0.039117359
-0.090301208
-0.15792899
-0.19598646
-0.23955628
0.64192768
-0.2660391
0.37086649
0.23070199
-0.28486198
-0.30320222
-0.3517359
-0.32260815
-0.30081387
-0.24897164
-0.27045765
-0.33847216
-0.29033099
-0.2033418
0.18129635
-0.35055678
0.15471934
0.086441843
0.12117759
0.65155636
0.56668245
0.69670558
-0.3740399
-0.27153559
0.012752046
-0.20316963
0.6647314
0.26717225
-0.23463098
-0.37446713
-0.28917802
-0.047658537
0.010369329
-0.28814441
-0.22490116
0.62211866
0.51968173
0.69682403
0.4304009
0.28646361
0.41243714
-0.13099503
-0.32769844
0.0434652
0.64662271
0.14844845
-0.078772804
0.12401046
-0.019826677
-0.078502277
-0.25731832
-0.34311402
-0.31541135
-0.3225046
-0.29558611
-0.29097624
-0.2688493
-0.26524157
-0.27185071
-0.30399073
-0.36297638
-0.35129438
-0.35618646
0.58911011
0.70359897
-0.34534852
-0.35425513
-0.30259277
-0.22848346
-0.11682856
-0.36610978
-0.17839911
0.098972702
0.20626813
0.47926621
0.59454042
0.22290362
0.49490102
0.68969318
-0.1303468
0.32338178
0.30129073
-0.36906608
-0.15098994
-0.37807873
0.063585326
-0.21632661
0.45342567
0.41942007
0.64733445
-0.34763126
-0.13929894
-0.2614466
-0.065718177
0.39955635
0.52082949
-0.3788459
-0.2922908
0.60056696
-0.10683115
-0.25678138
0.71562603
0.20790419
0.059427978
-0.28901399
-0.36694897
-0.012419323
-0.19911561
0.60773966
-0.31628972
-0.14858054
0.64954561
-0.2813368
-0.2319374
-0.29346978
-0.28239616
0.33001284
0.70012517
-0.37138333
-0.33803965
0.41331233
-0.28608734
-0.28077633
-0.26400529
0.10167594
-0.42373134
0.11456449
0.19507999
0.28020073
-0.18641693
-0.3641325
-0.047741604
-0.13303947
-0.15583368
0.42465845
-0.29316517
0.2179381
-0.17649387
0.18022912
0.19505022
0.4580073
-0.28588806
0.20764898
0.11117989
0.12129961
0.0097681655
0.037982338
-0.086148299
-0.073276083
-0.17074697
-0.14977176
-0.22933625
-0.20399399
-0.25977666
-0.22809167
-0.25782721
-0.22105608
-0.20357743
-0.22225658
-0.19400355
-0.18889386
-0.1793505
-0.18579738
-0.15566306
-0.067251116
-0.16744964
-0.17503233
-0.29545324
-0.27079805
-0.20688262
-0.14275908
-0.091819827
-0.19433639
-0.19253145
-0.13144786
-0.26648012
-0.17642948
-0.1132308
-0.058665185
0.0043843299
-0.24894932
0.078201588
-0.12419244
-0.21259972
-0.21717959
-0.19359585
-0.082476536
-0.0048545017
-0.17276239
-0.062984342
-0.14546617
-0.091241877
-0.084146124
-0.32712493
0.13454458
0.0056799678
0.15304597
-0.052797777
-0.20060551
0.011450936
-0.11716508
-0.12605231
-0.23642859
-0.16172205
0.046585323
0.073398346
0.0078524177
-0.029040063
0.16307194
0.26060317
0.15318131
-0.12732783
-0.12498765
0.073111772
0.02747257
0.02261069
0.10785816
0.094529743
0.22142741
0.22232842
0.31457943
0.44924598
0.016227627
-0.44507734
-0.40414145
-0.40332883
-0.35909004
-0.36935086
-0.34057176
-0.35954899
-0.015888464
-0.30242371
-0.27400834
-0.25630657
-0.42361147
-0.27077878
-0.18817365
-0.25961583
-0.18268512
-0.28501083
-0.1105405
-0.026329188
-0.12727766
0.18837382
0.10510242
0.21445645
-0.14853591
-0.18282835
-0.17064067
-0.0033399946
-0.17767331
-0.29863332
-0.2583577
-0.28590592
-0.11169624
-0.18322385
0.072424569
-0.10869989
-0.15526728
-0.18860922
-0.25419089
-0.062993226
-0.1359427
-0.22708647
-0.36122682
0.3339304
-0.22729181
0.1015294
-0.2083341
-0.064354365
-0.027051193
0.37406508
-0.28908729
0.017541276
0.066851711
-0.32350354
-0.067131809
0.010253656
0.36270318
0.20470864
-0.20731895
-0.24474753
-0.26343111
0.45262397
-0.25865868
0.19192095
0.18355703
-0.22046337
-0.060790201
-0.062977661
0.063062319
-0.33162325
-0.18355473
-0.16023818
0.31890305
-0.10624539
-0.36350782
-0.001324716
-0.24000851
0.14100633
0.16940693
-0.19477562
0.48192639
0.40906785
0.050983528
0.11694616
-0.12871622
-0.25395939
0.20319059
-0.11490949
-0.01582851
-0.11676018
0.1838868
-0.093468302
-0.26117328
-0.050621145
-0.18392232
-0.30025219
0.49770685
0.50819818
0.47701067
0.5019032
0.45735602
0.48010705
0.49666036
0.47114795
0.4606219
0.43073503
0.43230462
0.38817105
0.36175355
0.31617976
0.38415041
0.42550669
0.26881975
0.22168132
0.26426475
0.17024618
0.30760818
0.21049433
0.11896034
0.20002917
0.2307184
0.063809344
0.016310187
0.47482186
0.11833831
0.14265274
0.24948236
0.086626912
0.15003478
0.25448706
0.072249419
-0.024307894
0.14744422
-0.047271118
0.24468623
0.10900156
0.37526934
0.33686632
0.49732567
0.38500438
0.29460456
0.2209494
0.18203115
0.25283753
0.28373893
0.23004939
0.27848634
0.082446964
-0.00078533784
-0.11798373
0.0080701868
0.12724038
0.34821168
0.22784095
0.24897833
0.1814018
0.29933486
0.037820978
-0.067693876
0.41638279
0.050903288
-0.019910971
-0.051511543
-0.11807269
0.24205512
0.19678984
0.33044096
0.4150979
0.15327736
-0.1382162
-0.16650668
0.1863005
-0.15905855
0.15840644
0.42433127
-0.16845751
-0.14582549
-0.052087191
-0.26418695
-0.11870543
0.4710077
0.31316685
0.058753686
-0.029035254
0.040931275
0.056122485
-0.21175879
-0.062196351
-0.24134999
-0.1192661
-0.014476077
-0.022931785
0.091603595
0.21796381
0.32862483
0.40541065
-0.09933685
0.50596068
0.44509618
0.39667325
0.26109477
0.34004398
0.33745382
0.15948313
0.11316294
0.20449765
0.331477
-0.088009482
0.16076178
0.33388223
0.083350002
0.04641287
0.15466069
0.29959514
0.40064626
0.15472903
0.16840735
0.11502805
0.34506622
-0.18338386
-0.25484181
-0.24230917
-0.13426357
0.35138854
0.047145809
-0.098898775
0.42216037
0.11642553
0.02099943
0.14447173
0.47496594
-0.022540154
0.2912474
0.070701568
0.010146582
0.4509182
-0.19995816
-0.16172021
-0.083046117
0.030414115
-0.037560061
-0.23912811
-0.37309625
-0.16267913
0.2196603
-0.11770381
-0.06277052
-0.032287844
0.069735824
0.38879083
-0.24025835
-0.21091892
-0.09990821
0.056205811
0.2128029
-0.082973893
-0.30530598
-0.1381544
-0.20516969
0.46373079
-0.1263589
0.17852924
-0.37309014
-0.028484285
0.60355017
-0.36627432
0.0046830713
-0.36172309
0.38407008
0.11638955
0.56728908
-0.36647405
-0.25849881
-0.32956895
-0.37082651
-0.37653578
-0.4086422
-0.39299518
-0.36025529
-0.3551148
-0.32533316
-0.29982398
-0.31564328
-0.24045948
-0.23351961
-0.15785493
-0.24368473
-0.41437181
-0.16323439
-0.075411509
-0.055162996
0.035446349
-0.22212912
0.067541889
0.16163326
-0.16601289
-0.20517398
0.11038856
0.23542125
-0.31728698
-0.16452228
-0.18306982
-0.2128277
-0.11700672
-0.17012208
-0.19076091
0.29251261
0.36087321
-0.1334842
0.16324946
-0.14342882
-0.0673737
-0.42808908
-0.42446177
-0.27603935
-0.38532522
-0.38661444
-0.42428722
-0.38041636
-0.31794543
-0.039219878
0.090209853
-0.030350646
-0.41615182
0.051444361
0.080929374
-0.13038524
-0.43109084
-0.21142886
0.10075663
-0.031225331
0.22573649
-0.14514406
0.41286487
-0.0069743533
-0.2876245
-0.12606249
-0.41735129
0.47015086
0.39155456
-0.14618025
-0.043259966
-0.15144698
-0.22391937
-0.30438641
0.50864664
-0.0056056637
0.22748236
0.183549
-0.19027694
-0.34123292
-0.12941031
-0.14141314
-0.14521759
0.28336903
-0.084253029
-0.19999691
-0.083614451
0.55201689
-0.30622788
-0.36373547
-0.37187918
-0.38654588
-0.40333279
0.065047183
0.039673142
-0.032598409
0.036137059
0.010649958
-0.074303074
-0.36305228
-0.3992942
0.61239956
-0.33264828
-0.37488137
-0.277472
-0.4351082
-0.32566001
-0.15122213
0.19936514
-0.0030954305
0.092151394
-0.1459797
0.28004185
-0.097488924
-0.24845473
0.45116307
-0.042840828
0.056567476
-0.41384009
-0.32320973
0.34891112
-0.41683102
-0.082461374
-0.24271176
0.29440874
0.46804285
-0.35215703
0.1126302
-0.24420926
-0.15524915
-0.10133961
-0.26862475
0.33108954
-0.40859678
0.35063886
-0.28383179
-0.077883679
-0.2422937
0.07545652
0.52041801
-0.21682831
0.39744563
-0.39745588
-0.13701686
-0.15644126
-0.12299282
0.52825439
-0.31810664
0.17790215
-0.24582769
-0.055372406
0.55375807
-0.077527411
-0.28331855
-0.16340725
-0.036072564
0.47314062
-0.3934026
-0.088310285
0.44207158
-0.16534318
-0.070545489
0.19581177
0.36082017
0.27526827
-0.017608211
-0.36323403
-0.22186822
0.10980058
0.14528785
-0.022672953
0.29252184
-0.44041835
-0.20522625
0.28511319
-0.098825307
-0.34197506
0.3019228
0.26989084
0.25889637
0.23791942
0.22834594
0.20871958
0.20445692
0.18590578
0.18935795
0.17204181
0.18569551
0.16840573
0.1938866
0.17558897
0.21299502
0.20381691
0.19215436
0.23513341
0.1966263
0.24072495
0.17360077
0.27469119
0.18145946
0.12810504
0.07831824
0.12933003
0.13024274
0.14363367
0.29201181
0.31841233
0.1373196
0.018709857
0.035535124
0.064276911
0.073082688
0.16425398
0.089523631
0.19016043
-0.023840932
0.11028803
0.098919857
0.09251396
-0.044864685
0.16518451
0.34627225
0.36250255
-0.1157209
0.011434067
0.29216659
0.35684489
-0.072876902
0.061420002
0.21749598
-0.0064464028
0.015675643
0.085210376
-0.20476057
0.23299061
0.27431447
0.1465949
0.048468049
0.27712782
0.27870912
-0.10392242
-0.090376808
-0.18709315
0.31385493
0.24671067
0.39181627
0.33678228
-0.27396102
-0.19083834
0.013046245
0.10105084
0.055247311
0.14138796
0.25631607
-0.085152579
0.049661013
0.024399737
-0.21738532
0.4257384
-0.1239329
-0.067124152
-0.028297073
-0.093709504
0.021592891
0.070469073
-0.18539351
-0.12872978
0.13113722
-0.074797994
0.047069212
0.1295067
-0.21501017
-0.12279879
-0.41931689
0.17341556
0.22469564
0.19565091
-0.19506116
0.11665819
0.13516326
-0.036540411
0.24102617
0.16431956
0.39873013
0.23058913
-0.020577713
0.12835134
0.14379024
0.10245876
0.18968983
0.18349378
0.24627779
-0.16252243
0.2159454
0.20623335
-0.30433876
0.24448475
0.17651842
0.020914584
0.15962275
-0.13309986
-0.18498129
-0.45381404
-0.30940392
0.22842745
0.14384198
0.31153794
0.26259106
-0.29119188
0.070469434
0.34930657
-0.0053606954
0.18276596
-0.060497857
0.43025585
0.17486994
-0.091081526
0.019545516
0.15635783
-0.19174648
-0.45531949
0.26088865
0.010080658
0.1314627
-0.25761521
-0.12292561
0.39644195
0.085024755
0.25340006
-0.32712722
0.16421486
0.37325704
0.18336662
-0.21267643
-0.01295352
-0.47908123
-0.15532409
0.19100087
0.12859404
-0.11870548
-0.3346428
-0.40627563
0.25747731
0.033112547
-0.18903782
0.016401301
-0.049790862
0.11557726
0.20944863
0.26499643
0.12461134
0.17946593
0.25834866
0.16481738
0.089623192
0.11772481
0.0068243021
0.038690698
-0.076470265
-0.11013487
-0.1903004
-0.22401243
-0.29440115
-0.25340962
-0.34120183
-0.38105363
-0.4063754
-0.2944933
-0.040188233
-0.44440491
-0.4442288
-0.39772996
-0.4078787
-0.4090635
-0.35561425
-0.33740463
-0.46896803
-0.42165813
-0.45318173
-0.13736924
-0.28313176
-0.30152054
-0.23725755
-0.29250823
-0.47699734
-0.41599838
-0.3426045
-0.32457642
-0.23955792
-0.16776254
-0.2168019
-0.23197123
-0.2503707
-0.1236941
-0.10147468
0.07027659
-0.0051822246
0.066486441
-0.11156265
-0.073964704
0.02563485
-0.042269244
-0.12797974
-0.50103126
0.051547944
-0.29118239
-0.23995016
-0.50532964
-0.22502947
-0.34662614
-0.085477814
0.1200512
-0.14212635
-0.25356174
-0.24721888
-0.036916512
-0.50419259
-0.29601472
0.13666856
-0.022286585
-0.20283188
-0.19554911
-0.045657487
-0.10098085
-0.28378186
-0.39554345
0.088367931
-0.43752181
-0.1880008
-0.14432198
-0.15274089
0.21611155
-0.16957748
-0.19425581
-0.20631751
-0.15705341
-0.49700149
-0.47121625
-0.44609604
0.26689272
-0.3033436
-0.059133196
-0.02030115
0.145708
0.093202416
0.2400748
0.14599924
0.10818831
0.11706215
-0.06259904
-0.13366883
-0.0037558939
0.04147018
-0.0015537961
0.097348311
0.074315215
-0.021610893
-0.1519111
-0.32548774
0.099643062
-0.16556526
-0.35909063
-0.34515031
-0.47982262
-0.12322808
-0.38986898
-0.1456026
-0.18936155
-0.34282512
-0.43484202
-0.11380397
0.17239352
-0.21015338
-0.48607051
0.19070389
-0.30673675
-0.252657
-0.048129679
0.24448617
0.28433382
0.061371567
-0.39639796
-0.15284647
-0.24513781
-0.46748539
-0.08160727
0.2010349
-0.043869948
-0.19616337
0.14311159
0.0092172077
-0.0016015935
-0.50707161
-0.49640109
0.052324727
0.1563261
-0.47030573
-0.35575072
0.23929206
0.37948645
0.16017759
-0.15489346
0.08170653
-0.24150993
-0.090610763
0.04453584
-0.48576137
0.1525837
0.2057976
-0.41442121
-0.19698873
0.30989386
-0.052771912
0.089312087
0.12774099
-0.46093556
0.36750289
0.13601135
-0.16394278
0.30722519
-0.0017345114
-0.60264898
0.3734474
0.025373314
0.38703195
-0.37389633
-0.1033323
-0.58218945
0.34095907
0.12929265
0.10197139
0.037945785
0.070520095
-0.014279174
0.039023433
0.11744784
0.10527413
0.17350242
0.17815202
0.094437548
0.18280563
0.25071369
0.26692629
0.088927798
-0.06277723
0.3154568
0.33837077
0.27975987
0.35570053
0.28649021
0.28901383
0.36689917
0.33065988
0.28877407
0.39045113
0.16723125
0.2956959
0.19470287
0.37231789
0.41735535
0.31388498
0.26041903
0.24057882
0.19929145
0.18789816
0.4176902
0.13824355
0.19994306
0.079545221
0.13397924
0.067626332
-0.11913793
-0.18067769
0.13842726
-0.10204218
-0.22791708
-0.30575159
-0.35600615
-0.25646544
0.3586287
-0.43100569
0.079771153
-0.049814726
0.3242694
0.43537765
0.43213559
0.42795605
-0.35420992
0.17326051
-0.039263862
0.21045467
0.41005184
0.36773458
0.14212346
-0.46394979
0.12948615
-0.17483762
-0.18676505
0.15851151
-0.37518055
0.42269824
0.41490366
0.40921357
0.36889642
0.08692325
0.2059016
-0.32929639
0.023032949
-0.19933452
0.37756574
-0.047770699
-0.33746305
0.25575325
0.20048599
0.21162482
-0.27123639
0.063416124
-0.55134583
-0.49535561
0.1416301
0.093057717
-0.063188379
-0.049703025
0.35805271
0.36603016
-0.065829185
0.023003486
-0.039329262
0.0020203825
0.077380315
-0.61514838
-0.53761107
0.12906955
0.011463968
0.23169148
-0.23616736
-0.12957073
0.18819031
0.19199734
0.36480673
0.3716047
0.40809079
0.41918546
0.30061437
0.25259915
0.41768047
0.0868759
-0.1524529
-0.0092488503
0.39331801
-0.26411945
0.083940427
0.21448706
0.21296611
-0.48083838
0.37065823
-0.12605985
0.20959453
0.18581565
-0.023945226
0.3979603
0.30243416
-0.37502955
0.15753181
-0.1512813
-0.042662252
0.4058178
0.36688365
0.32370848
0.26980819
0.14547501
-0.54030248
0.2733325
0.14122368
-0.527415
0.31699213
-0.17858478
-0.27188946
0.39568539
0.0706691
-0.45905262
0.13238498
0.36179883
0.38332201
-0.45192465
0.32030866
0.088848197
0.2853863
-0.10629509
-0.041590619
-0.41202451
0.34355435
0.25811031
-0.54466632
0.25851081
0.27025332
-0.6947409
0.25597994
0.36439015
-0.591084
0.35033637
0.34328062
-0.64665637
0.2938004
0.34274099
-0.17240701
-0.12879677
0.0073547187
-0.067457385
0.069003073
0.0063567799
-0.13689559
-0.049557409
-0.1940317
-0.092627167
0.043257839
0.01209036
-0.11920448
-0.0036045385
0.13133225
0.13664898
-0.12560966
-0.0011178388
0.10360443
0.11079431
-0.25217739
0.19262055
0.20122159
-0.24647608
-0.37707411
0.13134739
0.22099275
-0.28144791
-0.35491114
-0.4820685
-0.48903111
-0.21571261
-0.58678398
-0.57301896
0.2620507
0.27823894
-0.65296986
0.16433314
-0.62136478
-0.69250989
0.18829882
0.24489973
-0.2668538
0.2023981
0.29394
0.324071
0.35357022
0.32864862
0.19517717
0.2569201
0.26662579
0.37006215
0.05098067
0.095527426
-0.30251797
0.34451074
-0.52448245
0.29865083
0.31347396
0.28906169
0.28239401
0.28906608
-0.029151367
-0.33408944
-0.64807755
0.37325736
0.29832157
0.29875899
0.33060588
0.33297405
-0.55409342
-0.45619952
0.36365602
0.31213902
0.0098684405
0.30028369
0.20576643
0.35416501
0.081277598
-0.27397295
-0.41847889
-0.50134069
0.32085635
-0.6427026
-0.29803743
-0.53055952
0.25311096
0.35838
0.37894726
0.32561159
0.35867396
0.3796112
0.15247105
-0.70624688
-0.71327278
-0.70391402
-0.66796078
-0.6308176
0.18749124
0.13163598
0.26724639
-0.21074231
0.085658378
-0.23254281
0.2824015
0.25867678
0.11070699
0.25439955
0.017766016
0.31571748
0.20807535
0.24902096
-0.11097003
-0.36806953
0.28378542
-0.076456576
0.30596471
0.23395401
0.16242459
0.26910508
0.30927357
0.32654277
-0.46415401
0.28294744
0.3311963
0.34905067
-0.67444986
0.2289762
-0.55945337
-0.21590831
-0.410684
0.28595837
0.35357903
0.28922895
-0.33886625
-0.16048672
0.30305207
-0.6083351
0.28412717
-0.38818019
0.32205619
0.36963745
-0.35981
-0.43533371
-0.61531261
0.29056132
0.31700817
-0.61100899
0.34367694
-0.1003386
0.28838173
-0.6869923
0.36585484
-0.47740366
0.028683296
0.32683661
0.36486805
-0.69007528
