FiniteElementSpace
FiniteElementCollection: H1_2D_P1
VDim: 1
Ordering: 0

0.23548152
0.24234944
-0.23548358
-0.24233896
-0.35468331
0.35467523
0.25797228
0.27810347
0.2955403
0.31014456
0.32176957
0.3302709
0.3356215
0.33776703
0.33655636
0.33216914
0.32461585
0.31387489
0.30007903
0.28344627
0.26412137
0.21805495
0.19164871
0.16347188
0.1337162
0.10266924
0.070638948
0.037927299
0.0048482891
-0.028277901
-0.061129
-0.093397695
-0.12475463
-0.15491374
-0.18359206
-0.21049689
-0.25797899
-0.2781111
-0.29555396
-0.31016561
-0.32180053
-0.33027972
-0.33560609
-0.33773149
-0.33657201
-0.33216932
-0.32456828
-0.3138555
-0.30012399
-0.28349197
-0.26411421
-0.21797798
-0.19164958
-0.16346739
-0.13372245
-0.10269389
-0.070651296
-0.037936336
-0.0048565872
0.02827241
0.061126875
0.093390235
0.12475665
0.15491962
0.18358294
0.21047377
0.20634461
0.16844368
0.12889786
0.088126107
0.046511429
0.0044485463
-0.037656833
-0.079399058
-0.12037722
-0.1601961
-0.1984856
-0.23485244
-0.26891906
-0.3004234
-0.32905871
-0.37653811
-0.39495626
-0.40955642
-0.42022176
-0.42683656
-0.42935025
-0.42772439
-0.42196666
-0.41214535
-0.3983591
-0.38076204
-0.3594645
-0.33466978
-0.30672291
-0.27582748
-0.20628875
-0.16840217
-0.12889005
-0.088130187
-0.046520497
-0.0044519204
0.037648721
0.079393247
0.12037926
0.16018293
0.1984487
0.23481968
0.26894142
0.3004559
0.32904076
0.37651745
0.39493107
0.40953554
0.42023016
0.42689649
0.42935368
0.42770809
0.42198088
0.41215181
0.3983599
0.38076151
0.3594786
0.33469057
0.30669917
0.2757728
0.26897158
0.30000434
0.32813912
0.35311852
0.3746925
0.39266831
0.40685855
0.41711658
0.42335896
0.4255259
0.42362149
0.41760389
0.40752502
0.39360438
0.37589847
0.32968987
0.30176217
0.27092199
0.2374581
0.20170321
0.16399834
0.1247274
0.084257218
0.042950485
0.0012486528
-0.040465378
-0.081782383
-0.12231465
-0.16167775
-0.19948275
-0.26898365
-0.30001123
-0.32812965
-0.35311931
-0.37473495
-0.39266471
-0.40684258
-0.41714044
-0.42338334
-0.42554053
-0.42360049
-0.41760149
-0.40757502
-0.39360818
-0.37584527
-0.32973342
-0.3017929
-0.27092485
-0.23745396
-0.2016996
-0.16400776
-0.12472235
-0.084245528
-0.042957957
-0.0012527522
0.040463691
0.08179557
0.12232937
0.16168575
0.19948432
0.015600304
0.083434453
0.40382364
0.37000128
0.20178978
-0.044247219
0.11552758
-0.042848132
0.40307463
0.17822083
-0.11047571
0.27416999
0.32552938
-0.12107356
0.38332178
0.25172276
-0.16934495
0.33429893
0.39586014
0.37588403
0.38138406
0.35205744
0.35566053
0.32445955
0.31922397
0.29007346
0.28336849
0.25283439
0.25822584
0.21962877
0.21322091
0.17883943
0.22393736
0.32641748
0.17135786
0.13639562
0.14305625
0.10000954
0.20480949
0.10632604
0.062705371
0.16214109
0.19460182
0.092768744
0.31083791
0.068462466
0.11166737
0.024519324
0.018585023
0.15178377
0.18376494
0.22516366
0.21288721
0.25368686
-0.019738656
0.23925898
0.073329136
0.11608723
0.27956385
0.2580588
0.35579585
0.32508
0.36710908
0.29395167
0.29111945
0.32076335
0.28534113
0.25523533
0.11815807
0.314341
0.15336427
0.15759675
0.10867427
-0.025672553
0.01251695
-0.062188105
0.34648963
0.29261259
0.19349436
0.27421305
-0.054658016
0.07550385
0.19907807
0.33876439
0.3181848
0.19604628
0.16014774
0.32612696
0.24686047
-0.032210108
0.0052130335
-0.10239273
0.0027108774
0.077292964
0.035526839
0.20429812
0.40732351
0.12435211
-0.079529867
0.11951863
0.16414614
0.050664696
0.083050861
0.12755635
0.14849759
0.20415202
0.22120308
0.24672242
0.28691659
0.30520438
0.3851076
0.34415194
0.23982013
0.27314807
0.39484829
0.30512025
0.30826129
-0.081324029
-0.14193965
0.40731598
0.38314007
0.34504598
0.293452
0.24526949
0.35298586
0.26024952
0.18451962
0.1484463
0.056203136
-0.01151068
0.12793028
0.03105372
-0.068243277
0.23584379
0.084660139
0.041533767
0.38169372
0.26036696
0.37607702
0.1894882
0.26433927
0.049504049
-0.0010593346
-0.15615423
0.36493517
0.17055987
0.30065699
0.2265064
0.042800714
-0.0057374972
0.36729538
0.33522426
-0.046258529
0.22718306
0.30359583
-0.1030671
0.06310799
0.093574298
0.35610512
0.3347503
0.13926651
0.16042448
-0.19419414
0.35477489
0.22642008
-0.083492595
0.19103068
0.23431068
0.2738435
0.34438116
0.03958596
-0.13488224
0.35954397
0.22235159
-0.024597746
0.22398974
0.25020636
0.27785561
0.032848679
-0.30574368
0.073086707
-0.050261063
-0.042278971
0.15768439
-0.29808079
0.19610726
-0.28591917
-0.27714178
-0.12493506
0.23341659
-0.12824186
0.26219704
-0.25614808
-0.20529769
-0.19885907
0.29476524
-0.16859692
-0.16747559
-0.12759991
-0.16530652
-0.11697157
-0.16120395
-0.11746664
-0.15644752
-0.11416073
-0.15048198
-0.10762336
-0.14307177
-0.09932188
-0.13439255
-0.089966908
-0.054487661
-0.12461333
-0.044775376
-0.0089735864
0.00084051701
0.03671543
-0.034909005
-0.076630263
0.026911396
0.072370245
-0.18562142
-0.16834096
-0.15788828
0.01076639
-0.024721466
0.081863488
0.11719333
0.062326545
-0.19964286
-0.18887258
-0.14575615
-0.17598627
-0.13187163
-0.23167001
-0.16182378
0.016620362
0.12500401
0.15971773
-0.19713166
0.020647337
-0.014892625
0.15122632
0.051724032
0.056209059
0.067392345
0.097005098
-0.2102934
-0.11661303
-0.2066043
-0.19018394
0.0068607266
0.19600893
-0.19834601
-0.069880651
-0.028328284
0.16349774
0.098983334
-0.086830191
-0.23344553
0.08684806
0.13020026
-0.069377331
-0.098772599
-0.020353387
0.11191566
0.18583902
0.12014326
0.039118386
-0.0088581953
0.017972674
-0.032450447
-0.086954578
-0.21671542
-0.16749709
-0.16249186
-0.2726365
-0.30621203
-0.27364637
-0.27244851
-0.26962309
-0.23958857
-0.22977423
-0.3017238
0.083548865
0.26533006
0.22874907
0.19887767
-0.30384717
-0.28890536
-0.24973725
-0.29479042
-0.25815931
-0.27206686
0.23161457
-0.26145943
-0.21982165
-0.00070628584
-0.074308372
-0.14436131
0.10705002
-0.080113825
-0.018692367
0.031299453
0.046135458
-0.17526603
-0.19252639
-0.23149836
-0.20695613
-0.063458535
-0.21454054
0.14074002
-0.11396599
0.089779521
0.2582537
-0.10217962
-0.072018148
0.16247936
-0.26740525
-0.23697085
0.2943524
-0.24349195
0.23397063
-0.036700722
-0.05791367
-0.083992296
-0.26231601
0.16096597
-0.042453401
-0.23392566
-0.23905427
-0.076367366
-0.19725199
0.0060659609
0.12860525
0.1951856
0.19833317
-0.22648111
0.31921109
-0.23270882
0.042790541
-0.23120571
-0.25018977
0.16290111
-0.00116155
-0.20746134
0.13373956
0.2180302
-0.12739334
0.1307841
-0.24583001
-0.045474296
0.22358283
-0.093919602
0.44023599
0.4445491
0.36598402
0.35704805
0.40268422
0.44377298
0.40812141
0.442709
0.34484952
0.36563437
0.43179458
0.36040887
0.33493964
0.31597265
0.42122919
0.30717993
0.40894076
0.30389379
0.36662589
0.39286688
0.39109703
0.41567329
0.41207433
0.43481571
0.43635981
0.45340227
0.45279852
0.46765558
0.4660308
0.4780334
0.47737274
0.48544654
0.47414673
0.42916882
0.48249204
0.48820919
0.48883532
0.48922684
0.47206688
0.48750589
0.48555657
0.47488354
0.46217005
0.48492174
0.47888976
0.43383413
0.46303215
0.4482689
0.4450659
0.47328033
0.42858456
0.42370389
0.47732515
0.46827558
0.40629019
0.47594494
0.3985756
0.37839627
0.40453816
0.41947743
0.39049444
0.44219797
0.43042454
0.40566049
0.41461287
0.43698903
0.48475087
0.48107556
0.47600869
0.38679194
0.47963471
0.46775186
0.46030269
0.37776365
0.41488928
0.47000579
0.46263012
0.47281663
0.46672094
0.46536875
0.47012335
0.44793731
0.41029992
0.35797855
0.4545098
0.45568951
0.45154623
0.44457189
0.3863489
0.40251811
0.42060151
0.4371181
0.45720009
0.45911599
0.46167216
0.42910877
0.36247401
0.43570751
0.42403484
0.42996721
0.43316224
0.38741017
0.36274879
0.35554801
0.43965604
0.38310398
0.39291317
0.33147444
0.3336086
0.36320116
0.44695879
0.34015218
0.3695905
0.34148155
0.34457597
0.36877843
0.35507597
0.38562105
0.4200884
0.41531039
0.44991143
0.4647363
0.39271375
0.45048195
0.48376684
0.48162826
0.48623312
0.45401494
0.47750284
0.46773471
0.48292709
0.45720529
0.45685647
0.47887047
0.43114404
0.37614504
0.460381
0.44395488
0.36378958
0.41915282
0.43806839
0.45255073
0.4038187
0.30033976
0.31133113
0.46607969
0.43118819
0.4543486
0.42747616
0.47119323
0.34780253
0.46013068
0.41195531
0.46804901
0.45373449
0.31489743
0.44961265
0.38449976
0.43925488
0.33350398
0.44331733
0.44844095
0.41073902
0.38560076
0.27529082
0.28219726
0.43871187
0.4593447
0.43947831
0.38831076
0.40525702
0.37741496
0.44154022
0.42331511
0.33171658
0.39120961
-0.044286599
-0.38925753
-0.078381836
-0.19683031
0.057396701
-0.1074194
-0.4037641
-0.33942693
0.047141082
-0.39129176
-0.16900741
0.11813024
-0.27257505
0.12674099
-0.29271143
-0.33132531
-0.23149022
0.17536826
-0.11994904
-0.11886485
-0.077381949
-0.11709456
-0.075205701
-0.11458885
-0.15591802
-0.15275993
-0.19334377
-0.18935103
-0.14793972
-0.18371728
-0.2242269
-0.2176096
-0.14185518
-0.072240704
-0.25707541
-0.24929458
-0.2087207
-0.23933443
-0.26250606
-0.19764548
-0.22715296
-0.29406697
-0.29818629
-0.26768323
-0.25437109
-0.19548247
-0.32736802
-0.32949925
-0.29926795
-0.32176569
-0.3299093
-0.29731581
-0.21313565
-0.23880335
-0.3265087
-0.29364168
-0.2925446
-0.32668798
-0.032646711
-0.029283705
-0.1589647
-0.068777409
-0.025584647
0.014042288
0.017768039
-0.021485805
-0.16608774
-0.15413446
-0.12190582
0.058885934
-0.30552391
-0.33193763
-0.3519524
0.052634128
-0.26120609
-0.10918443
-0.076296399
-0.14068829
-0.089445419
-0.19658335
-0.33918802
-0.23128349
-0.35559745
0.095098723
-0.22170053
-0.26233884
-0.044485768
-0.029346646
-0.25483299
-0.22623811
0.019190914
-0.23942463
-0.36317804
-0.093050112
-0.31920578
0.007525468
-0.036571656
-0.39931469
-0.40351756
-0.38180503
-0.31753579
-0.39956015
-0.15910684
-0.24061317
-0.13811847
0.088575128
0.065822473
0.088315666
0.14778724
0.1029693
-0.3624098
-0.37935578
-0.36062797
-0.34698544
-0.31125187
-0.28527417
0.0056037247
-0.035167712
-0.19893569
-0.15771331
-0.11122516
-0.2285749
0.010604643
-0.064189226
-0.17619862
-0.18509415
-0.27862861
-0.061676086
-0.13342633
-0.2792443
-0.28712252
-0.26549223
-0.15304455
-0.31411547
-0.0080381066
0.0071478867
-0.10645799
-0.076387401
0.048740116
0.024333668
-0.26616826
-0.30049324
-0.26778727
0.16336606
-0.36502603
-0.099884562
-0.35765084
-0.3725453
-0.230777
-0.16957231
0.089942858
-0.12387881
-0.1937321
-0.34482821
-0.056605778
-0.29556571
-0.18012031
-0.19471069
-0.28047997
0.13543471
-0.3815774
-0.35655475
-0.37996377
-0.24358745
0.19953274
-0.35279185
-0.017019188
-0.36417582
-0.2033182
-0.37395208
0.051030722
-0.22334592
-0.3857624
-0.26299779
0.12237769
-0.34849473
0.30277282
-0.038180025
-0.042247141
-0.16182389
0.29493092
0.2970607
-0.15923969
0.081552601
0.085676866
-0.23153844
0.27587737
0.27321222
-0.23300203
0.1634334
0.16697324
-0.29475657
0.24572554
0.23805656
-0.26555408
-0.22628292
-0.19299096
-0.18567399
-0.15105645
-0.14293188
-0.10759307
-0.098856575
-0.063020288
-0.053895622
-0.017413526
-0.0080437475
0.028182229
0.037058891
0.073185874
0.064060756
0.081961628
0.10871703
0.09865658
0.14309101
0.13252135
0.15225907
-0.071258495
0.087464208
0.12088617
-0.044442658
0.045713396
0.090355836
0.18607872
0.19418583
0.16527223
0.15300658
0.075382817
0.054324022
0.098150784
0.13399489
0.14136773
0.17692444
0.061085601
0.18331531
0.041636218
0.19556095
0.1824137
-0.13360208
0.22740374
0.23491533
0.13909099
0.027172791
0.21806086
0.25996155
0.062746195
0.0056209978
0.21795571
0.14753184
0.18819389
-0.007633096
0.1670029
-0.21798575
0.16004151
0.0073718333
0.2226195
0.24643032
0.21022567
0.15320274
0.011663553
0.049096574
0.25050285
0.25628027
0.27855735
0.28282306
0.11721174
-0.0013695059
-0.024390029
-0.054658237
-0.072491473
-0.10005982
-0.19820884
0.19130334
0.23200603
0.2610775
0.12602756
0.30668111
-0.079515588
-0.040381626
-0.080072256
0.0036145166
-0.039036823
-0.076387517
0.25668043
0.23553542
0.2867006
-0.12020982
-0.19618913
-0.19142304
0.045691628
0.081289632
0.12229722
-0.26416882
-0.15840087
-0.1160664
0.0040480352
-0.12065274
0.2227979
0.10819381
0.11753348
0.05331308
0.26759735
0.17626184
0.1068217
0.0010775288
-0.08962671
-0.12329727
-0.17892773
0.018313425
-0.25601415
0.09449936
0.12604367
0.20650157
0.2112642
0.16842753
-0.026955621
-0.11991052
0.26102177
0.040328225
0.20515541
0.19920625
0.17789806
-0.2942366
-0.038952814
0.20218036
0.28925102
0.039823043
-0.15879678
0.24079875
0.019723901
-0.22797133
0.2277118
0.31049843
0.23254982
0.20957997
0.25055983
-0.078582948
0.2331611
0.22405895
-0.31992719
-0.088946931
-0.15679489
0.078099403
0.11624861
0.26620073
-0.030499757
0.26812948
0.14480109
0.25338237
0.3134665
-0.13430568
0.20094008
-0.01237181
-0.36610623
-0.43147151
-0.44381218
-0.40866966
-0.44342141
-0.35736218
-0.35679622
-0.44218734
-0.38207622
-0.33571405
-0.43219638
-0.33168132
-0.36450161
-0.33388436
-0.42131013
-0.31545838
-0.40375064
-0.29479662
-0.43610598
-0.45556869
-0.46152778
-0.47084059
-0.47461563
-0.48173482
-0.47565945
-0.48424521
-0.47585328
-0.48212313
-0.48817714
-0.48370099
-0.47532775
-0.47455758
-0.48739183
-0.48319675
-0.46389759
-0.46093719
-0.469282
-0.45341646
-0.46237545
-0.45963219
-0.44154411
-0.44872975
-0.44498648
-0.44300826
-0.46514687
-0.44555418
-0.46148494
-0.42529422
-0.41924442
-0.42980476
-0.42429317
-0.43703547
-0.41361567
-0.42496108
-0.40090552
-0.40028994
-0.44520073
-0.45894367
-0.40902992
-0.37908916
-0.47382952
-0.48003453
-0.44501661
-0.4871375
-0.48163839
-0.47222248
-0.47155069
-0.47863394
-0.43090579
-0.45931788
-0.47286335
-0.4682026
-0.41121536
-0.39282957
-0.40914132
-0.37373303
-0.45863824
-0.43260207
-0.47976027
-0.46316783
-0.38084156
-0.41064106
-0.38878347
-0.44399064
-0.41360351
-0.47261633
-0.45889032
-0.43524218
-0.46687178
-0.38005827
-0.39408538
-0.34855873
-0.37751949
-0.44048062
-0.42521229
-0.46168364
-0.44764075
-0.43980903
-0.34582655
-0.45205634
-0.44419453
-0.36542784
-0.36286616
-0.3837983
-0.43332958
-0.34692797
-0.43984668
-0.45426865
-0.42374118
-0.39362706
-0.4468846
-0.46307732
-0.31344077
-0.36026464
-0.32124858
-0.3557145
-0.33884137
-0.35750185
-0.38839484
-0.41975855
-0.44180316
-0.46258699
-0.48800807
-0.4715134
-0.46829709
-0.48642186
-0.48062394
-0.47319352
-0.44808064
-0.40639018
-0.43339191
-0.36361915
-0.42776886
-0.45638689
-0.42126447
-0.41877161
-0.45999317
-0.48954202
-0.42858643
-0.45292903
-0.48234939
-0.44601463
-0.40205899
-0.40698741
-0.30736143
-0.30308041
-0.40036084
-0.45116093
-0.48664586
-0.40587833
-0.40670139
-0.44155198
-0.4514245
-0.48142117
-0.33764781
-0.34428714
-0.38460243
-0.390115
-0.38713524
-0.43108316
-0.4259078
-0.40812359
-0.37503467
-0.38592859
-0.27426719
-0.28191748
-0.4726569
-0.36126883
-0.363157
-0.45378586
-0.41693379
-0.39158399
-0.32280369
-0.42904636
-0.35282474
-0.37864636
0.074647229
0.0083460301
0.39041075
0.40377897
0.10551149
-0.0030128526
0.19804014
0.34315551
-0.090175364
0.27135128
0.16962817
-0.089681819
0.39104947
-0.14700904
0.29566475
0.36443553
0.22495122
-0.16856625
0.39851219
0.37023577
0.35972583
0.33824777
0.32591302
0.3026689
0.31345679
0.27639169
0.28575716
0.2473356
0.23670315
0.20636046
0.21601531
0.17388796
0.19503424
0.28881413
0.18253374
0.13999572
0.1304051
0.095782704
0.22364478
0.085917306
0.05078218
0.18937947
0.2292946
0.10493652
0.32100481
0.040486603
0.075416845
0.0050318034
0.015255062
0.19418529
0.23339035
0.26707081
0.26990197
0.30234895
-0.030605962
0.30244691
0.029673477
0.064349805
0.33444162
0.32944312
0.31040805
0.27202789
0.37754077
0.24891238
0.2308693
0.25277308
0.21045891
0.18843746
0.15340945
0.23164642
0.1092529
0.098241
0.15816616
-0.020477881
0.025269344
-0.064460613
0.2714992
0.33220638
0.14199529
0.29233272
-0.072500096
0.11751387
0.26934645
0.25007053
0.36408321
0.12958227
0.08596177
0.35741932
0.16638722
-0.010247017
0.034908871
-0.11406316
0.047770827
0.018380268
-0.015188861
0.12275842
0.37797281
0.041468397
-0.049242627
0.052824165
0.074470052
0.1193162
0.15895753
0.1973695
0.32064581
0.23732476
0.13839864
0.18241562
0.40361199
0.3932613
0.36242246
0.34566238
-0.13073448
-0.11826011
0.30352215
0.30497978
0.33635147
0.36302439
0.36389063
0.1975225
0.21241418
0.34723709
0.26393192
0.25573292
0.29237769
0.20828004
0.16365771
0.11990826
0.14769628
-0.037867253
0.060709674
-0.054509031
-0.0039472946
0.26220402
0.069821224
-0.025212007
0.32896695
0.22349776
0.11220936
0.30870137
0.15314012
0.29801693
-0.058586739
0.26417983
-0.17076348
0.33187817
0.23423888
0.3257198
0.18250411
0.077893361
-0.047350252
0.28591084
0.3519559
0.16825739
0.38669867
-0.097996052
-0.079292795
0.11804929
0.15694545
0.38145569
0.23498729
0.19570526
0.23699427
0.24401685
-0.20128592
0.35160572
0.15425554
-0.10827269
0.27313679
0.14317277
0.3817681
0.086344985
-0.13678033
0.26781016
0.029884777
0.29812428
-0.39534187
-0.055640049
-0.12481123
-0.0019036021
-0.40833682
-0.36860541
0.04780835
-0.15221321
-0.23884089
0.11027514
-0.32666765
-0.39392033
0.083860065
-0.30326753
-0.20723154
0.15374002
-0.26740135
-0.3661172
-0.083972603
-0.12327497
-0.16395381
-0.1613802
-0.20139287
-0.19805251
-0.15717158
-0.19298784
-0.15126152
-0.1862476
-0.22705609
-0.21932016
-0.17753165
-0.20964707
-0.25863145
-0.23709889
-0.16702581
-0.198224
-0.23986943
-0.22728378
-0.13397591
-0.26790742
-0.25412095
-0.12276091
-0.089075132
-0.21235782
-0.2380806
-0.11524534
-0.078384944
-0.044847997
-0.054789805
-0.11100072
-0.0091498333
-0.020112524
-0.27814079
-0.26127671
0.023954906
-0.19522308
0.014367409
0.063518455
-0.23946102
-0.27393512
-0.081118265
-0.2704176
-0.30593653
-0.30806179
-0.33859884
-0.33450197
-0.27925395
-0.30597189
-0.31586328
-0.33930631
-0.16863134
-0.14826585
-0.068962351
-0.30747573
-0.031484865
-0.34112432
-0.34946706
-0.3296638
-0.32287234
-0.29962428
-0.12508501
-0.10891272
0.032302366
-0.3357362
-0.28108799
-0.24160422
-0.35506382
-0.37992777
0.004837252
-0.040270043
-0.36499693
-0.26506424
-0.1025828
-0.36414369
-0.17334954
-0.38203373
-0.16489605
-0.018143322
0.014721881
0.0055189254
-0.18035228
0.081510029
-0.04213486
0.035078648
-0.34982023
-0.40272406
-0.37298768
-0.27293998
-0.38233452
-0.36439952
-0.11670114
0.13857868
0.092778414
0.12180372
0.097546187
0.050074752
-0.20277184
-0.20314051
-0.29993455
-0.12002365
-0.23283733
-0.14387485
-0.27497704
-0.30037254
-0.25023431
-0.29282168
-0.18457096
-0.37353932
-0.2880805
-0.21954951
-0.15493729
-0.099846302
-0.33540597
-0.14151244
-0.40439616
-0.23956616
-0.26510805
-0.38367596
-0.27401252
-0.40807714
-0.064752389
-0.19996266
-0.22936578
-0.33472101
0.16638938
-0.29455319
-0.0017792596
-0.061896118
-0.07462474
-0.31587596
-0.3055485
-0.35119825
-0.081730565
-0.10022984
-0.32841975
0.12295696
-0.317106
-0.040792618
-0.22308066
-0.35479744
-0.02647668
-0.036852511
0.040183051
-0.24752529
-0.35149718
0.19272003
-0.35515785
-0.087961282
-0.29806996
0.072609059
-0.38865783
-0.0074297752
-0.074289264
-0.23925196
-0.32693694
0.057207978
