FiniteElementSpace
FiniteElementCollection: H1_2D_P1
VDim: 1
Ordering: 0

0.21886296
0.28036606
-0.21885872
-0.28034683
0.33686939
-0.33687186
0.24515955
0.26922108
0.29067651
0.30934342
0.32503727
0.33757634
0.34689583
0.35290404
0.35539414
0.35453177
0.35029299
0.34261474
0.33160632
0.31745938
0.30030113
0.25749742
0.23215607
0.20465933
0.17518402
0.1440162
0.11146763
0.077843367
0.043465073
0.0086673346
-0.026209202
-0.060837795
-0.094867993
-0.12798328
-0.15987384
-0.19022862
-0.24517568
-0.26923968
-0.29068781
-0.309352
-0.325046
-0.33755794
-0.34685434
-0.35284293
-0.35539814
-0.35452926
-0.35024485
-0.34259971
-0.33166097
-0.31751287
-0.30028868
-0.25742073
-0.23215983
-0.20464351
-0.17517472
-0.14402448
-0.11146389
-0.077839762
-0.043469156
-0.0086744681
0.026202561
0.060825659
0.094866452
0.12799242
0.15988161
0.19022428
0.31192655
0.34058752
0.36591694
0.38774532
0.40584644
0.42004485
0.43021444
0.43623839
0.43805324
0.43565018
0.42907957
0.41834679
0.40353491
0.38488216
0.36254696
0.30760953
0.27557037
0.24086713
0.20384634
0.16485772
0.12428576
0.082513645
0.039943025
-0.0030109959
-0.045933221
-0.088417171
-0.13004452
-0.17039729
-0.20913973
-0.24588329
-0.31183376
-0.34050003
-0.36589173
-0.38776434
-0.40593482
-0.42010417
-0.43018277
-0.43624999
-0.43810272
-0.43564739
-0.42902675
-0.41831123
-0.40358645
-0.38493932
-0.36254111
-0.30760556
-0.27556055
-0.24085346
-0.20384426
-0.16487181
-0.12428229
-0.082507592
-0.039943352
0.0030099162
0.045930999
0.088415028
0.13004945
0.17040938
0.20912911
0.24583831
0.18469107
0.14886272
0.11159564
0.073253183
0.034201777
-0.0051776644
-0.044509013
-0.083411801
-0.12151016
-0.15843691
-0.19384916
-0.22738011
-0.25869001
-0.28755834
-0.31367346
-0.35648957
-0.3729019
-0.38571952
-0.39480856
-0.40009401
-0.40150786
-0.39909009
-0.39285956
-0.38271
-0.36894939
-0.35164981
-0.33092636
-0.30704131
-0.28021949
-0.25069199
-0.18469935
-0.14887059
-0.11159403
-0.073252723
-0.034204078
0.0051739527
0.044500667
0.083407011
0.12150394
0.15842676
0.19382234
0.22736114
0.25870718
0.28755271
0.31362046
0.35652296
0.37292874
0.38571787
0.39479731
0.40007896
0.40152027
0.39905655
0.3927798
0.38274696
0.36895679
0.3516655
0.33097945
0.30707982
0.28024283
0.25070653
-0.0061259812
-0.36277538
-0.079662656
0.047455886
-0.37710071
-0.072645978
0.099810136
-0.31683857
-0.20170963
0.16180657
-0.1408204
-0.3655354
0.1338621
-0.26911549
-0.27303636
0.21614368
-0.19987423
-0.34146343
-0.036935282
-0.07560336
-0.11834816
-0.11349823
-0.15579781
-0.15039737
-0.10745998
-0.1437379
-0.10019369
-0.13588329
-0.1787511
-0.17016379
-0.12653114
-0.16013582
-0.21135011
-0.19195629
-0.1158702
-0.14869853
-0.19218649
-0.17997964
-0.081646674
-0.22258957
-0.20934728
-0.070507119
-0.035919537
-0.13620122
-0.063965381
-0.25099573
-0.26307527
-0.23666
-0.19397443
-0.025582139
0.0086272065
-0.001222902
0.044476082
0.033349125
-0.22021027
0.077242846
-0.29022567
-0.30097223
0.06721989
0.11596972
-0.19658876
-0.2317363
-0.031858258
-0.22615173
-0.26482378
-0.26921547
-0.30103034
-0.29484161
-0.058683731
-0.30429909
-0.2725715
-0.30893245
-0.015401389
-0.1765319
-0.14970941
-0.20184101
-0.27121155
0.021298567
-0.2793831
-0.056541465
-0.24339382
-0.04850237
0.085630763
-0.30329854
0.056705192
-0.31453148
-0.34273382
0.011430259
-0.32868107
-0.12923337
-0.10161426
-0.23094293
-0.05350071
-0.32669882
-0.31445493
-0.34593183
-0.12202798
-0.37101461
-0.11013299
-0.3358731
-0.37519517
0.033291067
0.066417413
0.058473481
0.13352767
0.18802673
0.144809
0.17353347
0.14657428
0.10185987
0.0062582291
0.085465928
-0.37295299
-0.3398438
-0.23919064
-0.35574208
-0.33345913
-0.29451386
-0.17013188
-0.16260678
-0.16003889
-0.07032162
-0.18585966
-0.091946393
-0.23526156
-0.25736664
-0.20256567
-0.23363019
-0.16612556
-0.26047527
-0.1042681
-0.27600743
-0.15745004
-0.04684483
-0.092095097
-0.35146878
-0.1993657
-0.21896591
-0.23703994
-0.24222645
-0.011580604
-0.12153144
-0.3361402
-0.2409626
-0.30823971
0.051681958
-0.022321362
-0.24977674
-0.077809464
-0.29869087
-0.27214891
-0.03076594
-0.28207068
-0.28643436
0.1757355
-0.18511963
-0.0093370444
0.0263442
0.0094993591
-0.32618876
0.016508348
0.093158499
-0.2210002
-0.32894078
-0.31757782
-0.26392905
0.12514936
-0.35512068
0.18544647
0.043191053
-0.040972059
-0.20617761
-0.29660306
0.21427829
-0.027935939
0.11006655
0.24591486
0.21495728
-0.41090323
-0.37761678
-0.4573751
-0.43384446
-0.3848309
-0.42335266
-0.37967454
-0.44121067
-0.34531231
-0.36430191
-0.33972852
-0.41250516
-0.39449568
-0.41329898
-0.30935722
-0.34337297
-0.28718947
-0.38716107
-0.37036654
-0.39714166
-0.41867894
-0.41989947
-0.44027199
-0.43874967
-0.45747664
-0.45323279
-0.46859894
-0.46288879
-0.47622886
-0.46822697
-0.47936072
-0.46907911
-0.47795163
-0.48590275
-0.46536681
-0.4821464
-0.48783656
-0.48174707
-0.48507058
-0.47375666
-0.47043499
-0.48883021
-0.48369806
-0.45252597
-0.45425327
-0.44830858
-0.47100285
-0.46093965
-0.47759824
-0.47390852
-0.48511043
-0.43557724
-0.42734299
-0.4381896
-0.41504279
-0.42377721
-0.41168132
-0.39842957
-0.48789414
-0.46593551
-0.46006041
-0.43360102
-0.45574168
-0.44321413
-0.46572332
-0.48151802
-0.46371219
-0.44556409
-0.47676882
-0.43943257
-0.40542624
-0.38609466
-0.36907212
-0.48158211
-0.44851987
-0.39724499
-0.46138058
-0.48594516
-0.45132659
-0.45267284
-0.42868737
-0.35388782
-0.46987108
-0.46396851
-0.40911844
-0.38487549
-0.4109163
-0.43473759
-0.45170286
-0.45435895
-0.47231635
-0.47136443
-0.46062969
-0.45729422
-0.41445204
-0.33600773
-0.34823559
-0.31621673
-0.32914916
-0.38188308
-0.40438383
-0.40675258
-0.399856
-0.4266698
-0.43136197
-0.3701507
-0.41869358
-0.40189456
-0.42540056
-0.41945016
-0.38233439
-0.37371434
-0.39457326
-0.35950121
-0.37999105
-0.38513296
-0.4282776
-0.35206453
-0.40000784
-0.4445197
-0.44429252
-0.38033838
-0.47773079
-0.47185341
-0.48925375
-0.43575121
-0.47661985
-0.45657543
-0.44495048
-0.42342372
-0.41451309
-0.48504155
-0.37121004
-0.4671788
-0.45705883
-0.46738745
-0.41441624
-0.44459139
-0.47949702
-0.43921843
-0.4060859
-0.2888648
-0.39117831
-0.33623303
-0.4297007
-0.47864999
-0.44642969
-0.36122193
-0.40014542
-0.44875965
-0.42948919
-0.42201572
-0.38126445
-0.45975094
-0.31645982
-0.39385046
-0.455299
-0.44420926
-0.4332892
-0.2594466
-0.36999351
-0.31666795
-0.44687926
-0.41414943
-0.36533247
-0.45624318
-0.42747716
-0.44327217
-0.44054318
-0.43775971
-0.36423261
-0.4154623
-0.4200302
-0.4689631
-0.43331078
-0.42996318
-0.081390895
-0.04816555
0.3204321
0.3241051
0.036282215
-0.15314119
0.084751688
-0.16793679
0.28862718
0.16861948
-0.21905827
0.11601591
0.30789018
0.25356153
-0.23898878
0.28027467
-0.26957501
0.18863209
0.32448012
0.29083361
0.28453516
0.25412873
0.24635996
0.2145366
0.2211733
0.18053088
0.18619883
0.14467183
0.13821695
0.1016756
0.10753523
0.064034146
0.094880443
0.205654
0.06925324
0.025445517
0.019994295
-0.018560716
0.11255204
-0.02416001
-0.062446252
0.073869108
0.11667751
-0.05663708
-0.10044808
0.22545454
0.077896006
0.1204035
0.15825687
0.035628851
0.16125218
0.19839587
-0.10540102
-0.14311238
0.19892659
-0.094208792
0.2362808
0.2316592
0.23617509
0.1946127
0.29478388
0.16291412
0.1510111
0.18187594
0.13747797
0.10694593
0.01433892
-0.029791155
0.0086574526
0.16844151
-0.05018471
-0.087440349
0.038726377
0.21002709
0.23399429
-0.035333657
0.0032664712
-0.073320761
0.045303537
-0.14469901
-0.043870805
0.19009149
0.161629
0.19628552
-0.18113056
-0.17702461
0.037894331
-0.0017992476
0.27246403
0.26542781
0.091246068
-0.22094759
-0.072851389
-0.076898204
-0.13115594
0.043033821
0.31252044
-0.0013674785
0.041561905
0.081690601
-0.2056838
0.12906835
0.3265529
0.30938686
-0.18699583
0.077584429
0.11773366
0.272049
0.15236372
0.15760754
-0.12668578
0.20733887
0.20509778
0.24367549
0.27374409
0.27260246
0.30222512
0.27539146
-0.24881013
0.2593649
0.17258111
0.14992584
0.22429975
0.12039255
0.057982458
-0.067443926
-0.01282208
-0.039281504
0.05155902
-0.13698346
0.030897618
0.15431785
-0.14937988
-0.0071262191
-0.040597145
0.26433823
0.12972169
-0.11827501
0.25009162
-0.0021347192
0.19432355
-0.17156039
-0.27271914
0.22805404
0.24305189
0.087291369
0.12164486
-0.0039801218
0.22799529
-0.10948943
0.23397814
-0.11373895
0.26127
-0.0023340114
0.078251896
0.30498499
-0.18296597
0.29639528
-0.20979982
0.18932784
0.03547276
0.078560172
0.1261614
-0.30045696
0.21581779
0.26984494
0.071927985
-0.035885104
-0.21230983
0.1678419
0.074000977
0.29524491
-0.090889527
-0.24305934
0.2218342
0.19522159
0.051867572
0.082411978
0.41359843
0.4136536
0.1539436
-0.016094551
0.19855127
-0.032211181
0.37789646
0.26623841
-0.083050967
0.21808624
0.39111671
0.33647348
-0.10610547
0.35611769
-0.13851095
0.27122049
0.41736661
0.39297832
0.38673493
0.3646589
0.35647515
0.33250297
0.33900408
0.30522733
0.31017467
0.27491241
0.26856205
0.23693585
0.24204946
0.20291698
0.22959628
0.32265425
0.20674892
0.16663589
0.1619031
0.1249617
0.24500301
0.1194028
0.082035067
0.20864864
0.24576859
0.087107294
0.04356278
0.3420679
0.20875966
0.24500166
0.28044061
0.17143985
0.27821947
0.31250243
0.038664663
-0.00022232517
0.30766274
0.048372945
0.34132062
0.33070816
0.34482812
0.30955506
0.39577227
0.28569179
0.27115556
0.29362175
0.25387107
0.23102091
0.15559969
0.11243644
0.14790769
0.27554171
0.091440156
0.052146529
0.1703525
0.31256506
0.34417128
0.10419559
0.13913492
0.068504577
0.18041253
-0.0022930151
0.094423779
0.31218903
0.2729988
0.29390652
-0.04048725
-0.036508416
0.16917679
0.12930109
0.37255212
0.37080122
0.21147557
-0.083791705
0.062746763
0.061383782
0.0086745945
0.16783742
0.40531355
0.12444508
0.1619871
0.20223467
-0.070938538
0.23480913
0.41794151
0.39884363
-0.049874868
0.1878512
0.22894676
0.35842043
0.24512135
0.25854557
0.0082920657
0.29580824
0.30248595
0.33115377
0.36105585
0.36728749
0.39360078
0.37668916
-0.11514775
0.36926599
0.29689929
0.27879048
0.33030695
0.24754393
0.19693583
0.076402185
0.1292793
0.096044009
0.18925632
0.0051832988
0.17001498
0.28050073
-0.0089654897
0.13229377
0.088420433
0.36364052
0.2590754
0.017494162
0.34668865
0.12186192
0.313072
-0.032488578
-0.14329318
0.30776064
0.32153107
0.22026539
0.24094423
0.12764266
0.34236909
0.033260955
0.32688031
0.026262855
0.36984219
0.13345814
0.20829551
0.38226974
-0.043387477
0.39529393
-0.072806018
0.28032956
0.16201787
0.20487818
0.23906241
-0.17499291
0.28894333
0.33861547
0.19810333
0.098692981
-0.074582048
0.27231313
0.19069737
0.39190344
0.040726878
-0.10916333
0.31077005
0.29951497
0.38502255
0.45079759
0.41512712
0.42361416
0.38229623
0.36008533
0.4494626
0.3642717
0.41484144
0.42828229
0.36340512
0.32718502
0.41312712
0.31868917
0.37241047
0.38727337
0.33477567
0.28477596
0.40199132
0.42754724
0.43661074
0.4486624
0.45587161
0.46575856
0.47070859
0.47831433
0.4809651
0.48627255
0.48666825
0.48955943
0.48753738
0.4881188
0.4837293
0.4808084
0.48201113
0.4746636
0.46946767
0.46105864
0.45358811
0.46405424
0.47165264
0.45974276
0.4416596
0.48685081
0.48404419
0.47559781
0.44818173
0.44910081
0.43332736
0.41930494
0.44564715
0.47549478
0.46469079
0.4626533
0.44936957
0.4450991
0.46217234
0.42966874
0.46155611
0.40968227
0.39373048
0.4710541
0.43096954
0.42955495
0.4013398
0.44499544
0.42802042
0.40762001
0.42735097
0.4819316
0.42335767
0.43069431
0.41004579
0.45805446
0.37194356
0.43665931
0.46260262
0.47272645
0.38455667
0.40502586
0.43673536
0.40810133
0.42339014
0.40522808
0.41317748
0.39871129
0.40061204
0.38422957
0.37767397
0.39865108
0.43954912
0.45237924
0.43422046
0.44551476
0.42045045
0.38639021
0.38377669
0.35184115
0.39593701
0.37715912
0.4547132
0.46682792
0.46844483
0.46155518
0.4781323
0.47944659
0.30749836
0.340584
0.34411415
0.45408001
0.44117439
0.44933513
0.43019766
0.43871882
0.34194982
0.41179695
0.4416804
0.45701225
0.44269171
0.42612412
0.40680506
0.42563097
0.47532182
0.47336654
0.4089217
0.44302119
0.44744931
0.48797656
0.48125778
0.47183095
0.45581182
0.48231559
0.41639378
0.40550917
0.47124475
0.42153755
0.32116224
0.45616109
0.47927023
0.46599836
0.37353983
0.44837498
0.3474025
0.28837091
0.34269153
0.3912337
0.46730638
0.44509143
0.37197671
0.38155573
0.4585389
0.4246258
0.47223006
0.43331463
0.36216447
0.37674474
0.39870727
0.36830782
0.35723297
0.45965302
0.31641045
0.26134971
0.36927377
0.41382426
0.46285252
0.38841211
0.4241098
0.4106602
0.48453857
0.38322472
0.35565712
0.38717404
0.36043677
0.44005873
0.34939196
0.47389155
-0.31960885
0.039287196
0.04249567
-0.083397916
0.15240286
-0.30060727
-0.32399574
0.16538859
-0.078025767
-0.30811034
0.21865558
-0.27012319
-0.17009447
-0.15371793
0.2377801
-0.24179393
0.27692927
-0.23150101
-0.00047523712
0.0015398667
0.043857717
0.0030957947
0.045234163
0.0042195206
-0.037936212
-0.036730971
-0.078706044
-0.077222547
-0.034971936
-0.075270325
-0.11707485
-0.11470883
-0.033511459
0.046238327
-0.15595507
-0.15275867
-0.11098792
-0.14840956
-0.15773751
-0.10579271
-0.14272949
-0.19580668
-0.19678874
-0.18919802
-0.07945334
-0.099475823
-0.062050946
-0.13582016
-0.17832967
-0.23280351
-0.23217254
-0.19569118
-0.23103189
-0.19253128
-0.17073544
-0.22690329
-0.055396089
-0.017687791
-0.18754434
-0.22845299
0.086880114
0.087713889
-0.040553634
0.046596919
0.087747039
0.12844256
0.12795924
0.087204068
-0.2316992
0.16950111
-0.024379514
0.020243105
-0.2657345
-0.21242402
-0.21908532
-0.20330359
0.1669711
-0.15140628
0.013317394
-0.11907616
-0.1612317
-0.26283046
-0.26193105
0.20569135
-0.14538996
0.057474331
0.065065681
-0.11284502
0.12415593
-0.25392951
-0.25962674
-0.18814847
-0.29475022
-0.0108564
-0.04773696
0.10667958
0.084555021
0.077802157
-0.2851893
0.026796928
0.11488742
-0.32582496
-0.32646618
-0.29659989
0.20340949
-0.31773513
0.18673304
0.17248891
-0.042169031
-0.13183573
0.12581555
0.085736667
-0.253102
-0.11588996
-0.29555151
-0.26982026
-0.25605589
-0.21353662
-0.18116265
0.24919216
0.20943753
-0.038925594
0.005032362
-0.11832815
0.12808413
0.047152975
-0.072668767
-0.068195858
-0.19313134
-0.12778255
-0.18431784
-0.24392263
-0.092704057
-0.1581299
-0.22356818
0.00085893607
0.12658303
0.0059629209
-0.22743126
0.16562244
-0.029970024
-0.15727006
-0.039296195
0.26917636
-0.1898257
-0.28162837
-0.26525736
-0.11755983
0.0079938822
-0.25931199
-0.084573536
0.20314069
-0.07723444
0.050134606
-0.19900762
-0.23064908
-0.11922762
-0.2945143
-0.29917141
-0.079187832
0.24147399
-0.26637373
-0.29249246
0.30000634
-0.21438796
-0.27125032
0.088706458
-0.14947576
-0.28509006
0.15158743
-0.11097877
-0.28601001
-0.21919057
0.2320382
-0.32282747
-0.25379993
-0.41291358
-0.089760835
-0.087612059
-0.1974333
0.015485525
-0.39275144
-0.41347522
0.029952663
-0.18797199
-0.39155878
0.082560386
-0.35663701
-0.26732521
-0.24646969
0.10494525
-0.32154961
0.14703157
-0.30938664
-0.1263377
-0.13035937
-0.091759129
-0.1336091
-0.094548626
-0.13600512
-0.17441432
-0.1760616
-0.21362462
-0.21433206
-0.17582465
-0.21322479
-0.25062846
-0.2484409
-0.17449459
-0.096386894
-0.28464347
-0.28101889
-0.24363833
-0.27495846
-0.28560389
-0.2361428
-0.26634691
-0.31819565
-0.31774406
-0.31079487
-0.21092673
-0.22627485
-0.19496934
-0.25527345
-0.29403347
-0.3479255
-0.34541554
-0.31407867
-0.34091323
-0.30724359
-0.28168857
-0.33280312
-0.18412969
-0.15190947
-0.29754717
-0.32783402
-0.054634951
-0.05594372
-0.16741242
-0.097492177
-0.056679079
-0.014859277
-0.015424596
-0.056613695
-0.34748666
0.02803025
-0.16209213
-0.11815839
-0.37416129
-0.31906776
-0.32992405
-0.30502531
0.026097656
-0.26999105
-0.12787545
-0.2484067
-0.26698156
-0.37150736
-0.36311102
0.06726528
-0.25840685
-0.083663682
-0.072669717
-0.23374506
-0.017991871
-0.35488866
-0.3641519
-0.28346237
-0.39273162
-0.14025988
-0.17123081
-0.033470153
-0.048643813
-0.055185199
-0.37493423
-0.10745408
-0.020809778
-0.41834198
-0.41791603
-0.39527882
0.068734998
-0.40430016
0.049577582
0.032024385
-0.16248943
-0.23935043
-0.0091077769
-0.05230205
-0.33526714
-0.21791084
-0.37506577
-0.36063685
-0.34228156
-0.30696954
-0.28514821
0.11560828
0.071221989
-0.17125975
-0.13735662
-0.25041664
-0.013760561
-0.097039468
-0.21013525
-0.20397993
-0.31574535
-0.24231796
-0.30360837
-0.34078379
-0.21487066
-0.28393589
-0.33746869
-0.12296883
-0.012482641
-0.13720872
-0.34301838
0.026759576
-0.16992107
-0.27979702
-0.15664071
0.13894739
-0.27330418
-0.35619574
-0.36995696
-0.24317531
-0.13470564
-0.36702346
-0.20119213
0.065803467
-0.204535
-0.092999898
-0.28705619
-0.3226957
-0.22800673
-0.39571829
-0.39901179
-0.20018631
0.10668543
-0.37359093
-0.38848282
0.17447775
-0.28721384
-0.33988702
-0.053657692
-0.25022503
-0.37764832
0.011915747
-0.22638358
-0.38825265
-0.30567526
0.096977001
-0.41239998
-0.35214544
0.03365968
-0.036552026
0.37116315
0.33712412
0.16111062
-0.049719639
0.07087392
-0.13205195
0.37328176
0.13967631
-0.13157432
0.24042195
0.2938506
0.35670798
-0.18925905
0.24357089
-0.20258529
0.30825571
0.36279024
0.33952269
0.34551098
0.3127122
0.31697035
0.28246333
0.27676867
0.24517051
0.23821707
0.20545231
0.21131577
0.17059231
0.16382011
0.12815307
0.17565432
0.28527242
0.12047015
0.08421641
0.091372591
0.047129695
0.15565477
0.05383296
0.0095179337
0.11168294
0.14617543
0.0026997408
-0.035160556
0.26831745
0.10227663
0.13651597
0.17922994
0.068038708
0.16838934
0.21068873
-0.027955774
-0.072566891
0.19776256
-0.04184954
0.2398789
0.22001259
0.31812961
0.28517012
0.33065706
0.25073785
0.24934193
0.28248711
0.24538758
0.21199963
0.097651873
0.059747464
0.10308133
0.27822106
-0.0040171247
-0.049212175
0.058389845
0.31197844
0.25152523
0.064889763
0.10792095
0.021571065
0.14366975
-0.062357849
-0.010791826
0.22924574
0.15611483
0.30647599
-0.10613256
-0.1140433
0.1459742
0.11216492
0.28078271
0.28722876
0.20511208
-0.15262569
-0.04797889
0.028581936
-0.087169477
0.15985313
0.37530668
0.00090888731
0.035773789
0.080573129
-0.16279371
0.10699961
0.35207842
0.31031454
-0.090924151
0.20274971
0.23550983
0.36656957
0.27508481
0.27481115
-0.09988284
0.1716559
0.18323728
0.21486461
0.25381082
0.26709131
0.37629411
0.34809245
-0.17088397
0.30542037
0.24918728
0.19788313
0.31676307
0.21542767
0.13437096
0.016273418
0.039962056
0.070892054
0.13938734
-0.079040285
0.076588898
0.18893504
-0.056138068
0.032675433
0.079219161
0.34785071
0.21422266
-0.00857463
0.34367617
0.12070041
0.22010789
-0.12116637
-0.21759278
0.33984435
0.20066301
0.1788697
0.12463728
0.011553333
0.2584772
-0.020530356
0.33667578
-0.013982198
0.2956122
0.025017428
0.17996426
0.27889654
-0.096888483
0.3199344
-0.15394641
0.30526594
0.041985182
0.09024953
0.1165528
-0.24087247
0.33240569
0.22078627
0.18171866
-0.013823215
-0.13340497
0.15032989
0.19448804
0.30847842
-0.075482612
-0.18364059
0.33069456
0.18372553
