FiniteElementSpace
FiniteElementCollection: H1_2D_P1
VDim: 1
Ordering: 0

-0.16988519
-0.041954517
-0.17035442
-0.041817444
-0.085697061
-0.085491659
-0.16953951
-0.15608914
-0.12779847
-0.088295513
-0.041815292
0.0071495476
0.050787501
0.086652831
0.10991407
0.11710656
0.10953567
0.088884985
0.058398159
0.022881536
-0.01178374
-0.063251454
-0.073259424
-0.072498375
-0.062233994
-0.046037866
-0.028067449
-0.012280583
-0.0032427536
-0.0038017975
-0.014374533
-0.036738977
-0.065597885
-0.097823891
-0.1288403
-0.15445628
-0.17137398
-0.1571038
-0.12798021
-0.08794551
-0.041468744
0.0063501451
0.051702971
0.086957252
0.10963668
0.11715904
0.10950041
0.088607151
0.058237494
0.023109548
-0.011894038
-0.062734508
-0.072849346
-0.072034636
-0.062115215
-0.046612926
-0.028824864
-0.012162275
-0.003801957
-0.0039099603
-0.014807133
-0.036185285
-0.064850802
-0.097422997
-0.12912508
-0.15430162
-0.052582973
-0.06636628
-0.084638263
-0.10862616
-0.13774491
-0.17043142
-0.20378934
-0.23425263
-0.25808936
-0.27169873
-0.27281978
-0.26013726
-0.23151397
-0.19075632
-0.14111228
-0.028572561
0.024219876
0.06908076
0.10193014
0.12168656
0.12831029
0.12250334
0.10693788
0.084768813
0.059456008
0.034032161
0.012336284
-0.006175856
-0.020699802
-0.031895345
-0.052058028
-0.065808902
-0.084248586
-0.10833904
-0.13820008
-0.17042759
-0.20250584
-0.23431523
-0.25760975
-0.27124531
-0.27228859
-0.2586796
-0.23117124
-0.19082617
-0.14067368
-0.027998552
0.02456585
0.068832456
0.1016856
0.12161909
0.1284214
0.1222351
0.10713746
0.084857194
0.059761212
0.035228728
0.01207568
-0.0065359143
-0.020757521
-0.031773631
0.068194193
0.28929254
0.46191477
0.5612948
0.57438285
0.5008145
0.35282968
0.15426259
-0.063496167
-0.26643268
-0.42263371
-0.50960813
-0.51274248
-0.43244758
-0.28252599
0.12763931
0.32169576
0.46651278
0.53793847
0.52348649
0.4249797
0.25355499
0.03653099
-0.19468033
-0.40693116
-0.56726682
-0.65185618
-0.64777265
-0.55562044
-0.38792409
0.06814694
0.28828258
0.46089801
0.56109821
0.57482416
0.50070797
0.35323865
0.15480768
-0.062784786
-0.26548364
-0.42228862
-0.50928246
-0.51249957
-0.43255885
-0.2825101
0.12738582
0.32135067
0.4660745
0.5376022
0.52380072
0.42473894
0.25442504
0.036758077
-0.19461121
-0.40670574
-0.56749984
-0.65205015
-0.64776301
-0.55542106
-0.38775175
-0.1226062
-0.10925358
0.21262111
0.085662884
0.48843778
-0.2038495
-0.070610833
-0.65303566
0.26312675
-0.067022937
-0.28632202
0.54235554
0.0095905159
-0.62923479
0.21836397
-0.047297852
-0.33007838
0.2760132
0.17329824
0.2568339
0.3127193
0.3236037
0.39106671
0.36125571
0.27832237
0.27333303
0.18648105
0.14289454
0.23144517
0.065104616
-0.0073416521
-0.10898706
0.15260138
0.43690863
-0.15147055
-0.26150634
-0.22706615
-0.37906227
-0.058309756
-0.34926659
-0.49159802
-0.16613726
-0.086572268
-0.36712857
0.19628296
-0.46476998
-0.27738816
-0.58763531
-0.55965775
-0.15668133
-0.094204052
-0.028676219
-0.050882521
0.0067654957
-0.62675666
-0.025610141
-0.39017608
-0.16949894
0.021096501
-0.021426915
0.44465466
0.49764824
0.19460468
0.44130722
0.50773756
0.53647395
0.55287396
0.47379974
-0.2339864
0.5470923
-0.056543865
0.067905325
-0.18684131
-0.54128728
-0.48210777
-0.57735845
0.48559753
0.070413751
0.16555795
0.11009801
-0.66233078
-0.25086977
-0.061729624
0.46124393
0.065212414
0.28126516
0.19802153
0.11882532
0.52024453
-0.40476558
-0.36060449
-0.5934609
-0.22364271
-0.27591662
-0.47815877
0.41622624
0.24467245
0.12851365
-0.25272037
-0.0378585
0.33668102
-0.091486646
-0.077954212
-0.10182409
-0.06800585
-0.064332062
-0.051864343
-0.044484934
-0.013650061
0.020929939
0.12769264
0.050302258
0.55970442
0.57374221
0.24808173
0.44271763
0.52023032
-0.68613178
-0.30619647
0.26122363
0.35710383
0.24967563
0.36048848
0.067403732
0.47704578
0.40540422
-0.039898214
-0.15818994
-0.46987783
-0.65214319
-0.26287072
-0.55806975
-0.44058998
0.0095488624
-0.32054385
-0.3394801
0.3823253
0.31984128
0.38913426
0.054548314
0.050106383
-0.40547371
-0.5318808
-0.49684705
0.19467519
-0.090308702
0.12588929
0.24832351
-0.31443337
-0.62066439
0.37226565
0.18196275
-0.68404798
0.34499721
-0.01633917
-0.46233744
-0.17748074
-0.13182387
0.13679545
0.39338891
-0.13433985
-0.078206924
-0.31925705
0.10159203
0.42472965
-0.66859989
-0.063416128
0.53418012
-0.032206857
0.092740687
-0.2277844
-0.45145563
0.33475041
-0.060857089
-0.10631821
-0.044763537
-0.046516767
-0.033855422
-0.081658227
0.06987227
-0.13148048
-0.076699215
-0.43879701
0.46027432
0.1410683
-0.12649192
-0.13631892
0.093092179
-0.6100135
0.47236435
-0.048952742
-0.033444804
-0.27740945
-0.026143551
-0.45576506
0.17910263
-0.034117675
0.012493512
0.0032974913
0.06880531
0.05515715
0.12613241
0.13117647
0.17590907
0.18441426
0.20510386
0.21909291
0.20781588
0.2254665
0.1783652
0.19938251
0.24968491
0.11452412
0.23155083
0.28135213
0.27564524
0.31890032
0.17916078
0.13494104
0.27695448
0.30089219
0.193799
0.10471004
0.011718569
0.2354387
0.096376611
0.35945041
0.32366574
0.2169043
0.022360143
-0.08829901
-0.10476603
-0.21498098
-0.23641813
-0.053512654
-0.34746296
0.20973503
0.39738702
0.34044157
0.16442575
0.16332412
-0.015114952
0.22513787
0.11374296
0.30409837
0.24878814
0.11016599
0.11341815
-0.36866953
-0.29162779
-0.40718833
0.1191453
0.2086438
0.059849389
0.048238377
0.20184964
0.42816677
0.37487556
-0.22044173
-0.31420813
-0.019992841
-0.027165166
-0.339593
-0.48196848
-0.24639987
0.35290108
0.047019711
-0.15518386
0.0047974403
0.04142787
-0.061632612
-0.012564648
-0.068822866
-0.40149237
-0.52047167
-0.56893201
-0.20935651
0.11446587
0.10492035
0.1460372
0.036548115
0.14147881
0.17838576
0.008023967
0.16796962
0.35310302
0.37097781
0.513437
0.13823334
0.12476717
0.12734664
-0.06282814
-0.13193122
-0.045438696
-0.09408837
0.051726255
-0.1750911
-0.11268588
-0.00062722208
-0.46449605
0.22384638
0.13859156
0.25474638
0.066558408
0.32799811
0.16892916
0.19132961
0.17520751
0.11963478
0.23525848
0.026747461
0.098726161
0.019314101
0.38327139
0.19280724
-0.097413578
0.19359714
0.47351986
0.16321311
-0.33336032
0.002105287
0.0070301031
0.13201519
0.13652281
-0.06510996
-0.57449632
0.15370596
-0.15481116
-0.16909035
0.046639753
0.081084607
0.072255198
-0.47298141
-0.26900522
0.43121143
0.35692141
0.4592826
-0.31579291
0.016837295
-0.025258746
-0.15633009
0.15325746
-0.22077739
-0.027652359
-0.087419851
0.16596591
0.43058555
0.051236835
-0.54308719
0.34707953
0.093400389
0.076594205
0.25755305
-0.017899515
-0.028512567
0.0088777495
0.069491852
0.08455017
0.46993945
-0.3779245
0.0024742783
-0.05585437
0.013356194
-0.0098342347
-0.50787863
0.45498494
0.04972524
-0.0065664404
-0.12796174
0.0037809129
-0.32271569
0.15371997
0.082209083
0.060633252
0.064922441
0.045618811
0.07198561
0.036270989
-0.00089115617
-0.027284027
-0.064145392
-0.10524681
-0.052548557
-0.14667493
-0.18107453
-0.23234903
-0.079068318
0.087536491
-0.23801731
-0.29183284
-0.28242018
-0.34297101
-0.18274335
-0.33055641
-0.39021517
-0.21009915
-0.15790745
-0.35464626
-0.39422615
-0.023421829
-0.15982321
-0.11754239
-0.10713456
-0.20274779
-0.076013993
-0.059292766
-0.43193773
-0.42711203
-0.04090831
-0.31068099
-0.016543551
-0.011460737
0.1060154
0.15031508
0.057438152
0.10559233
0.19543461
0.21960439
0.29201475
0.23097449
-0.22820283
-0.26905582
-0.13059519
0.28846742
-0.27856724
-0.18993387
-0.13244644
0.18660677
-0.025142181
-0.16173549
0.0040024442
-0.31029193
0.010313211
-0.46523716
-0.18027816
-0.079769011
-0.046602926
0.21906641
-0.45257434
-0.35946667
0.14851403
0.1644061
0.021331057
0.014614154
0.34340047
-0.38197684
-0.075792632
-0.18791051
-0.20283716
0.32441723
0.051809211
0.012890459
0.0084659383
-0.044914241
-0.085721755
-0.0042630719
0.08827044
0.062214961
-0.47975178
0.50291923
0.40353513
-0.00035492993
0.33605857
0.33619867
-0.016536924
-0.012710157
-0.016580469
-0.0046174904
0.016049273
0.019839468
0.031790148
0.071431642
-0.45294249
0.027339956
0.029856912
-0.12955069
0.14513108
0.12043075
-0.18818963
-0.3756796
-0.30986482
-0.010253669
-0.10572622
-0.3372446
-0.26140082
-0.12815195
-0.4491302
-0.2437272
0.18828652
0.079992949
0.023590809
-0.22147743
0.092564661
0.35543047
-0.075618705
-0.22916594
-0.15565951
0.015543276
-0.014482735
0.015638215
-0.072762311
-0.07666006
-0.031985399
-0.41503417
0.10676316
-0.34295364
0.016014684
-0.16266024
0.13301229
0.033218747
-0.49119576
0.054494204
-0.25031125
0.21348506
-0.052292486
-0.1026948
-0.033253117
-0.18204891
-0.02259347
-0.018884035
0.24939706
-0.094723324
-0.47004915
-0.023222114
0.43229299
0.049895154
0.042533019
-0.25480901
0.11028525
-0.028438368
0.12515564
0.34679919
-0.27489642
-0.36752529
0.0013765467
0.15302518
-0.32257709
0.6400213
-0.15527481
-0.52490371
0.13075499
-0.065987264
-0.37347439
-0.10122907
0.42526658
-0.33901479
0.12699095
-0.081149271
-0.31505982
-0.31852253
-0.26831261
-0.26974987
-0.21646359
-0.17585445
-0.23444527
-0.10001241
-0.16451423
0.0051090228
0.05276065
0.18004615
0.12805813
0.3142425
0.19749071
-0.13004639
0.25653985
0.44174739
0.46028375
0.57099338
0.043627014
0.54176424
0.62368808
0.1607959
-0.06521139
0.64969764
0.66864272
-0.3005586
0.039404556
-0.18383486
-0.26610154
0.26783371
-0.36738396
-0.41325272
0.59061514
0.59671737
-0.47704123
0.68943221
-0.48479181
-0.5138036
-0.17199453
-0.098920471
-0.36627328
-0.025578637
-0.016565456
-0.08213171
-0.022945201
0.055886932
0.4313509
0.46548984
0.36244313
-0.077728829
0.61547234
0.6437535
0.14407054
-0.1155698
-0.43364056
0.35486166
0.26582354
0.42495791
0.25137182
0.47971671
0.52856671
-0.24106916
-0.44205424
-0.10120062
0.4546997
0.57175688
0.17546592
0.15724629
-0.46245261
-0.42803407
0.027736093
0.36747977
0.53108277
0.27703832
0.68591613
0.0768678
-0.23284229
0.10324038
-0.12207068
-0.20613876
0.5667555
-0.46827738
-0.34554772
-0.40500509
0.14595073
-0.036364254
-0.038874878
-0.12469141
-0.081773648
-0.080827549
0.61544771
-0.50195394
-0.52327083
-0.47414593
-0.44453021
-0.4723894
-0.19168051
-0.22047412
0.10893003
-0.32781617
-0.052567758
-0.067752774
-0.13879358
0.073095958
0.33092605
0.5454353
0.5457377
0.22388078
0.30764467
0.67293996
0.37429239
-0.16134369
0.3237911
0.46948039
0.086234913
-0.17924573
0.075764674
0.14598361
-0.14543341
0.045640293
-0.32901804
0.63809858
0.22429614
-0.085016352
-0.40338293
0.18396685
-0.29243644
0.25324297
-0.36607954
0.46722793
-0.11943955
0.3123808
-0.37942727
0.36020642
0.1466406
-0.3225234
0.31175681
-0.40384234
0.50860673
-0.093038115
0.024023895
-0.077435285
-0.39457668
0.020961464
-0.067141025
-0.26507593
0.095576616
0.41476769
0.28146988
-0.50213214
0.001310996
-0.42564204
0.47864331
0.3406638
-0.10310203
-0.5060836
0.12242093
-0.13597299
-0.02110639
0.47004061
0.14385642
-0.053484576
-0.15228331
-0.56341209
-0.07040038
-0.096336655
0.090221551
-0.20951145
0.46950351
-0.56775484
-0.033655914
0.17678368
0.0075828085
-0.32143413
0.34969336
0.36130102
0.45315857
0.3567616
0.42398048
0.34209902
0.38573135
0.31937613
0.34369094
0.29411947
0.30293622
0.26897734
0.26741251
0.24707734
0.23889069
0.21585127
0.22895355
0.18826896
0.12474095
0.1072071
0.011021998
0.17171925
0.35874952
0.030495159
-0.10954859
0.21792746
0.19946121
0.19137451
0.10310167
0.16274699
-0.10347506
-0.23566073
-0.086078578
0.13491489
0.13572145
0.18383034
0.13509054
0.174631
0.058584995
0.13048851
0.07540328
-0.1947811
-0.32384339
0.23218099
0.1076533
0.15740763
-0.37011136
-0.028798296
0.027706761
0.049255444
-0.21373162
0.13183934
0.16164034
0.073607578
0.077392901
0.1450431
-0.45552073
0.24984727
0.20212374
0.21244056
-0.2446337
-0.035420433
0.18629847
0.015887749
-0.14505317
-0.33751705
0.16880651
0.14503978
0.1552233
-0.0033225883
-0.5071163
-0.25880853
0.068621421
0.24364617
0.20725407
0.35516996
0.51110847
0.024386832
0.077360068
0.05086271
-0.049654805
0.070003727
-0.15052559
-0.042119719
-0.039524663
-0.030120465
0.065377728
0.10675035
-0.27422483
-0.33035399
-0.13591798
-0.15798337
-0.12825814
0.04322587
-0.092360917
-0.011395836
-0.60941765
-0.045961062
0.46813032
0.41811009
-0.11474968
0.35083903
0.12214353
-0.2419164
0.21757917
0.15973169
0.1128497
0.012988065
0.066435844
0.21174267
0.22697711
0.11190315
0.21745928
0.25538625
0.17470121
-0.37440191
0.21381153
-0.073701705
-0.43102743
0.20043949
0.30487695
-0.023603743
-0.14719895
-0.03918078
-0.022269958
-0.45646953
-0.50207627
0.0054889844
0.2786613
0.18869614
0.12165818
-0.44720743
-0.0063197995
0.17390444
0.062839452
0.079438241
0.028279005
0.13339774
-0.13375102
-0.35131153
-0.24178431
0.34453761
-0.025235023
-0.3275968
0.021154276
0.16656091
0.11881144
-0.45770873
-0.00039710761
0.14642934
0.15402817
-0.072813237
-0.54429436
0.11442067
0.015769952
0.43139607
-0.42652043
0.039960321
0.06798347
0.18952719
0.008390494
0.0024529118
-0.37165438
0.035955584
0.084311533
-0.041552509
0.50456898
0.05027845
-0.50740481
0.0025346394
-0.010101469
0.32983962
-0.11621912
-0.012983782
-0.32801335
-0.012112884
0.0091096666
-0.084673568
-0.1086189
-0.18211998
-0.22191076
-0.26570653
-0.21691703
-0.26620008
-0.21264964
-0.22853625
-0.27961375
-0.20761635
-0.16344046
-0.11761429
-0.24894769
-0.31379521
-0.085699586
-0.028288394
-0.040447298
0.052334839
-0.11756269
0.062290709
0.14814208
-0.051117806
-0.071009685
0.04368762
-0.16912368
0.18247701
0.067639733
0.25006795
0.18704545
-0.015126307
-0.027427041
-0.073917073
-0.028160085
-0.063844788
0.25777159
-0.024463469
0.20766964
0.062649643
-0.045893606
-0.013400625
-0.26274767
-0.35983051
-0.063549973
-0.36615767
-0.41050195
-0.40174604
-0.44906629
-0.40374129
0.0086207246
-0.43775555
-0.072914339
-0.10279005
0.03226544
0.1709878
0.12938048
0.20424347
-0.34004324
-0.083297401
-0.21557891
-0.16007229
0.31496913
0.04824471
0.0088663716
-0.36709636
-0.046933555
-0.25587957
-0.14207792
-0.079157305
-0.43137434
0.095468271
0.08472448
0.23650974
0.061505214
0.2168044
0.34710136
-0.3283114
-0.0011526406
-0.010040825
0.018063225
0.042872009
-0.20752412
0.083242828
0.088225713
0.054326949
-0.074818483
0.07051645
-0.48022404
-0.48698331
0.0085895306
-0.013220575
-0.016214119
-0.13716791
-0.013313193
0.45464296
0.026334874
0.014723802
0.0011047027
-0.012528559
-0.026431407
-0.45556975
-0.45819359
-0.14445311
-0.3177846
-0.17623253
-0.30176648
-0.36841003
-0.14749526
-0.053273211
-0.012329221
0.34107413
0.11267749
0.10373357
0.30350081
-0.12389954
0.084534671
0.35964998
-0.16714573
-0.32569895
0.041987726
-0.20295244
-0.17956064
-0.10935203
0.47236837
-0.18546473
0.15846824
0.0020710555
0.013435479
-0.12558898
-0.28832248
0.06814262
0.41473299
-0.23915878
-0.11314836
-0.32689812
-0.012539628
0.10837157
0.41562406
0.062983922
0.061737364
-0.046502544
-0.36512516
0.020984821
0.045093973
-0.18148438
-0.021746415
-0.018355983
-0.36115565
0.35752483
0.032580781
-0.43916776
-0.03570554
0.063517669
0.097760115
-0.25804507
0.044424716
0.0022806124
-0.27123948
0.08770891
0.31937724
-0.31825398
0.14894296
-0.19516098
-0.36800348
0.63847554
-0.038401952
-0.37417242
0.13571098
-0.12353503
-0.52537752
-0.08128586
0.43605908
-0.41861551
0.069637404
-0.080540667
0.098903563
0.25361264
0.46154463
0.38646521
0.56676043
0.48308766
0.28144694
0.36813299
0.15725647
0.23440083
0.41416736
0.2750954
0.095404077
0.13331316
0.41443353
0.62420858
-0.033554972
0.0045011592
0.14240983
0.019423998
-0.093782947
0.12636217
0.014837032
-0.19403216
-0.26247796
-0.098929427
0.052845237
0.090400924
0.20178246
-0.0037513523
-0.070187717
-0.31868411
-0.38120009
-0.33580589
-0.44174086
-0.40617669
-0.071688711
-0.4855153
0.133177
0.23114431
-0.46672472
-0.51668761
0.67356718
0.68205288
0.018758076
0.62784474
0.63595987
0.64656875
0.554206
0.54499604
-0.25983906
0.51794467
0.31771063
0.32612019
-0.33846122
-0.12212551
-0.14149849
-0.1082732
0.61209816
-0.33556827
0.42640674
-0.061028029
-0.075632896
-0.28428561
-0.4737263
0.45318491
-0.41339647
0.40359946
0.26987715
-0.25218914
0.42930231
-0.1693096
-0.20490746
-0.095439346
-0.24254194
0.13368382
0.062372115
0.32313224
0.5007458
0.12278273
-0.15355322
0.20744988
0.14769686
-0.31269984
-0.34528372
-0.40587988
0.57460589
-0.3773591
0.14784496
0.35733992
-0.12637797
-0.45909913
0.61195552
0.61107095
-0.098383567
-0.06584575
-0.35738799
-0.46483209
-0.45604225
-0.51816424
-0.50951285
0.10223179
0.3253412
0.16209011
0.53319491
0.029309756
0.68933044
0.58336199
0.27863023
0.25236213
-0.13786844
-0.026509115
-0.077451147
-0.13881316
0.04483175
-0.17112368
-0.16822961
0.044146268
0.67720187
0.53440978
-0.20621085
0.65262198
0.38133089
-0.25856124
-0.00018378024
0.23144025
-0.082805463
-0.32196212
-0.43853651
-0.15745973
0.49464312
-0.2389437
-3.4964017e-05
0.53918899
-0.052022421
0.50445887
-0.50180977
-0.11462643
-0.048347397
-0.31920621
-0.36437332
-0.19263342
0.26584585
-0.38932501
-0.43636668
0.024706595
-0.066130637
-0.26187553
0.44724752
-0.076892745
-0.45024798
0.28164498
-0.34016516
-0.27727668
-0.096547188
0.39809541
-0.21952285
-0.49124084
0.16935115
-0.092417226
0.13201936
-0.52104338
0.25564574
0.083773977
-0.18883942
-0.068469675
0.558982
-0.2817493
0.01094437
0.25396496
-0.68564125
0.44873017
-0.063136476
-0.50999493
-0.038473426
0.17356127
-0.10611354
-0.0046611771
0.2271753
0.10018764
0.31498355
0.19719334
-0.026363096
0.078284996
-0.13735605
-0.027730904
0.16636643
0.064608547
-0.11112132
-0.018307688
0.22741488
0.38425384
-0.16420702
-0.07585431
0.051057137
-0.010721597
-0.26958332
0.092827462
0.029265141
-0.27988735
-0.38455394
-0.051073899
-0.016371098
-0.25096379
-0.34363116
-0.43687912
-0.4871612
-0.25450241
-0.52212521
-0.57731667
0.045197115
-0.0011571785
-0.58771085
-0.071353096
-0.64583929
-0.62063636
0.47519659
0.50728084
-0.2447792
0.42532908
0.50665119
0.54930132
0.50722741
0.47332994
0.17226188
0.18189074
0.26524321
0.50396395
-0.11530699
-0.10438441
-0.27178734
0.55393365
-0.57203905
0.23815673
0.31347464
0.1642847
0.3467789
0.044769597
-0.14687552
-0.33360563
-0.48293913
0.46860934
0.00068957421
-0.032989637
0.37636681
0.30626951
-0.63634976
-0.5156477
0.43498104
-0.02867551
-0.10834733
0.19053046
-0.076572793
0.3604778
0.34071951
-0.11532379
-0.14830132
-0.29050407
-0.066472674
-0.23543179
-0.33429474
-0.65662273
0.044630572
0.26380066
0.40980699
0.54184994
0.21888796
0.3861462
-0.071764646
-0.32242
-0.4773571
-0.51250904
-0.6439827
-0.68472944
0.48944409
0.41681262
-0.016131256
-0.13664975
0.27538365
-0.21942299
0.55841271
0.43541133
0.13207379
0.10645798
-0.10741546
0.25163149
0.26043162
-0.045396675
-0.1846561
-0.38089031
0.07590485
-0.1759597
0.21025894
0.53577023
0.32724618
0.12601263
0.57085446
0.24091138
-0.4875024
-0.060050725
-0.05783651
0.29041915
-0.34283453
0.34990405
-0.41921748
-0.18054771
-0.43516951
0.099376345
0.51980546
0.13026371
-0.34275186
-0.20385927
0.41788006
-0.63434754
0.031041127
-0.44462827
-0.052229441
0.33476228
-0.22137484
-0.34228307
-0.35308575
-0.048441431
0.11211714
-0.32342063
0.42536082
-0.14740082
-0.0018615074
-0.40798059
0.35035304
-0.57263134
-0.061156381
-0.049196825
0.42566167
-0.53326315
