FiniteElementSpace
FiniteElementCollection: H1_2D_P1
VDim: 1
Ordering: 0

0.49370098
-0.65346465
-0.49304326
0.65356157
0.027317175
-0.02749841
0.34898371
0.17677554
0.010848149
-0.11205531
-0.17090588
-0.16179645
-0.10035735
-0.012770873
0.065965787
0.097254197
0.064449073
-0.036959333
-0.19153814
-0.3726008
-0.53718279
-0.67857667
-0.60612941
-0.45013775
-0.23515714
-0.0032285361
0.19969718
0.33252092
0.36786839
0.30204464
0.14888142
-0.056092795
-0.26849404
-0.44431789
-0.54894838
-0.56482813
-0.34777916
-0.17453065
-0.0098690562
0.1123951
0.1703852
0.16163654
0.098165067
0.011827775
-0.064597
-0.097350669
-0.06482105
0.036345619
0.19288896
0.37319346
0.53749599
0.67514241
0.60669155
0.45019245
0.23522824
0.0039054967
-0.19843442
-0.33264816
-0.36837687
-0.3026211
-0.14992513
0.055107175
0.26852585
0.44535902
0.54927767
0.56314116
-0.57390504
-0.41880838
-0.22276864
-0.033778112
0.10667564
0.1694157
0.14549589
0.046092286
-0.099673896
-0.25195962
-0.37048475
-0.42165887
-0.39197151
-0.28932887
-0.13714889
0.16221001
0.23206187
0.21888593
0.12253492
-0.034345085
-0.21424466
-0.37259008
-0.46734442
-0.47065779
-0.37333436
-0.18872002
0.04851816
0.29312223
0.49840554
0.62489321
0.57199831
0.41773144
0.2234494
0.034834532
-0.10488408
-0.1687521
-0.14652247
-0.046536744
0.098951168
0.25114576
0.36869577
0.42077707
0.39246
0.28964708
0.13684597
-0.163037
-0.23258368
-0.21920523
-0.12255074
0.034779984
0.21429757
0.37261056
0.46760854
0.4706071
0.37292522
0.18813147
-0.04962908
-0.29410641
-0.49791542
-0.62290942
0.55702921
0.53887803
0.44263209
0.28973558
0.11166151
-0.055943182
-0.18188202
-0.24637558
-0.24544252
-0.18967144
-0.10243089
-0.011409214
0.053567219
0.073881958
0.044975113
-0.12097746
-0.20928495
-0.26423908
-0.26572523
-0.20639744
-0.09542028
0.046130199
0.18720144
0.29308196
0.33648145
0.30422268
0.19538165
0.027913858
-0.16684563
-0.35031402
-0.55512296
-0.53862082
-0.44247135
-0.28978567
-0.11267906
0.05429035
0.18159131
0.24577383
0.24545319
0.19015493
0.10289356
0.012881633
-0.052357423
-0.073642099
-0.045002832
0.12030122
0.20790567
0.26252664
0.26444873
0.20634812
0.095957908
-0.045302506
-0.18504955
-0.29255542
-0.33673153
-0.30350982
-0.19488167
-0.029089634
0.16623495
0.3503822
0.2622347
0.10156241
0.40027992
0.28440044
-0.24580615
-0.015614013
0.082500223
0.089657644
-0.088273841
-0.33223971
-0.38061222
-0.35733011
-0.19252264
-0.21219462
-0.28572817
-0.62041941
-0.51152467
-0.26536926
0.4564517
0.38818773
0.28250645
0.27323378
0.13138183
0.12868312
0.24455287
0.11567698
0.20735662
0.09842791
-0.015427001
-0.013881669
0.083164816
-0.014775203
-0.12085407
-0.028995664
0.072578781
-0.018899188
-0.099162449
-0.10543325
0.14848275
-0.15039893
-0.16650417
0.13935059
0.16867907
-0.027862283
0.29070261
-0.15398544
-0.15556474
-0.18739844
-0.20608238
0.17299329
0.14058155
0.14864622
0.050216769
0.084098395
-0.2522821
-0.070300187
-0.093143638
-0.12447962
-0.007874629
-0.23455651
-0.043146112
-0.19215741
0.40708864
-0.16807553
-0.29898766
-0.32431015
-0.38340308
-0.34029114
0.14602385
-0.39805403
-0.18719986
-0.18850306
0.19934187
-0.26283851
-0.15550799
-0.33436771
-0.3281375
0.16359971
-0.23730167
0.23434853
-0.25080779
0.16062105
-0.070002065
-0.37698628
0.10283914
-0.26422079
-0.16529571
0.2564058
-0.36809087
-0.18586183
-0.040083224
-0.35093527
0.11475593
-0.00010152239
0.019367133
-0.28124124
0.26395986
-0.0068446202
-0.22371853
-0.069156071
-0.13444137
0.29912329
0.23232959
0.14106105
-0.1299011
-0.49752314
-0.34716271
-0.48673299
-0.34134575
-0.11089
0.41624732
0.066479524
-0.32932418
-0.40316871
-0.22285389
-0.33028725
-0.39714016
-0.043269441
-0.48569791
0.087174889
0.11791812
0.34709098
-0.019796704
0.17233485
-0.20874438
-0.25799749
-0.10553975
-0.1576906
-0.12575449
-0.16318438
0.067484378
-0.10816778
-0.3216308
0.19108259
0.066868933
0.16665682
-0.061060394
-0.14198259
-0.21690135
-0.1826466
0.19232893
-0.038165963
0.1654239
-0.37790485
-0.27686359
0.075148518
0.26035055
-0.21741883
0.073219855
-0.018909693
-0.31376048
0.33744867
-0.098206481
-0.28992738
-0.41723432
-0.41594697
0.23447669
0.23201124
0.33608887
-0.34961756
0.17232295
-0.021376697
-0.4771825
-0.18727705
-0.32357081
-0.20424275
-0.21026899
-0.34131243
-0.50858581
0.21749743
0.17133405
-0.45136806
-0.33309752
-0.60741313
0.17964934
-0.19658222
-0.66172803
-0.58506107
0.41114863
0.05848525
-0.1875581
-0.34742456
0.50291701
-0.049414775
-0.1776189
0.2575593
0.26455894
0.0068479757
0.27016621
-0.1772722
-0.018567193
0.22267933
0.069919556
0.39169894
-0.12079216
-0.051340989
0.19638984
-0.073477157
-0.27420481
-0.3328748
-0.50357576
-0.53002628
-0.65654888
-0.61967964
-0.67843385
-0.58117316
-0.57989982
-0.42502782
-0.37704483
-0.18053071
-0.10913757
-0.29298003
0.10368151
-0.028577455
-0.19668188
0.036346432
-0.10592508
0.2262189
-0.6901551
-0.28995054
-0.16735335
-0.42195259
0.030829028
0.29572483
0.24031406
0.42277184
-0.042143167
-0.074511816
-0.28562346
0.20979493
0.42311759
0.51059532
0.5642364
0.63640589
0.32045394
0.60312354
-0.44425588
-0.021514587
-0.028740668
-0.49464075
0.377307
0.53298231
-0.020653097
-0.37217767
0.20465999
0.27137595
-0.18547094
-0.052223499
0.64954012
0.50730149
0.4652817
-0.5373241
0.050873688
-0.12311578
0.41550878
-0.57745337
-0.041125076
0.12383798
0.65692937
0.35259379
-0.20239613
-0.01600713
0.63689565
0.56305307
0.55851743
0.11735969
0.12500637
0.013169096
-0.40350661
-0.56116584
-0.41031284
-0.5267399
-0.19871755
0.24478077
0.33783185
0.092418503
0.20269592
-0.06567495
-0.039523957
-0.18318401
0.13424125
-0.16792968
-0.34817407
0.17859153
0.23562468
-0.13646886
-0.07727651
-0.1528689
-0.1539725
-0.12244776
-0.20791298
0.25495931
0.36231285
0.26836416
0.28566736
0.18567204
0.46259403
-0.34316774
-0.48502706
0.54661344
-0.13558458
0.17504681
-0.41564794
0.42502602
0.071725984
-0.23460523
-0.51559786
-0.40182511
-0.33258241
-0.52010361
0.13418302
-0.018975327
0.37053008
0.06182274
0.026510956
0.56527077
-0.66023719
-0.049169199
-0.27650473
-0.092728354
0.12028454
0.37709867
0.10611273
-0.6466085
0.57463961
0.40785498
-0.27456022
0.17210086
0.61783857
0.12189526
-0.038409561
-0.63088796
0.097356717
0.43752915
0.01692633
-0.031564442
-0.099081728
-0.29266102
0.021992497
0.52387383
-0.23371401
-0.3566121
0.377662
0.10409989
0.52737985
-0.2637186
0.031132452
0.16615908
0.44659758
0.04216189
-0.0070271337
-0.63627777
0.017368703
-0.36333629
-0.30979136
0.41713349
-0.047603838
0.037924252
0.0057106045
-0.24440168
0.29591428
-0.043125324
-0.057650454
-0.14751776
-0.10251389
0.33714951
-0.16679523
0.18424608
-0.19696572
-0.45537916
-0.090841358
0.4833145
0.0098633233
-0.014908839
-0.051310606
-0.024191338
-0.043480245
-0.034863953
0.00047685312
-0.023155985
0.034912144
0.0023902433
-0.070751585
-0.060664033
0.047134483
-0.028597366
-0.14102342
-0.042536311
0.10813578
0.019260269
-0.12745372
-0.089621761
0.15572437
-0.22572459
-0.19071759
0.23546392
0.23792153
-0.046681013
-0.15156011
0.040450524
0.32539665
0.27066973
0.18141074
0.30707929
0.15518667
0.082598455
-0.25399765
-0.21115475
0.01083638
-0.015567319
-0.027875403
-0.14878949
-0.026895174
-0.0075652492
0.020075081
-0.062827458
-0.018411464
0.072688973
0.066516183
-0.060670182
-0.23976141
-0.31555768
-0.29973974
0.19208213
0.11529323
0.13926888
0.39609683
0.14140114
0.040485749
-0.34955832
-0.30170415
-0.349345
-0.24543913
-0.26178847
0.26332266
0.087263614
0.089302241
0.27063169
-0.20761258
-0.18272175
-0.21524066
-0.25228358
-0.025570589
0.026294593
0.012112879
-0.16952052
0.28533225
-0.35170793
-0.0056762669
-0.10576438
-0.094289627
0.47889868
0.43469199
0.35630844
-0.15619681
0.076839561
0.046496545
-0.043823549
-0.1704452
0.18322299
0.1849961
0.04556513
0.44660982
0.32267128
0.13293625
-0.35558943
-0.1962347
-0.35627228
-0.2702113
-0.12618813
-0.10348281
-0.062151688
-0.065815848
0.0095119315
-0.061766725
0.085802564
0.036436685
-0.10622189
-0.1469054
-0.29441676
0.072163747
-0.32856359
-0.22341174
-0.12441092
0.17370951
0.15375696
-0.27086634
0.22849116
-0.25708556
-0.02952164
-0.11088898
-0.29751628
0.053714036
-0.14873344
0.10935528
-0.12388241
-0.16688151
0.35805596
-0.50552653
-0.17642467
0.25528534
0.4322483
0.060691894
-0.31428792
0.17747198
-0.32703786
0.031884996
0.35172589
-0.16264813
-0.29478587
-0.20605599
0.027757355
-0.17890453
0.39006862
0.44632824
0.36773176
0.18270226
-0.084007002
0.45718488
-0.57833455
-0.10682885
0.36617443
-0.15435485
-0.029234501
0.068536195
0.0041076607
0.30310652
-0.16994367
0.28464742
-0.062578359
0.41960428
0.1841112
-0.040300198
-0.4374426
0.14507712
0.12404001
0.03536775
-0.19945907
-0.067556916
-0.17495573
-0.31707856
-0.32220713
-0.5172414
-0.38406008
-0.49916311
-0.32318965
-0.57855384
-0.61814627
-0.16786201
-0.1934564
-0.088838424
-0.16173949
-0.078052546
-0.068582799
-0.18381094
-0.023605694
-0.15729086
0.044028903
0.1626181
0.24292138
0.11482185
0.29320599
0.33803641
-0.0070673434
0.17145865
0.30047381
0.40527843
0.34529423
-0.016841775
0.43052143
0.29921227
0.062491233
-0.12264538
0.23055461
0.11841297
-0.32205876
-0.0097808662
-0.18139536
-0.31512639
0.12414904
-0.34790107
-0.475698
0.17545253
-0.049624984
-0.46943249
0.082389476
-0.57203028
-0.51389291
-0.061711222
-0.014289761
-0.33096553
0.11142074
0.083607925
-0.088046423
-0.0014440909
0.20369949
0.48951256
0.49406611
0.53257463
-0.2160803
0.17970493
0.076358504
0.090148581
-0.23046152
-0.53810914
0.51987617
0.52281478
0.41586187
0.48059533
0.017718831
0.15785844
-0.29378259
-0.31587369
-0.37273464
-0.21951165
-0.2514128
0.43503191
0.45953546
-0.58872475
-0.52396752
0.12487041
-0.43563282
0.1207511
0.43924005
-0.071259576
0.29552532
0.027592559
0.19438703
0.13648002
-0.011179542
-0.3688441
-0.082749843
-0.31023139
-0.54692289
-0.098215444
-0.092503661
-0.12679692
-0.21644258
-0.50949459
-0.36434797
-0.01992641
-0.2259675
-0.36099706
-0.3840317
-0.50258862
-0.58745192
0.019918398
-0.047549934
-0.48844056
-0.28991081
0.073699305
-0.094745747
-0.11852118
0.24538131
0.40086212
0.36765626
0.25943748
0.50071419
0.46868894
-0.075349746
0.19931038
-0.22383996
0.072946165
0.1937987
0.4278613
-0.081108461
0.23508806
0.30689127
-0.18296106
0.32956707
-0.40945027
-0.24355143
-0.57742393
-0.55367528
-0.21626236
0.37966146
-0.18032031
0.16223313
-0.44406801
0.23817895
-0.32760012
0.28620887
-0.41611298
0.15922069
0.36242972
-0.42810248
-0.15527907
-0.45551451
-0.40793224
-0.51004692
0.11092193
-0.026193001
-0.15018424
-0.58412302
-0.63747229
-0.1479243
0.29082955
0.16283636
-0.34512188
-0.2678629
0.060307626
-0.53264658
0.11637352
-0.52133661
-0.44586337
-0.40743823
0.091044986
0.27395955
-0.38688778
0.061438381
0.18760096
-0.24977106
-0.16496699
-0.42533281
0.20229161
-0.28733079
-0.019931111
-0.19162302
0.17221314
-0.11165216
-0.17844204
0.047914842
-0.3811478
0.12103799
0.13237502
0.064294831
0.085499334
0.027330781
0.029617098
0.03935958
0.018002055
0.10210028
0.055892803
0.2082094
0.13587815
0.33720199
0.23386103
0.45825204
0.32705072
0.057172324
0.54797439
0.13388867
-0.15379665
-0.078545106
-0.34723723
0.19778686
-0.073701177
-0.40882062
-0.55325627
0.34491649
0.61637506
0.67577647
-0.008592705
0.23186212
-0.4787549
-0.61021598
-0.58185569
0.67567645
0.68627171
0.65922145
0.60918075
0.56756691
0.62670836
0.4599022
-0.42713828
-0.51900016
-0.56544308
0.058802421
0.04323485
0.23290846
-0.63202078
-0.54995453
-0.17893024
-0.10745573
-0.64568408
0.57388845
0.42091047
0.43313807
0.25148567
-0.39330612
-0.4947903
-0.027035494
0.42604018
-0.23834756
-0.46929201
-0.2786381
0.46535702
0.18001394
-0.55705854
-0.59731806
0.33665206
0.25754597
0.22667514
-0.20567908
-0.53281554
-0.46878568
-0.43991959
-0.28761123
-0.27426778
-0.14409473
0.14766489
-0.013680853
0.044002985
-0.18794031
0.033261573
-0.059661332
0.14568178
0.36862484
0.2211506
0.48351995
0.42067275
0.27156312
-0.055610489
-0.2746334
-0.26038078
-0.016148008
-0.26023965
-0.1398461
0.30795883
0.44012245
-0.2871665
-0.23053201
0.037800821
-0.049179484
0.33631854
-0.087167091
0.27816196
-0.65716187
0.39744088
-0.21292251
0.06529999
-0.26220841
0.56353472
0.49107428
0.18809589
0.082994112
-0.029555364
-0.016929149
-0.048422168
-0.64560081
0.5844902
-0.37862413
-0.13495947
0.55665439
-0.063067665
0.058372252
-0.35779732
0.46358172
-0.36528168
0.11297652
-0.29527556
-0.11767345
-0.21944498
0.40155387
0.10947573
-0.47925232
-0.082443821
0.32752345
0.5926364
-0.15030533
-0.18866943
0.13825623
-0.41121584
-0.44324161
-0.35021209
-0.15707693
-0.52533919
0.28343488
-0.015583098
-0.2051942
-0.023638062
-0.5628192
0.32400235
0.18713238
0.4381995
-0.30351597
-0.39003518
0.14404619
-0.16339793
-0.030465903
-0.33885828
0.50315797
0.052633252
0.25579826
-0.42801068
-0.30252635
0.2454791
0.099395273
-0.035497251
0.028938322
-0.18830304
0.16111704
0.1069114
-0.054427731
0.1566606
-0.44458189
0.19855341
0.49186484
0.063327915
-0.35124196
-0.47771701
-0.42919441
-0.33851747
-0.32787487
-0.20814956
-0.18609574
-0.28015681
-0.13965774
-0.21173484
-0.084512011
0.011256808
0.044104333
-0.035522978
0.061870673
0.14346165
-0.054073058
-0.00033822005
0.062104836
0.12668058
0.087836655
-0.078616103
0.14332178
0.064144244
-0.032570079
-0.082377487
0.050872365
-0.31074028
0.1061462
0.20971157
-0.0096064547
-0.013099712
-0.038722955
-0.056952105
-0.10763146
-0.035384175
-0.093555445
-0.11347115
0.025338097
0.16145882
0.27194043
-0.037553012
0.14788288
-0.059428579
0.080286943
-0.4380106
0.099603622
0.20513611
0.17964703
0.25836677
0.2950686
-0.0014028673
0.21325659
0.2813089
0.33731767
-0.011433838
-0.067064648
0.009247875
-0.17856544
0.16585345
-0.1868064
0.31227903
-0.2256616
-0.23157184
0.022065714
0.039440157
0.18322957
-0.14182807
0.35367569
0.35173532
-0.28513087
0.30349481
0.0079603135
0.046019668
-0.33390306
0.074511485
0.2149979
0.077802713
0.33658872
-0.30111177
0.3080283
0.045659955
0.31119274
0.3018008
-0.010917716
-0.046001927
-0.027227505
0.1496932
0.039648727
0.17213191
0.23052283
-0.43367163
-0.094635535
-0.13461645
-0.19259556
-0.19255777
-0.33662849
0.31538327
0.21621622
0.35366438
0.27123489
0.058455784
0.062495413
0.16760964
-0.38499082
-0.025810211
-0.14016261
0.077491747
0.22608176
0.14653297
0.2046803
0.019754396
-0.11249382
0.042961858
-0.077953745
0.02535562
-0.14680482
0.039750372
0.1440129
-0.03398726
0.12359507
0.031595621
0.099086645
0.2363307
-0.18371138
-0.016206807
0.16037051
-0.47249621
0.4684061
-0.018585212
-0.27477573
0.23974162
0.044756864
-0.078113083
0.17236204
-0.36635534
0.31164368
0.35165339
-0.20433939
-0.22626127
0.013587531
-0.021418822
-0.36373811
0.13659249
-0.031354555
0.016757194
0.086416428
-0.46284039
0.57774296
0.33445738
-0.33440511
0.11129306
0.26364218
-0.24640058
0.044150337
-0.32496817
0.17763425
0.10676775
0.11390507
0.031351347
-0.42828117
-0.18912231
-0.037877757
-0.13104444
-0.012555804
0.44092921
0.18403269
0.10034639
0.51954121
0.31656934
0.22811727
0.17777199
0.5096683
0.49319248
0.23473756
0.58093823
0.55318999
-0.19119628
-0.15989164
-0.15771883
-0.16473552
-0.16485342
-0.21117331
-0.13222707
-0.21247916
-0.064122708
-0.17040622
-0.31599926
-0.28575533
-0.096075829
-0.21151765
-0.41596232
-0.21205605
-0.010134788
-0.11478787
-0.29111453
-0.16814144
0.11780177
-0.31399973
-0.15437678
0.18730109
0.31788526
-0.021560703
0.0069029594
-0.27073861
-0.4315578
-0.07327022
0.0080692225
0.3430754
0.46603522
0.41778538
0.54523624
0.45939344
0.12060512
0.55249138
-0.36695858
-0.49815511
0.43059993
0.50502832
-0.090131867
-0.13599127
-0.095903766
-0.28987958
-0.2116497
-3.6429678e-07
-0.076936096
-0.29557193
0.20964936
0.17377461
-0.52081694
-0.53395305
0.30299167
0.13922888
0.056904138
0.26821918
0.20961929
0.31054273
-0.52053379
0.12131402
0.25536557
0.17426446
0.59496583
0.3756068
0.25043743
-0.46871949
-0.47053429
0.14830727
-0.17598999
0.10252238
0.062760697
0.43908805
0.027595695
-0.42269659
-0.25837695
-0.31913231
-0.11658156
-0.42586978
0.084786663
-0.50080514
-0.32140136
0.16287201
0.30986226
0.46455256
0.35645962
0.51969183
0.096515659
0.10333534
-0.13515546
0.11831762
0.01576542
-0.083363271
0.39655513
0.32223493
0.44249719
0.54066538
0.41747386
0.34178019
0.33326396
0.48854582
0.34733166
-0.092137358
-0.29182503
0.024317982
0.0466402
-0.37442324
-0.38092868
-0.43450971
0.062537621
0.047308894
-0.042618615
0.20902913
-0.17165275
0.2337423
0.043858654
-0.32481557
0.050461796
-0.38580524
0.09859947
0.21553179
-0.48937772
0.30910815
-0.13232196
0.57955173
0.60956286
0.30363528
0.54534832
0.16668112
-0.46862309
0.091250491
-0.042324212
0.37996344
0.022015125
-0.43904414
0.17965716
0.35937695
0.18362285
0.19137551
0.32450981
0.0046617104
0.50683177
0.43312065
0.56219096
0.58509168
0.63986516
0.15092787
-0.34449223
0.36696234
0.58236873
-0.078379251
0.10097091
0.1061923
0.49337284
0.48747343
-0.070315315
0.57576513
-0.45736928
-0.29503581
0.0093138177
-0.16748078
-0.092208953
-0.27297237
0.013415521
0.13589519
0.32668746
0.37822253
0.17783966
0.22624978
0.049372433
0.32999811
0.50759898
0.36425658
0.57642203
0.26584637
-0.099038658
0.072142206
0.17368946
0.1948249
0.27655188
0.24692156
0.19281533
0.18960096
0.16332292
0.11148393
0.12092665
0.015395783
0.023836299
-0.076836791
0.0061887622
0.30141855
-0.060732526
-0.14111242
-0.16724443
-0.18440283
0.035078144
-0.22576671
-0.17840505
-0.048880237
0.052880002
-0.14855167
-0.072347766
0.15539046
-0.037816483
0.08062929
0.14711869
-0.1291995
0.19369385
0.20810814
-0.12325473
0.046620137
0.27050708
-0.069758368
0.21546673
0.31604044
0.34902018
0.34115134
-0.0041196868
0.24518931
0.25480975
0.35649667
0.24651663
0.11175473
-0.20555219
-0.28387334
-0.24852971
0.34709814
-0.15587744
-0.11701925
-0.13739606
0.40476452
0.16196296
-0.34550027
-0.28476278
-0.31832836
-0.14925624
-0.041937109
-0.19273566
0.15352141
0.24545246
0.38013715
0.17032203
0.22561154
-0.16823599
-0.30198675
0.092972145
0.077766061
0.08288397
0.39462927
-0.20697452
-0.40006233
0.031554826
-0.11936588
0.13735612
-0.27388144
-0.16110951
-0.014090578
0.34180906
0.21670782
-0.16766116
-0.047489096
-0.065996614
0.092687925
0.21203772
0.35309449
0.28717097
0.32203614
-0.078886465
0.48110845
0.39604807
0.41694532
0.26297286
0.1666281
0.25000033
0.27716511
0.41053624
0.12538994
0.22035141
0.10858393
0.39516822
0.12849775
-0.09924015
-0.23926804
-0.16714608
-0.39252329
-0.12544498
0.068697733
-0.12903098
0.11893616
-0.15057425
-0.17342401
-0.4015414
0.35645343
0.12709985
-0.409508
0.39784759
-0.26835503
0.16796421
0.21231301
0.62369412
0.27779221
0.50621624
-0.0052070058
0.11245147
-0.23196076
0.1465202
-0.21095559
0.39352239
-0.31466234
0.089694363
-0.19490252
-0.019655849
0.15574426
0.05926488
-0.034194956
0.38884339
0.33603019
-0.16543897
-0.032007858
0.16285048
0.66150502
0.18402087
0.47659672
-0.021294196
-0.23557102
0.26123768
0.3168104
0.04346106
-0.019198501
-0.24302668
0.51980543
0.35830004
0.32423085
