FiniteElementSpace
FiniteElementCollection: H1_2D_P1
VDim: 1
Ordering: 0

0.069234122
-0.32111113
0.068882914
-0.32133459
0.0032341414
0.0037144678
-0.0016432601
-0.053674678
-0.086781778
-0.10065133
-0.099969529
-0.090530793
-0.081684995
-0.077859177
-0.083030131
-0.10614742
-0.14075415
-0.18697475
-0.23489479
-0.27892048
-0.30989429
-0.30351495
-0.25597352
-0.18157369
-0.085439765
0.025026381
0.13933601
0.24539684
0.33305104
0.39301021
0.4215177
0.41553441
0.37719127
0.31405084
0.23506897
0.15129118
-0.0018402144
-0.054708808
-0.087144322
-0.10059264
-0.099559893
-0.090714375
-0.079932263
-0.076889976
-0.084215181
-0.10583171
-0.14119588
-0.18630685
-0.23532398
-0.27958966
-0.31008375
-0.3018377
-0.2566534
-0.18264353
-0.085948894
0.025377036
0.13938518
0.24487621
0.33281096
0.39317834
0.42116488
0.41504546
0.37804042
0.31597611
0.23651711
0.15037072
-0.22330648
-0.099747506
0.039702591
0.18071746
0.30968272
0.41446231
0.4856521
0.5176451
0.50967101
0.4658328
0.39451277
0.3070634
0.21363723
0.12633884
0.054545315
-0.02692415
-0.036816775
-0.034352441
-0.026751476
-0.022987272
-0.030790643
-0.05525323
-0.098281484
-0.15712018
-0.22614246
-0.2966717
-0.35743448
-0.39667102
-0.40733196
-0.38285956
-0.22296982
-0.099460242
0.039786268
0.18081913
0.30998916
0.41487912
0.48570224
0.51799558
0.51084617
0.46633147
0.39476917
0.30645933
0.21372316
0.12677375
0.054413977
-0.025969572
-0.036719299
-0.03410594
-0.026638143
-0.023084829
-0.030871016
-0.054872125
-0.098393262
-0.15723889
-0.22639083
-0.29712065
-0.35737394
-0.3968945
-0.40704395
-0.38169719
0.15258192
0.20002445
0.20996197
0.18217846
0.12266152
0.042239203
-0.045535526
-0.12734827
-0.19117941
-0.22851176
-0.23575682
-0.21136022
-0.16447564
-0.10547662
-0.045394196
0.030150416
0.026054629
-0.0096374682
-0.074455961
-0.16111853
-0.25757333
-0.34944897
-0.42508616
-0.47025533
-0.4770996
-0.44532777
-0.37490323
-0.27526099
-0.15841388
-0.039208771
0.15079879
0.20051384
0.21007888
0.18191012
0.12181753
0.041722574
-0.04535628
-0.12711584
-0.19084318
-0.22800017
-0.23429867
-0.21167616
-0.16587193
-0.10608722
-0.045180494
0.02983162
0.025762471
-0.0096197039
-0.074561005
-0.16089431
-0.25695949
-0.34988263
-0.4235108
-0.47053026
-0.47791791
-0.4456669
-0.37558967
-0.27622695
-0.15892109
-0.039209779
0.46881495
-0.37036708
-0.074190284
-0.2272922
-0.21511114
0.4998582
0.1474909
-0.27988283
-0.041657264
-0.11773923
0.36503813
-0.081943609
-0.33954331
-0.087310209
-0.045763363
-0.34123882
0.15547628
-0.013880876
-0.11454339
-0.062282762
-0.043777939
-0.0085183348
-0.015401512
0.036650666
0.055824718
0.11344751
0.14370327
0.20836181
0.14195459
0.23605646
0.31104237
0.33324387
0.13587618
0.0020533638
0.40950381
0.42170603
0.30538832
0.38188446
0.34651183
0.22958835
0.2953536
0.43702218
0.33653096
0.4897719
0.053741353
0.1151457
0.056012917
0.17295405
0.34772458
0.41327615
0.28408156
0.20135181
0.12835424
0.048053873
0.22285381
-0.025570586
-0.073161799
-0.11250994
-0.1026769
-0.17286088
-0.033945257
-0.038452978
-0.097962023
0.00080684009
-0.059458844
-0.073541265
-0.10476675
-0.099300707
0.50187737
-0.091044194
0.0028219428
-0.1371771
0.46017826
0.38038633
0.47503219
0.2605087
-0.07074384
-0.030273861
-0.0395759
0.14550937
0.089750818
0.53211897
0.048509503
-0.069831985
-0.16891724
-0.14785151
-0.23992001
-0.092393298
-0.14875027
0.48273959
0.53983142
0.10311191
0.53092032
-0.24203131
-0.21167261
-0.20609541
-0.049890246
-0.33849623
0.44484286
-0.25010585
-0.28322064
0.38174513
0.27662403
0.25858579
0.0047200226
-0.21974433
-0.16028215
-0.27565567
-0.30151286
-0.24319609
-0.16879653
-0.27436165
-0.14141745
-0.12536305
-0.04590579
-0.036431597
-0.079479788
-0.19011359
0.26421498
-0.040709493
-0.040286931
-0.01880204
0.062642907
0.24434532
-0.0557498
-0.024091844
0.22037518
0.15829638
0.43992447
0.037864497
0.4899995
-0.017902918
0.38905616
0.24265042
0.54034868
-0.37434632
-0.046732999
0.060895801
-0.055679821
0.089332212
0.1118827
0.53019788
-0.34433227
0.01656951
-0.033295665
0.2054535
0.029111832
0.02747075
0.55586941
-0.15814987
-0.058999525
-0.042845665
-0.099318053
-0.074164649
-0.37482831
0.27277133
0.48042563
0.38345803
-0.14554268
-0.04785086
0.35277254
0.10451328
0.070065217
-0.0096904408
-0.1449317
-0.035200911
-0.046389727
-0.17136851
-0.34239216
-0.18947086
0.53037403
0.16718259
-0.052319057
-0.28971862
0.47269839
-0.077088657
-0.3493692
-0.3786519
-0.510477
-0.14525935
0.65224111
0.47105984
-0.56226879
-0.18765
-0.090377252
0.45132536
-0.2364404
-0.13198965
-0.42821781
0.025933128
0.16985098
0.24350175
-0.21730676
-0.1371812
-0.18854171
0.095545905
0.0088034807
0.12311902
0.28633961
0.21922754
0.39529399
0.27919616
0.42339608
0.28413562
0.39428357
0.23189883
0.30836537
0.12717473
0.17241171
-0.018894638
0.0010707087
0.20427886
-0.18669869
0.014034493
0.22265759
0.02141925
0.22168725
-0.18192031
0.52834297
0.41071102
0.39060642
0.070859314
-0.18282641
-0.3314408
-0.17610047
-0.3546395
0.20063022
0.34562377
0.54969724
-0.29535737
-0.41420044
-0.46273246
-0.50685889
-0.55791997
-0.34359292
-0.55629943
0.55946023
0.1662966
0.28492636
0.16153076
-0.34202453
-0.48510524
0.43364165
0.66029297
-0.16763645
-0.31853301
0.61942386
-0.1591885
-0.59894939
-0.47609513
-0.48655709
0.65573197
0.34605007
0.072538449
-0.3579236
0.53357636
0.12219547
-0.15598935
-0.57672976
-0.38187874
0.67698946
0.61173106
-0.60521957
-0.58061605
-0.57418856
-0.26308345
0.46062338
0.60687563
0.69812835
0.66564514
0.66099182
0.60517752
0.32333287
-0.36142738
-0.4516731
-0.32309829
-0.24034429
-0.11338821
-0.15137617
-0.093323121
-0.22379538
-0.1043618
-0.0053094835
-0.183632
-0.40753074
0.081898939
0.14047178
-0.064196882
-0.093865706
-0.10409077
-0.018638253
-0.21722906
-0.33563675
-0.2722872
0.34447595
-0.16658471
-0.42873228
0.56946045
0.48973732
-0.55611416
0.50413081
-0.18596623
0.40140631
-0.45401729
0.017876441
-0.0344961
0.13906959
0.046042956
0.1120264
0.36710727
-0.051997468
0.54673597
-0.35233643
0.010536526
0.18916911
-0.48874051
0.47609578
-0.043192531
-0.046141212
-0.17093999
0.14035249
-0.20279837
0.28099503
0.60050287
-0.4944088
-0.50732129
-0.027207083
0.53492846
-0.56567714
-0.24537017
-0.04555519
0.53443418
-0.30940436
-0.53317309
-0.0017169297
0.2114064
0.064289268
-0.068527443
0.070850606
-0.24346649
0.5941286
0.05360837
-0.35988355
0.536208
-0.52974956
-0.04219085
-0.14464992
0.3598547
-0.51990361
-0.29951973
-0.18026608
0.60541603
0.23848373
0.39352637
-0.019257725
-0.04435459
0.0079833008
-0.12507196
0.19364305
-0.11588488
-0.26134424
0.0043185773
0.037820362
-0.38950753
-0.12256342
0.25717457
-0.26414503
0.054155066
-0.028682937
-0.3635274
-0.06384423
0.16838688
-0.022688562
0.076994011
0.12633415
0.19767266
0.25286793
0.31794455
0.23854807
0.34824257
0.2481763
0.34503989
0.426676
0.40527998
0.3125339
0.35628378
0.45804672
0.3659224
0.25884907
0.28874795
0.35340047
0.2751364
0.1898353
0.30294092
0.22092919
0.13719068
0.051309492
0.19387449
0.14210955
0.13411175
0.0098567034
-0.081930146
-0.048416742
0.084274505
-0.18126718
-0.14568293
0.13637881
0.06921312
-0.26094468
0.11821295
-0.22347361
-0.33093779
0.28220232
0.38177561
0.0086515069
0.44327916
0.43589672
0.36849883
0.39735226
0.43168197
0.37880132
0.29065917
0.36237128
0.33110299
0.13808982
0.068201051
-0.021216361
0.27373966
-0.1036455
0.23944722
0.30826077
0.16569508
0.41422745
0.040835221
0.067457338
0.12535197
-0.28040355
0.24526687
-0.0049535811
0.02174001
0.35439017
0.22522524
-0.17754243
-0.071954524
0.36684822
-0.039675251
0.015578986
0.087557058
0.052588932
0.29246221
0.02739275
-0.10872104
-0.18163438
-0.1948099
-0.011565054
-0.33784842
-0.069502824
-0.19786522
-0.13131768
0.24529044
0.32835211
0.042903965
0.23106264
0.28043993
0.0046600144
-0.4151464
-0.38209056
-0.39356407
-0.33733452
-0.26925441
0.034279115
0.15701517
-0.096722376
0.11849993
0.41463256
0.23070337
0.2860158
0.46852142
0.41749587
0.21327736
0.21277627
0.15867877
0.43636183
0.075274485
0.19434999
0.094303112
-0.024300916
0.1289587
0.055961506
0.16831757
0.46777292
-0.07800915
0.17044993
0.13099389
-0.011975844
0.024492438
-0.040157423
0.091142244
-0.40636666
0.46804916
-0.19549561
-0.038173189
0.019561242
0.097891044
0.16494607
0.024483983
0.031012738
0.040838383
0.43800253
-0.30067856
-0.054143775
-0.068093836
-0.010457839
0.20694929
-0.11236072
-0.10117774
-0.28246691
-0.038051089
0.092012403
-0.36909022
0.38513228
0.0051887649
-0.065973686
-0.35156543
0.29171216
-0.13485708
-0.023402896
-0.03778313
0.15371309
-0.32952253
0.24683961
-0.22064538
0.35300848
0.28616162
0.011603572
0.31748174
-0.34346332
0.067617974
0.15346249
-0.24603637
0.29603928
-0.15001149
0.13545373
-0.065778861
0.18746252
0.013127298
0.21674087
-0.23739068
0.35636053
0.1734511
0.16398874
-0.014897108
-0.015764758
-0.18089936
-0.20354278
-0.34110118
-0.37686042
-0.47478619
-0.41645305
-0.50335723
-0.56351069
-0.54345245
-0.42008121
-0.1619586
-0.59515134
-0.52950764
-0.45435082
-0.40545281
-0.59180782
-0.31004359
-0.24135003
-0.60753154
-0.58439016
-0.31845781
-0.14882575
-0.22546124
-0.58038465
-0.54360091
-0.49873637
-0.5582364
-0.45063518
-0.3632732
-0.063451586
0.017211022
-0.32558835
-0.20264119
-0.19906878
-0.18793057
-0.030447264
-0.15011414
0.16444405
-0.25247014
-0.20967952
-0.14665007
-0.17328779
-0.20110528
-0.34832425
-0.18864639
-0.22478783
-0.15241035
-0.35640313
-0.21431759
-0.51332029
-0.096406619
-0.2182482
-0.055977771
-0.09871703
-0.0059821669
-0.23777865
0.097293335
-0.35168123
-0.39734254
-0.39046083
-0.1401891
0.1473066
0.087219348
-0.12466993
0.015162883
-0.022121364
-0.046908385
-0.13702326
0.19666259
-0.21478977
0.12510961
-0.069855131
-0.053000903
0.31335172
-0.29870953
-0.34017689
-0.43987214
0.14518633
-0.30687531
0.33682393
0.17103528
0.31842672
-0.07987433
-0.14181698
0.04394075
-0.20355409
-0.16816567
-0.031198889
-0.1630464
-0.22820256
-0.10542766
-0.016105733
-0.026623054
0.24650211
0.13139823
0.25765809
-0.025985141
-0.29830727
-0.51127326
-0.057078213
-0.27394167
-0.45872922
-0.13573789
-0.46402547
0.070766109
-0.35235005
-0.046425505
-0.5653546
-0.52027096
0.2052971
-0.47994035
0.17715338
0.080684219
-0.34772584
0.29380838
0.010625597
0.096420603
-0.39209631
0.05443443
0.19430141
-0.17832401
-0.074978463
-0.32598969
-0.47815693
-0.3882689
-0.23869621
0.046279257
-0.067782405
0.17064483
-0.046908989
-0.45608174
-0.22811952
0.10448374
0.22558818
0.14342906
0.14721552
-0.18455183
-0.42476716
-0.5218135
-0.39608489
0.16582225
-0.25310162
-0.010384312
-0.14950109
-0.32749237
0.23120745
-0.31436207
-0.082247285
0.11446374
-0.093078326
0.19486106
-0.12811434
-0.29420359
-0.11036088
0.61815511
-0.49313902
-0.17141546
-0.086915065
-0.21142457
0.54035474
-0.517888
0.32704924
0.34508909
-0.13476698
-0.23426855
0.029057372
-0.33524881
0.019032604
0.095812163
-0.20874177
-0.15414087
0.083277322
0.15408612
0.076181944
0.227044
0.12502487
0.29850369
0.16830981
0.35605538
0.20069483
0.39342767
0.21833602
0.40470756
0.2139588
0.38725617
0.1900436
0.0054697857
0.34248568
-0.0115786
-0.19157958
-0.18954586
-0.34913157
-0.031373114
0.011659723
-0.36268522
-0.48543974
0.5524455
0.51366681
0.4419965
-0.18172155
-0.052618207
-0.44664333
-0.54043472
-0.49903424
0.57443725
0.4772485
0.34144822
0.34800607
0.22060305
0.57321205
0.20228989
-0.35855672
-0.47389206
-0.52489636
0.45552637
-0.16651992
-0.070722297
-0.58392957
-0.48843349
-0.27819011
-0.22323194
-0.58080974
0.63967728
0.094990132
0.2946069
0.13698195
-0.34353238
-0.5212173
0.25866031
0.10303259
-0.17721745
-0.438165
-0.31051178
0.091408567
0.19429037
-0.55442363
-0.59545239
-0.0026808694
-0.020074543
-0.071665317
-0.23096554
-0.56497652
-0.54674467
-0.44912145
-0.29477927
-0.37352061
-0.22175658
-0.059506078
0.040432542
-0.029347606
-0.16652473
0.1798741
-0.14513585
0.63409151
0.68845578
0.6819166
0.65103491
0.68705868
0.648999
-0.20995227
-0.34587787
-0.23253912
0.60519268
0.45100342
0.44239778
0.45397489
0.45523666
-0.43845709
0.23819772
-0.03566056
-0.038180191
0.55688976
-0.28696036
0.059064128
-0.57598149
0.15186777
-0.18706528
-0.1456921
-0.31938972
0.43910402
0.54288899
0.51855362
0.57500808
0.38284142
0.014975783
0.20276387
-0.6065465
0.27464215
-0.3857518
-0.31760264
0.18985567
0.018876264
0.63071499
-0.32936558
0.55511173
-0.12495487
-0.19344073
-0.42271761
0.14005392
-0.16584648
0.043788782
-0.10834681
-0.55077927
0.54341862
-0.017988044
0.64871626
0.32192755
-0.099804252
-0.094740122
-0.3894534
-0.45360429
-0.34884703
-0.14408952
-0.24466671
-0.076032036
0.068431924
-0.40129924
0.49734593
-0.58427726
0.33038071
-0.091713897
0.62951693
-0.29285994
-0.48698367
-0.043075968
-0.15044225
-0.14778811
-0.42170303
0.68308223
0.01148621
0.061292382
-0.05060881
-0.25815086
-0.1175581
0.043752823
-0.12731469
0.0030435642
0.24235933
-0.26206921
-0.1215346
0.047926354
-0.39124532
0.23206925
-0.02849005
-0.40967171
-0.066602521
0.074503045
-0.10930197
-0.033349218
0.019088917
0.060366727
0.097651955
0.15863801
0.1093577
0.22203443
0.15954201
0.27976671
0.3165684
0.37573321
0.321916
0.41227622
0.38070885
0.17189527
0.34021554
0.41772816
0.46384373
0.45667379
0.22916332
0.47397309
0.45675287
0.23371074
0.11370476
0.38754709
0.031251763
0.44545345
0.43139892
0.4233588
0.39999945
0.11562088
-0.0012459875
-0.019209479
-0.12714734
-0.15036063
0.36353239
-0.23736242
0.37282078
0.33103242
-0.26411969
-0.33446343
0.10331792
0.14903561
-0.10763168
0.22868657
0.17266533
0.095741712
0.087049193
0.16741171
0.2122831
0.021118167
0.38773818
0.26965336
0.0975561
0.30511293
0.3254923
0.2720786
0.035868147
-0.1663548
0.32339261
0.069107969
0.31803679
0.16883786
-0.20080533
-0.017482046
-0.27349711
0.19865073
0.11390586
-0.17466591
0.056835358
0.20009777
0.21062106
0.23370371
0.092871956
0.24532798
0.29093466
0.043397486
-0.011588432
-0.012015613
0.048224903
0.18448322
-0.070830308
-0.02547094
-0.069201062
-0.074505914
-0.011206709
-0.19716416
-0.12941615
-0.032159556
-0.18261836
-0.33104165
0.0048124386
0.045724547
0.0502007
0.25642993
-0.3211278
-0.31975237
-0.38055267
-0.39885264
-0.35007917
-0.099995839
-0.052921903
-0.0053373484
0.24638691
0.20282471
0.079195882
0.25629559
0.43598105
0.45456427
0.32788009
0.37048763
0.41072931
0.18230001
0.38888193
0.097406929
0.3212618
0.13335554
0.045790653
0.30870945
0.28462566
0.026625812
0.40518589
-0.040894321
0.19988332
-0.042476241
0.16952776
-0.36063771
-0.096165205
-0.060463399
0.33656969
0.21067405
0.3157294
-0.0048125962
-0.081655008
0.24759381
-0.4133697
0.16359525
0.30915304
0.066158735
-0.00024598056
-0.18877633
-0.056251555
0.010912143
-0.16508459
-0.039064328
0.093914873
-0.36795971
0.13657365
0.27536735
-0.25166903
-0.045242485
-0.25519931
0.11676337
0.14279806
-0.031029
-0.011126831
-0.27794676
0.35029494
0.17215311
-0.23224878
-0.34418639
0.3197942
0.24105126
0.2849756
0.064568147
-0.079675136
0.13752516
0.29614839
0.035656484
-0.242365
-0.20500022
0.18750449
-0.079985846
0.21335595
-0.1802367
-0.30573994
-0.40093708
-0.31634798
-0.46620397
-0.36311198
-0.49228065
-0.56942997
-0.57216978
-0.61043653
-0.59143279
-0.53188077
-0.53507966
-0.54718453
-0.4825073
-0.45656538
-0.36796996
-0.44410766
-0.38258659
-0.39993892
-0.31338549
-0.48960432
-0.31044836
-0.24759834
-0.340083
-0.37189987
-0.24891642
-0.58927559
-0.22450451
-0.24002836
-0.19329397
-0.16958114
-0.19071834
-0.22053998
-0.3872312
-0.23247273
-0.38202496
-0.1533495
-0.23604899
-0.13814808
-0.11359078
-0.35454487
-0.19775403
-0.22951572
-0.21348037
-0.44403392
-0.33071427
-0.15855132
-0.049677017
0.018146792
-0.074114605
-0.15548491
0.10373221
-0.23579868
-0.078516887
0.0068881376
-0.087197256
-0.083244271
-0.11246414
0.051844854
-0.4735128
-0.21074133
-0.58483055
-0.15660108
0.027572881
-0.078868776
0.16114476
-0.40922349
-0.03272256
0.10192644
-0.49192388
0.1005574
0.039711247
0.061827859
-0.16334262
0.22381129
-0.0037484107
-0.055141591
0.15115907
-0.13833894
0.24062
0.13805362
0.048260991
0.28803949
0.36457603
0.33715737
0.14251994
0.14241017
0.21244633
0.31695407
0.20043977
-0.34032252
-0.33349365
-0.032996521
-0.20361766
-0.073282526
-0.15029318
0.068483778
-0.035691732
-0.070538986
-0.18805623
-0.30570985
0.26136457
0.21511836
-0.52442578
-0.47455779
-0.58329855
-0.082712113
-0.25745404
-0.4502863
-0.34804346
-0.29677218
-0.15866159
-0.20368487
-0.012271069
-0.15439577
-0.51056732
-0.1003442
0.093130488
-0.078608223
-0.41604414
-0.12832135
0.038326877
-0.35548051
-0.5027431
0.0037775632
0.19788045
-0.2296579
0.01699052
-0.052211494
-0.55411432
-0.32551281
0.040964169
-0.10385277
0.13366375
-0.53361849
-0.15565364
-0.16405369
-0.084337788
-0.14247927
0.19445357
0.19063958
-0.44180696
0.21591483
-0.021439883
0.090423492
0.16756105
-0.2566229
-0.0071587373
0.012630255
-0.16963504
0.035497706
0.23218887
-0.41179896
0.16756528
-0.1517024
0.18487469
0.36326914
-0.11170619
-0.11792509
0.37359031
-0.33773333
-0.3465791
-0.040360803
-0.23089389
0.49223679
0.0028550237
-0.14355823
0.36836157
-0.33683359
-0.046732812
-0.1883069
-0.037649449
-0.2284534
0.0072624052
-0.35570995
-0.032214282
-0.3696531
-0.2595961
-0.24308621
-0.14951739
-0.15248357
-0.051577347
-0.015097061
0.076018189
0.13874677
0.20965561
0.13125066
0.23616446
0.32825148
0.3179465
0.14650342
-0.075012078
0.41376165
0.36283448
0.25882554
0.2662412
0.41097563
0.16062893
0.13697961
0.49143605
0.47418251
0.23779514
0.085956438
0.031959856
0.53977967
0.50806495
0.40212591
0.5156295
0.42637152
0.28442742
-0.0062098747
-0.069626325
0.30975932
0.17779139
0.13741887
0.18782709
-0.14161488
-0.08526331
-0.25632079
-0.018882908
-0.045822663
-0.084275549
-0.058470237
-0.026672958
0.15448253
0.062539382
0.063054181
-0.074835777
0.32642232
0.25353049
0.54374336
-0.096061579
0.10500238
-0.015423464
-0.0053968777
-0.043880152
0.043114328
-0.14017237
0.38643081
0.20162169
0.42972474
-0.070903601
-0.20127802
-0.1294255
-0.012603263
-0.044248271
-0.062811102
-0.071139289
-0.043527002
-0.27280493
0.31655067
-0.098285561
0.098297302
-0.039378209
-0.2816717
0.45798362
0.49647657
0.53860528
-0.12493566
0.44405312
-0.3763313
-0.24106543
-0.28948291
-0.041656957
-0.056566443
-0.081537974
-0.04593141
-0.061017562
0.14703126
0.26660112
0.29148383
0.15020933
0.0034133915
-0.023908868
-0.21365793
-0.20943567
-0.36403718
-0.1305192
0.022661195
0.2870032
-0.12138843
0.0095722857
0.21628861
0.0405576
0.36501145
-0.063583971
0.12135437
0.018657225
0.45259531
0.3544598
-0.20103911
0.44116697
-0.074246944
-0.16654785
0.063779015
-0.17178647
-0.1204748
-0.050365324
0.25197342
-0.054245494
-0.30531912
-0.018814972
0.15596095
0.069885118
0.51499174
0.48539381
0.080260374
-0.087093824
-0.079339068
-0.1458385
-0.096603511
0.48424054
0.010295114
-0.13665557
-0.25473752
-0.23479511
-0.18651991
-0.050316172
0.53145174
0.55584549
0.48956655
-0.34566857
-0.0065738151
0.071340216
-0.024944756
0.41682803
-0.29568785
0.39909701
-0.045311685
-0.19998381
0.25155716
-0.27810084
-0.052785241
0.32724202
