FiniteElementSpace
FiniteElementCollection: H1_2D_P1
VDim: 1
Ordering: 0

-0.035996463
-0.11317793
0.035717254
0.11338322
0.49142113
-0.49260207
0.014904622
0.053334564
0.066617215
0.043522774
-0.01727388
-0.10920033
-0.2202731
-0.33229294
-0.42570085
-0.48470861
-0.50282466
-0.47099858
-0.40024112
-0.30732603
-0.20450308
-0.043535035
-0.0042359744
0.0044543263
-0.0098081036
-0.034886804
-0.05767466
-0.067142906
-0.05659389
-0.026740033
0.01746772
0.064132717
0.10168485
0.11985186
0.11322894
0.083515595
-0.015371915
-0.054836528
-0.067416928
-0.043882812
0.018278486
0.11015976
0.22051663
0.3328973
0.42614181
0.48530043
0.50049647
0.46997432
0.40107907
0.30703715
0.20453809
0.04206224
0.0038242951
-0.0050205127
0.0089550255
0.034260438
0.057401089
0.067122218
0.056913522
0.026819883
-0.01710417
-0.063923641
-0.10194828
-0.12046824
-0.11343761
-0.082557901
-0.076626217
0.00098573335
0.09368892
0.17260322
0.21381467
0.20442539
0.14578738
0.052882229
-0.04860658
-0.12862317
-0.15903885
-0.12237728
-0.020327001
0.13648241
0.31679572
0.61120428
0.65799988
0.616721
0.4912566
0.30161351
0.082230294
-0.12721337
-0.29092442
-0.3839547
-0.39658764
-0.33722136
-0.22441818
-0.094443348
0.019872114
0.094400926
0.076390648
-0.001036507
-0.093271411
-0.17189967
-0.21342907
-0.20420283
-0.14486178
-0.053655067
0.049660507
0.12911527
0.15909482
0.12407523
0.020703159
-0.13650541
-0.31755465
-0.61036053
-0.65927694
-0.6166729
-0.490485
-0.30073001
-0.08181053
0.12833964
0.29148467
0.38459238
0.39638555
0.33485766
0.22534281
0.094920947
-0.020815003
-0.095101925
-0.15268463
-0.22948679
-0.24715658
-0.20003596
-0.10151978
0.021063679
0.13350632
0.20181127
0.20328684
0.12949682
-0.0092894158
-0.18174857
-0.35125928
-0.47961039
-0.53278129
-0.35466627
-0.15092485
0.084520793
0.30773946
0.47696553
0.5606031
0.55088879
0.45165745
0.28683712
0.10480356
-0.061601678
-0.17536502
-0.21541672
-0.18044169
-0.087712094
0.151545
0.22966059
0.24710247
0.2003059
0.10207214
-0.020489637
-0.13396935
-0.20212935
-0.20358512
-0.1295807
0.0081221055
0.18156388
0.35242577
0.47893637
0.52965506
0.35427501
0.1507138
-0.085496066
-0.3086096
-0.47753315
-0.56299142
-0.54949175
-0.45202439
-0.28920646
-0.10403575
0.062348458
0.17486321
0.21628219
0.18057246
0.087623131
-0.030253531
0.33564116
0.076733343
0.33674962
0.35916671
0.032499137
-0.018966314
-0.051435555
-0.50660906
0.032495067
0.080035601
-0.013081855
0.19103455
-0.11466794
-0.66368437
0.00067410966
0.037322765
-0.42428832
0.23021379
0.040491255
-0.1407419
-0.13908632
-0.3075566
-0.26488426
-0.12330014
-0.21217815
-0.10000863
-0.15873081
-0.22845521
-0.1563131
-0.11111229
-0.09848496
-0.17359414
-0.38692705
-0.073537584
-0.056496972
-0.050370572
-0.018201953
-0.05558284
0.010892652
0.020435946
-0.041552654
-0.0064505952
-0.027508567
0.0080330398
0.059108307
0.067948055
0.037880141
0.022964086
-0.016093083
0.024294327
0.053491144
0.077941619
0.12373606
0.020992022
0.12587613
0.1232412
0.15588269
0.18394408
0.14426808
-0.45325654
-0.46195448
0.1832048
-0.36132928
-0.35531873
-0.47135937
-0.28138831
-0.16600615
-0.033140148
-0.41205034
0.048320576
0.14753263
-0.025829743
0.030446758
0.017101268
0.021980362
-0.56925713
0.16841033
-0.0098321664
0.002093856
-0.011230067
-0.027606542
0.073159731
-0.52426347
0.24322025
0.091674167
0.27732469
0.20924428
-0.026600878
0.037024891
0.011447456
-0.022903879
-0.0032412661
0.21239396
0.12389551
0.20084544
-0.12280987
0.41878911
0.066238327
0.27070566
0.42658245
-0.046672573
-0.040879463
-0.0073384386
0.010835419
0.034820171
0.082270002
0.073421534
0.13888504
0.21344985
0.32132215
0.28342584
0.196156
-0.10932593
-0.626158
-0.22662982
-0.31361529
-0.11153711
0.072799511
-0.32795725
-0.33171177
0.01921414
-0.30724155
-0.076420008
-0.54754633
-0.24795218
-0.10153864
-0.017249491
0.0015268616
0.020319448
-0.046549141
0.069992255
0.049782395
-0.00069839529
-0.027641169
0.20711765
-0.49416723
-0.26214885
-0.60201646
-0.073724138
0.080537744
-0.0068704722
0.064860185
-0.062049387
-0.61157217
0.032524751
0.10338612
-0.15233401
-0.013076399
0.033786548
-0.63391781
0.1308786
-0.033578273
-0.08566119
0.082795027
0.040329691
-0.032656591
-0.030215826
0.26272981
-0.46608443
-0.0054569947
0.027445807
-0.0016868873
-0.52909705
0.011747142
-0.063513187
0.059263509
0.13604232
0.059583296
0.28169844
-0.021506015
0.015600445
-0.60598273
0.011210011
-0.0030897023
0.10272391
-0.057934468
-0.012364533
0.32031863
0.041603574
0.012505165
-0.26548959
-0.078770891
0.67237047
0.31333647
0.28120271
-0.22810089
0.31363504
-0.3125817
0.39255143
-0.15266612
0.12587958
-0.24155561
0.076531185
-0.21553366
-0.071340922
-0.036634634
-0.092876515
-0.21665387
-0.17039268
-0.29529721
-0.26197989
-0.35759931
-0.3556279
-0.40527242
-0.4399443
-0.43385588
-0.50467814
-0.43241994
-0.53986971
-0.40118263
-0.23188786
-0.54142431
-0.14669627
0.050756353
0.16498445
0.34933476
-0.056203852
-0.34450961
0.21243118
0.46689804
-0.43514799
-0.60018244
-0.62628895
0.26280691
0.029179493
0.59234173
0.63449108
0.31298851
-0.59800368
-0.64105637
-0.60785905
-0.6324199
-0.54614782
-0.52856249
-0.57587602
0.068000464
0.72000965
0.67185466
-0.20081548
0.33141232
0.095264296
0.58277643
0.14753738
0.53571546
0.56803112
0.34367938
-0.50151687
-0.45127998
-0.57235106
-0.52206831
-0.066303539
0.52180826
-0.02019403
-0.2743058
-0.16817812
0.71612749
0.69565346
-0.34494412
-0.44193812
0.16989098
0.30795603
-0.22917589
-0.33527142
0.040609726
0.68240155
0.42755443
0.15260633
-0.011289831
-0.18107608
-0.14010297
-0.26214495
-0.23369367
-0.39955582
-0.42649627
-0.30369631
-0.2565882
0.15590921
-0.13651809
-0.032405168
-0.26719786
-0.29992645
-0.23907355
-0.074235879
0.55019088
0.16539013
0.43325342
0.57053781
0.25319122
0.33238149
0.13543649
-0.17001841
-0.4091835
-0.30736647
0.23344224
0.25844789
-0.57624592
-0.20813602
-0.29647906
-0.48389539
0.5011227
-0.34578804
-0.065421756
0.36803639
0.46021781
-0.53277353
-0.31729776
-0.10476841
-0.064919417
-0.2982606
0.081323452
0.45528708
-0.50824859
0.66745544
0.21004236
-0.44424177
-0.33893226
0.7155594
0.054758215
-0.19779044
-0.075097679
0.18892449
0.33332084
-0.2387063
-0.18717186
-0.23459853
0.12812369
0.24530462
-0.083797078
-0.45686571
0.14528874
-0.32833518
-0.32679537
0.15710773
0.7482432
0.59771794
0.6049213
-0.100222
-0.25973061
0.14048631
-0.11169316
-0.018577272
-0.42802333
0.36275877
0.16648539
-0.42299999
0.72728322
0.35899504
-0.38695929
0.6303914
-0.34247102
-0.27902324
0.43423309
-0.26798452
0.28135728
0.33967065
-0.46091687
-0.61210507
-0.032781701
0.14519857
0.38201444
-0.25412975
-0.17141507
0.089043565
-0.22242793
-0.24205411
-0.49620808
-0.090145713
-0.56264479
-0.28539677
-0.55082183
-0.18922913
-0.54957668
-0.59554686
-0.5191937
-0.55484933
-0.49302261
-0.43154509
-0.45906586
-0.25716434
-0.25448136
-0.0095379199
-0.028072695
0.2243239
0.25273913
0.44578219
0.18553361
-0.39116835
0.46951201
0.58281127
0.55288947
0.59212766
0.27031517
0.55953747
0.50032699
0.47473814
0.27904228
0.50632028
0.32615946
-0.46420323
0.46400229
0.27788821
0.04022318
0.5720486
0.057851112
-0.19589072
0.33209413
0.099793868
-0.14642746
0.309671
-0.38194091
-0.27872823
-0.42272308
-0.34786751
-0.64260188
-0.23529186
-0.22356781
-0.3101802
-0.21795359
-0.081377553
0.49858318
0.50282662
0.42283777
-0.28370588
0.49361405
0.27958937
0.54281384
-0.30310367
-0.43353013
0.42609323
0.33045904
0.4241869
0.2661999
0.13935992
0.46461355
-0.23855395
0.083601964
-0.2631135
-0.10764249
-0.15741883
0.18188947
0.22902229
-0.56256186
-0.58933193
-0.098036471
-0.37512605
0.2886843
0.3593684
0.035579243
0.052027261
-0.35852411
0.44594131
0.45558755
0.41955985
-0.44495026
0.24197354
-0.59976548
-0.5936028
-0.022975105
-0.16368553
-0.21543739
-0.11502999
-0.25219062
-0.26815457
-0.028090522
-0.055519263
-0.096605315
-0.23229096
-0.39300716
-0.48839964
-0.25516215
-0.42928508
-0.41238825
-0.59510056
-0.24761838
0.008045871
-0.35602615
-0.065007225
0.40361621
0.47420074
0.59964672
0.33272448
0.34312191
0.074290101
0.58784784
0.025105783
0.14644821
0.5846793
0.22244258
-0.34095468
-0.04341973
0.25137723
-0.26932689
0.10815092
-0.22010166
-0.1980465
-0.61669841
-0.10973409
-0.1524477
0.13822082
0.27947694
0.50283443
-0.44712134
0.32287287
-0.21855986
0.2949072
-0.60165487
0.55229862
0.084457379
-0.39859929
-0.054217614
-0.65142544
-0.39548996
-0.23086629
0.50375
0.45143924
0.25927564
-0.59280398
-0.093277195
-0.17640629
0.023632666
0.43982381
-0.25240869
0.074144668
-0.10474455
-0.62759382
0.13486263
-0.52202462
-0.18793053
-0.085421876
-0.056418268
-0.12652957
0.08589974
-0.068655188
-0.072105224
0.043054368
-0.010860453
0.15305422
0.15716423
0.27980923
0.14024419
-0.021439986
0.048626109
0.050936496
0.23676595
0.31218827
0.18004262
-0.020875385
0.016278168
0.039323319
0.080159883
0.026717837
0.045594087
-0.011272927
-0.014711289
-0.055613183
-0.0432236
-0.084485299
-0.097274241
-0.11600389
-0.097829285
-0.11461391
-0.12576094
-0.0058576161
-0.09817784
-0.095627124
-0.10454882
-0.063206775
-0.071116126
-0.069434872
-0.0091398875
-0.078844762
-0.036347364
-0.010003647
0.058908318
-0.0082078842
-0.058580393
0.0041791288
0.025036635
-0.086006836
0.086099382
0.085436856
0.051776395
0.12281333
0.15901752
0.047803967
0.12150274
0.22177118
0.055453257
-0.0042972945
0.0019715543
-0.059575373
-0.05836207
-0.0078572624
-0.055340127
-0.095557645
-0.11316103
-0.07853936
-0.11861154
-0.012981982
-0.025683705
0.014117987
-0.088039348
0.035187466
0.05573961
-0.086286229
-0.11818674
-0.032239497
-0.1323931
0.099916862
-0.05550545
-0.017718574
0.14593172
0.014553611
0.16107769
0.17983231
-0.1234731
-0.10942496
0.051269358
0.018377321
-0.085683785
0.20306199
-0.048330697
-0.048032652
0.10272468
-0.10375427
0.14220328
-0.15659951
-0.1142775
-0.027026476
0.21917588
0.13893023
-0.043161013
-0.015172005
0.09685473
-0.046185813
-0.048130054
0.11212192
-0.0090460595
-0.013096666
0.046853778
0.38925719
0.29446706
0.3357581
0.20703522
0.11775615
0.16869501
0.10822068
0.16471616
0.0093180292
-0.059709751
-0.060902552
0.052124957
-0.10066612
-0.12666469
-0.018939177
-0.063955606
-0.089935333
-0.13296052
0.1239002
-0.08897811
-0.024500359
0.073300791
-0.073639591
-0.084637519
0.11429873
-0.10225954
-0.010971169
0.094623694
-0.088163932
0.025448854
0.17766908
0.20586795
-0.0096860936
0.43865479
-0.12769592
0.044661192
-0.11590863
0.014349112
0.032895462
0.057653428
0.0099408768
0.0049449349
-0.090906022
-0.12235696
0.13044016
0.12985308
-0.014611223
0.21844895
-0.0010563411
-0.10482081
-0.043093596
0.092097796
0.14118745
-0.052535381
0.4347071
-0.10980627
-0.09128059
0.16834086
0.21710084
-0.072605218
-0.0059961539
-0.064635778
0.21854309
0.025050814
0.21821304
-0.1503271
0.11433739
-0.3755949
-0.66705941
-0.29497853
0.15325178
-0.24526705
0.23007014
0.23528522
-0.2312372
-0.30967297
0.24834367
-0.39725383
0.3159145
0.043292016
0.070434733
-0.19469859
0.18004198
-0.16500335
-0.44797583
-0.6299525
-0.62991118
-0.73467003
-0.67977541
-0.68806887
-0.58529381
-0.50559776
-0.37498043
-0.22799146
-0.098850487
0.073499938
0.16876263
0.32817322
0.26540529
0.3691202
0.47644888
0.44139128
0.58517564
0.57495814
0.55667426
-0.59393411
0.37814562
0.52766942
-0.22492331
0.24582538
0.38231688
0.58064533
0.49031
0.64009358
0.60210388
0.29574652
0.29622984
0.36599391
0.40157495
0.3267586
0.29985083
0.31141623
0.18742205
0.087956513
0.62571
0.59205943
-0.57163207
0.43028563
0.28949163
0.52414928
-0.014978903
0.54241441
0.31446067
0.20619952
0.11560188
0.10372119
0.23691626
0.086903208
-0.24858382
0.50862225
-0.45837775
0.49489471
-0.13726441
0.54605775
0.45063635
0.24371176
0.15000608
-0.10154745
0.1175462
0.0013590704
-0.12936371
-0.088236438
0.21444016
0.39075166
-0.14302063
-0.33496547
-0.51992288
-0.56067773
-0.68492448
-0.57650011
0.011073963
-0.11612678
-0.25796704
0.16002367
-0.04648011
-0.018385402
0.043765987
-0.12314881
0.19460342
-0.040384366
-0.25528857
0.23297298
0.39202068
0.22255981
-0.14963987
-0.28007908
-0.4160627
0.25584031
0.28978476
0.31224138
-0.10949773
-0.72720655
-0.73958015
0.214258
-0.66935406
-0.0093819986
0.45027133
0.47991666
0.18089194
0.16607645
0.63293899
0.31832672
0.024263009
-0.44341821
-0.42939612
-0.56345734
-0.032691712
-0.2231028
0.35359335
0.45417482
0.61068155
0.34547671
0.40657852
-0.34199481
-0.28385239
0.39186602
0.26919303
-0.075418443
0.21939923
0.41486177
0.073798375
-0.44056233
0.37209456
-0.34069692
0.067511416
-0.3810492
0.16331492
0.20813796
-0.33984597
-0.13246746
-0.29837429
0.53233506
0.51937382
0.40772596
-0.63150736
-0.14157312
0.10829547
0.26459153
-0.54460182
-0.48934427
0.24929858
0.24329904
0.081866492
-0.082219675
0.34265475
0.40597199
-0.17550635
-0.014918502
-0.72687745
0.45245702
0.099077519
0.45413645
-0.22200066
-0.35633353
-0.38489437
-0.14902865
0.27217331
0.61320212
0.2457554
0.16675732
0.49939595
0.22226304
0.11797244
-0.083797037
0.25167782
0.56282597
0.15698133
0.54786843
0.088627944
-0.44987512
-0.51098224
-0.42410339
-0.56185629
-0.48152948
-0.59590285
-0.57301673
-0.5761141
-0.4529128
-0.42868174
-0.55493523
-0.38505424
-0.18948622
-0.14027954
-0.50732888
-0.52340848
0.084835472
0.11733163
-0.087554967
0.14646059
0.045965971
-0.033188107
0.17166086
0.31240433
0.27991484
0.32709911
-0.45958612
0.023067973
-0.18147428
0.19443765
0.3065033
0.49785318
0.46352785
0.22622356
0.40568523
0.15481967
0.29035866
0.32167305
-0.10040315
-0.27685218
0.0757308
0.26090434
-0.32136112
-0.37122072
-0.50643507
-0.54321551
-0.40331729
-0.16899722
-0.2177374
-0.41119621
0.50232633
0.053272723
-0.36554603
-0.40263582
0.60968847
0.33946088
0.39363738
0.29099427
0.10903972
-0.11425952
-0.48290415
-0.26252309
0.27600667
0.57003858
0.51101464
0.30937875
-0.16876568
-0.4394239
-0.36596947
-0.31890453
-0.25927296
0.3472606
0.43844557
0.25167491
0.43342343
-0.18197585
-0.024409823
-0.3197571
-0.19037138
-0.28039288
0.17721646
-0.31009806
-0.25884873
0.54493972
0.60092204
0.65116256
0.43801843
0.57450437
0.02118659
-0.00046736941
-0.45418744
-0.23683804
0.024527723
-0.25918349
0.083068519
0.24221998
0.3935917
0.41779276
0.28608901
0.11748875
-0.00391125
0.41162073
0.25542674
-0.54832202
-0.60610764
-0.23168343
-0.1078499
-0.5346995
-0.32453475
-0.25586508
0.32631226
0.21195182
0.31965983
0.26745431
0.07731866
0.001787921
0.44116385
-0.10404062
-0.044567963
-0.58836685
0.47671148
0.17566114
-0.44370234
-0.045415395
0.041317661
0.60741113
0.19211692
0.2764574
0.58105534
-0.29104632
-0.54460612
0.51319575
0.12390698
0.36815866
-0.45817779
-0.49724419
0.016220625
0.21085343
0.22625145
0.59377464
0.64082597
-0.42644808
0.4603636
0.61465172
0.61093221
0.59279776
0.094497573
0.18030319
-0.39093125
0.26209225
0.52608184
-0.14081263
-0.3178346
0.53356597
0.17166295
0.48418566
0.29852827
0.41648859
-0.092170393
0.085515555
0.13251617
0.015213349
-0.040756538
-0.16519817
0.068493512
-0.14498048
0.044174361
-0.044467459
-0.14116472
-0.10756841
-0.2857636
0.0095510673
-0.23826406
-0.43177658
-0.16412342
0.015274115
0.15347471
0.11354287
0.078229677
0.085979669
0.042666037
0.072445229
0.085591657
0.092026886
0.080157337
0.1002891
0.10308426
0.11742082
0.095538354
0.11129567
0.11546993
0.025980498
0.076270907
0.084318647
0.11798763
0.083261231
0.056296286
0.11661979
0.076514775
0.035219653
0.012468712
0.039021539
0.06020857
0.1079613
0.13070063
0.066290183
0.021967695
0.0038425779
-0.019612813
-0.028619695
-0.069005749
-0.086880605
0.016965551
-0.13785055
0.11898461
0.1235764
-0.15619378
-0.22838834
-0.028643693
-0.039350196
0.096232228
0.02635607
-0.031322806
-0.10497848
-0.085114505
-0.011243369
0.0056601035
-0.15466954
0.12774823
0.10169116
-0.010322389
-0.03579223
-0.032545136
-0.026017766
-0.16872074
-0.069291602
0.098281002
0.039113634
0.01606741
-0.032058703
-0.080834541
-0.20066822
-0.1196485
0.056349196
0.062995275
-0.023745081
-0.050773267
-0.098316404
-0.087244017
-0.004462011
-0.11726624
0.11046614
0.098898659
-0.00013014239
0.057753398
0.060101778
-0.15088824
0.099267847
0.015568701
-0.015223503
0.043331945
0.015619678
-0.21592205
0.039173984
-0.096519844
-0.12282083
0.11312005
-0.1391428
-0.044545308
0.0034065095
-0.045531131
0.020551836
-0.17311765
-0.18286263
-0.30691401
-0.33125684
-0.2312381
-0.16375983
-0.17568666
0.086591519
0.071827621
0.070963744
-0.1072518
0.037323774
0.12904314
0.13375404
0.042314577
0.054680393
0.030552975
-0.083650118
0.092836635
0.023305806
-0.018762368
0.087958327
-0.086666972
0.080028954
-0.0035759923
-0.16638823
0.12438997
-0.02154107
0.070997347
-0.20756974
0.017367623
-0.31805859
-0.026891323
0.0052602644
0.090972535
-0.057377934
0.07208808
-0.21429551
0.047047179
0.049481135
-0.39125685
-0.048644056
0.040105399
-0.039068848
0.00044146125
0.03188098
-0.19876799
-0.0048312614
-0.0088887999
-0.14289555
0.052494151
-0.43169217
0.0051668825
0.015708963
-0.078832438
-0.067532103
-0.04975657
-0.071241829
-0.011979568
-0.22185623
-0.1547766
-0.15102069
-0.2396756
0.046842921
-0.42002717
-0.073504868
0.31929568
-0.33481432
-0.033971766
-0.015841287
-0.20289014
-0.081025563
-0.19712022
0.62939214
0.11515194
0.21168781
-0.036298574
0.069082701
-0.024940346
0.61062764
-0.33744986
-0.28525856
-0.28464316
-0.15589524
-0.087840162
0.012470041
-0.053560629
0.076427844
0.014049831
0.10279585
0.18058213
0.1564525
0.097612294
0.11038161
0.22607424
0.12127923
0.073439349
0.057954621
0.075278957
0.005769488
0.053622542
-0.0033451539
-0.072037658
0.045176148
0.022830388
-0.039670332
-0.10399289
-0.076779163
0.023906572
0.00071916304
-0.0076841831
0.034069378
-0.021328143
-0.02767044
-0.15360807
-0.157036
-0.02623425
-0.055910581
-0.019853509
-0.0050863834
0.034287744
0.26146154
-0.22849813
0.28758017
0.41249887
0.4107414
0.52132577
0.45101065
0.094136309
-0.015161771
0.11023281
0.54420112
-0.0097718243
-0.010456416
0.025100741
0.36306062
-0.050279885
-0.033097573
0.11886556
-0.14560798
0.24293926
-0.21371296
0.015211519
-0.017352589
-0.035483394
0.50626244
-0.17901519
-0.12500432
0.26922946
0.11435635
-0.031086905
-0.091388676
0.49548545
-0.11631971
0.026391227
-0.18685504
-0.042472123
0.33250493
-0.4269272
0.033488382
0.0035863478
-0.011380881
-0.034958394
-0.067657221
-0.21064709
0.029773091
-0.28721206
0.51237569
0.59582155
0.00083964061
0.66351197
0.62788257
0.017407855
-0.069222507
-0.04002909
0.00091452194
0.061417027
0.027525579
-0.35365047
-0.21362771
-0.095361694
-0.16811113
0.17075014
0.047397344
0.19252141
0.36885955
0.15443365
-0.1054913
0.014502875
-0.054821214
0.20060515
-0.099563275
0.044512646
0.012530841
-0.27318737
0.022612507
-0.079539775
-0.082525049
0.27324459
-0.32200815
0.097425167
0.11571308
-0.028637471
-0.071514425
-0.0060015234
0.43251887
-0.033787242
0.29666783
-0.018443451
0.031974849
-0.069871976
-0.20496931
0.28895309
-0.26080316
-0.13893256
0.02853278
0.3590577
0.14105578
-0.23415795
-0.14303269
-0.078345931
0.5842258
0.017459938
0.0071039922
-0.040671234
0.04570417
0.51043586
0.0022244855
0.401349
0.031256124
-0.1688815
-0.054638967
0.4778104
-0.064332121
0.04779654
-0.056087548
0.4150899
-0.033246714
