FiniteElementSpace
FiniteElementCollection: H1_2D_P1
VDim: 1
Ordering: 0

0.44230336
0.027515057
0.44204747
0.027860543
0.058950122
0.059148745
0.39138351
0.30767878
0.1976878
0.074978028
-0.046598195
-0.15382701
-0.23397141
-0.28209106
-0.293813
-0.27175046
-0.22457487
-0.16073131
-0.093327813
-0.033615742
0.008304528
0.023609813
-0.0029704093
-0.043545082
-0.087020795
-0.12290922
-0.14153956
-0.13449262
-0.097708666
-0.032832329
0.055402207
0.15759274
0.26048715
0.35122982
0.41722272
0.44812685
0.39130651
0.30735793
0.19733423
0.074627906
-0.046220818
-0.15235509
-0.23430046
-0.28138371
-0.29331447
-0.2718433
-0.22424429
-0.16085388
-0.093831519
-0.03430307
0.0088858658
0.022266836
-0.0027054948
-0.04250724
-0.086283801
-0.12325982
-0.14190665
-0.13470973
-0.098092405
-0.032846965
0.055561108
0.15758034
0.26041442
0.3508685
0.41677562
0.44811756
-0.086184545
-0.16358991
-0.19420392
-0.17304868
-0.10388602
0.0026368817
0.13004781
0.25923368
0.37088331
0.44873908
0.48174826
0.46325415
0.39910821
0.29967923
0.17952964
-0.045130379
-0.11296093
-0.13674554
-0.11137056
-0.040214186
0.065957098
0.19046872
0.31462886
0.41905836
0.48776761
0.51019017
0.48045674
0.40347206
0.29182727
0.16062315
-0.085822999
-0.16288636
-0.19356735
-0.17274563
-0.1038225
0.0022148669
0.12968154
0.25793471
0.37125867
0.44862201
0.48056007
0.46358503
0.40013375
0.30032975
0.17960068
-0.044589605
-0.11384614
-0.13755038
-0.11169217
-0.039678117
0.066436865
0.18983517
0.31481888
0.41922579
0.4878347
0.50962026
0.48144693
0.40530134
0.29266449
0.15984873
0.42104436
0.35418941
0.24243408
0.095355
-0.072634958
-0.24335818
-0.3973701
-0.51722631
-0.58956449
-0.60710359
-0.56974499
-0.4823586
-0.35851932
-0.21593926
-0.071251275
0.1596184
0.22238677
0.24584722
0.23355081
0.19529112
0.1435659
0.094877693
0.060811291
0.049785224
0.072165784
0.12232943
0.19444964
0.27758615
0.35655633
0.41535104
0.42079555
0.35427969
0.24263602
0.095462531
-0.072661115
-0.24296408
-0.3970248
-0.51732497
-0.58988996
-0.60743842
-0.56948331
-0.48298469
-0.35995159
-0.2164586
-0.070802077
0.15989932
0.22274922
0.24637639
0.23397644
0.19543125
0.14429152
0.094271046
0.06047223
0.050732997
0.071054749
0.12146772
0.19507467
0.27774744
0.35636689
0.41532111
-0.14512234
-0.023383039
0.15081065
0.37791296
0.064633027
0.023488496
-0.18102922
0.12985143
-0.095267082
-0.061528326
0.25915855
0.12671891
0.34391478
0.30987866
-0.09132531
0.12276813
0.41114791
0.093384106
0.24895781
0.069296615
-0.011898104
-0.10216658
-0.15289386
-0.2461489
-0.20759646
-0.34102813
-0.30901518
-0.41969897
-0.4217007
-0.47201188
-0.46613339
-0.48274425
-0.44425173
-0.25819364
-0.47005289
-0.44788711
-0.43916567
-0.37071004
-0.43089032
-0.3465047
-0.25271703
-0.43014184
-0.37407245
-0.36899123
-0.15305888
-0.22100086
-0.29613352
-0.11219948
-0.12867375
-0.37223558
-0.30707482
-0.26657394
-0.19713238
-0.12158506
0.01803217
-0.068630514
-0.17026713
-0.22239857
0.040818081
0.061412066
-0.17765601
-0.23699305
0.15189475
-0.31730293
-0.2531723
-0.18001758
-0.15592072
-0.22893309
-0.38377641
-0.087766514
-0.3315067
-0.23746802
-0.3288885
0.010798527
-0.13370844
0.14791854
-0.12389345
-0.01804016
-0.32878083
-0.25824565
0.1426024
-0.30397279
-0.14238334
-0.048767124
0.17129592
-0.21823331
-0.12210751
0.092966575
-0.11007915
0.0080929581
-0.12486172
0.27712192
-0.12102478
-0.10415837
-0.047522145
-0.086677065
0.048159348
-0.014552041
0.15019165
-0.13045128
0.015765331
-0.19389097
-0.20476908
-0.24277144
-0.12666617
0.0054706373
-0.0015150526
0.097946381
0.20443638
0.21053658
0.33269419
0.34858729
0.1035095
-0.014263865
-0.11408932
0.12935496
0.022302052
0.21655686
0.35304018
-0.037445194
-0.079438931
-0.037038748
-0.34606361
-0.3880961
-0.1679267
-0.32643282
-0.46312933
-0.39966976
-0.26410099
0.020297053
-0.4274422
-0.088069846
0.14309524
-0.33407753
-0.34499971
-0.00086927771
-0.11891048
-0.3914708
-0.12543065
-0.41119805
-0.1915114
-0.25786721
0.052387298
0.38633229
-0.018388806
-0.24088193
-0.094429217
-0.38338249
-0.23721219
0.033743976
-0.093679636
0.021481284
0.13190958
-0.29028359
0.28843812
0.26349212
-0.25139788
-0.2637463
0.21829594
0.030733025
-0.30853846
-0.17808613
0.43351035
0.043818667
-0.18205265
0.22707246
-0.089739093
-0.0026696399
0.18677465
0.25367128
-0.21714709
0.34893803
-0.046393698
0.052935808
-0.043260005
-0.046285859
0.098372883
0.19707652
0.095380885
-0.37660091
0.26292138
-0.1632579
0.10657534
0.25032361
-0.40926751
0.51961138
-0.043758796
-0.28683571
0.22496752
0.34587311
-0.27333161
0.44142868
0.22420503
-0.17865381
0.35717052
0.30219513
-0.25411617
-0.35497973
-0.35260535
-0.44990233
-0.40137144
-0.52535124
-0.46048508
-0.57000043
-0.47785474
-0.57607412
-0.45672124
-0.5415224
-0.40057712
-0.46959102
-0.31821165
-0.21911064
-0.36842051
-0.14051581
-0.023106752
0.037808642
0.16127644
-0.061027016
-0.33950063
0.11526484
0.29068309
-0.62160714
-0.48321077
-0.36374522
0.087784851
0.0093157556
0.30871752
0.41736511
0.25377877
-0.44105948
-0.30804569
-0.22849699
-0.1609444
-0.091697073
-0.35345462
-0.017612706
0.06114244
0.40048999
0.4802849
-0.58807753
0.11820262
0.060687139
0.49800599
0.2048766
0.20416894
0.19081577
0.3722719
-0.55486951
0.027644259
-0.054718121
0.08259254
0.01081431
0.52405395
-0.40241315
-0.12120007
-0.14298813
0.43103524
0.27248909
-0.019450616
0.067937285
0.32606466
0.45211075
0.064234975
0.1121434
0.083353815
0.22685729
0.53675705
0.40398171
0.14557054
-0.055822297
0.058890707
-0.1381417
-0.23277139
0.18998902
0.20044786
0.29190698
0.092044906
-0.42596155
-0.50295112
-0.54403661
-0.42403304
-0.58677464
-0.62664845
-0.29011519
0.13650015
0.34611374
0.43143204
0.31128435
-0.43453704
-0.35662917
-0.45411488
-0.17589871
-0.18837534
-0.29207891
0.50104027
-0.21431584
-0.1997354
-0.0039527638
-0.26820668
0.096597198
0.40448679
-0.22056533
-0.086280503
0.12466836
0.19197958
-0.570219
-0.62657818
-0.59909208
-0.50927137
-0.28510372
-0.29597182
0.48534318
-0.25023314
0.30131533
0.42770007
-0.13026264
-0.33077245
0.35192707
-0.54698401
0.3265632
0.33143688
-0.14465946
0.49148861
-0.18124442
-0.027413744
0.15845024
-0.50490649
0.48774914
0.043893462
-0.47736004
-0.36434839
-0.31528327
0.28172506
0.081943762
0.3560836
0.47834428
0.40507037
0.39758406
0.22260706
-0.079362949
0.14912472
-0.54622638
-0.05183909
0.51018232
0.08772983
-0.61047999
0.29404846
0.52110232
0.16267533
0.17067957
-0.52707173
-0.20802445
0.48300899
-0.29407305
-0.5672589
0.30980316
-0.13702447
-0.077673639
-0.17140663
-0.60798282
0.59827979
-0.095175874
0.055614578
0.51828676
-0.46184255
0.14807079
0.054971518
0.25194795
-0.19365018
0.14821626
-0.2291905
0.35799339
-0.14167669
-0.008045102
-0.014282978
0.088928621
0.06389666
0.1327434
0.20069323
0.2033752
0.30686623
0.26546447
0.14134571
0.16146099
0.31059116
0.16996203
0.025728812
0.08687335
0.33160474
0.16287452
-0.0077950491
-0.028038451
0.45297879
-0.19599098
-0.2138573
0.4750162
0.5695226
-0.047464324
-0.21902309
0.28023881
0.57956639
0.6423863
0.5924083
0.45569078
0.63447394
0.54118643
-0.36570304
-0.34491798
0.55986748
-0.065771216
0.42507996
0.44155706
0.065057564
0.068843642
0.019990247
0.051099164
0.0179736
0.079954234
0.017187292
-0.075795614
-0.16529395
-0.33999789
-0.28951904
0.12076289
0.11211434
0.075974732
0.5371571
0.14202084
0.3963742
-0.44238747
-0.36583054
-0.48440549
-0.22200987
-0.46373734
0.23936203
0.40842542
0.63252751
0.20737977
-0.40729491
-0.30067323
-0.27382668
-0.38611575
0.24110235
0.23232744
-0.085938461
-0.33321825
0.19600481
-0.55487514
-0.076158253
-0.23194432
-0.098222561
0.45514738
0.55169564
0.63792682
-0.16814474
0.58408944
-0.12388204
0.039353321
-0.55572113
-0.0010817502
0.044505197
0.15620068
0.27198406
0.18577779
0.033179934
0.40438003
0.49238179
0.33595003
0.23496792
0.25769319
-0.032746145
0.0069608645
-0.34163482
0.13548384
0.11479387
0.3931979
0.092844563
-0.033093242
0.010491195
-0.36319238
0.1427445
-0.48865171
-0.12560518
-0.20946299
0.32483414
0.50817024
-0.55660461
0.29085481
-0.46412825
0.053130471
0.038542008
-0.61272621
0.12054403
-0.33020413
0.49147259
-0.19137984
-0.16196671
0.33964582
0.26029017
-0.079552504
0.6671435
0.44137719
0.3539316
-0.49053782
0.19925888
-0.57748332
0.19182154
0.39655938
-0.14896225
0.056027004
-0.49775943
0.058685031
-0.24743078
0.28227885
0.5581652
0.6307523
0.64588641
-0.096138019
0.3989322
0.12752751
-0.167193
0.32260042
-0.41672762
0.58589511
-0.084338835
0.098003851
0.16490453
-0.24159276
0.26257387
0.55352332
0.0070566268
-0.41199994
0.23315178
0.4252165
-0.087691579
0.16026843
-0.53898719
0.052861895
-0.067288747
-0.34763511
0.33008586
-0.061289874
0.33978246
-0.12904603
0.32196366
0.13337228
0.42765485
-0.041057717
0.33004378
0.28624655
0.20623977
0.24180455
0.17773018
0.19980434
0.22842495
0.18132184
0.17050683
0.12845715
0.14583837
0.10500673
0.052117997
0.050418899
0.123165
0.1493452
-0.034536544
-0.0063990701
0.072084386
0.046745773
-0.031318759
0.11050428
0.1157217
-0.14558089
-0.13593382
0.030189289
0.12915526
0.22792151
-0.265858
-0.24272055
-0.086268996
-0.24143674
-0.18138446
-0.0024432869
0.18831624
0.22636904
-0.086689399
0.026203453
0.10362815
0.0027276146
0.10323999
0.087636079
0.34212294
0.12219232
0.068241672
0.02647001
0.012372644
0.045082574
0.11070189
0.12964319
0.10790425
-0.023840517
-0.090027387
-0.11175258
-0.36276868
-0.024513635
0.16461556
0.10535837
0.068690846
0.14987982
0.089700061
0.24989729
-0.22276675
0.13005146
-0.26666625
-0.057520416
0.302823
0.2599325
0.04072652
0.0030725332
0.27103758
0.28606198
-0.0088464528
0.36142738
-0.2604721
0.095930079
0.029372465
-0.024084719
0.12331084
-0.518042
-0.55712523
-0.47336073
0.20336415
-0.46164037
0.39770977
0.38460478
0.24749036
-0.076411611
-0.040470356
-0.11851849
-0.046570174
-0.051126438
-0.12995309
-0.20548501
-0.16922405
-0.015142064
0.16610904
0.22100609
0.017239774
0.11516647
0.39585256
0.28336021
0.16282164
0.079824988
0.030905311
0.096719164
0.10021737
0.15579621
-0.055417204
0.043292664
0.1121588
0.14886898
-0.11578157
0.0044513803
0.22931861
-0.17935787
-0.050391938
0.028371429
0.13275338
0.078090815
-0.039269634
-0.078436778
0.068749269
0.17315647
0.40404464
-0.092050129
-0.060008134
0.10963844
-0.34489981
-0.41414392
0.19992057
0.19870801
-0.078666114
0.16005681
0.29358177
-0.3033338
0.070640926
0.28579615
0.29606533
0.36467325
0.2937114
-0.062775256
-0.47972242
-0.3800205
-0.4144721
0.44144706
-0.043366271
0.046375231
0.022964206
-0.33456141
0.34897327
-0.308417
-0.051882242
0.35709769
-0.30431349
0.37284817
-0.087864776
-0.162401
-0.44449222
0.13546461
0.10518667
0.25935113
-0.42466124
-0.18853094
0.48671509
0.15265297
-0.23004826
0.50053464
-0.2808121
0.10096952
0.34972144
0.2876881
-0.25987841
0.30309746
-0.13774279
0.3346878
0.34758325
0.44168702
0.41446905
0.48240394
0.42312862
0.46073548
0.36823695
0.37165402
0.25253751
0.22430043
0.087000921
0.034300058
-0.10512114
-0.16862684
-0.29700773
-0.21655162
-0.36099514
-0.384591
-0.28241951
-0.41963776
-0.2983258
-0.51738989
0.26057145
-0.17056051
-0.16883456
0.18245148
-0.22025526
-0.40055441
-0.5147375
-0.59488948
-0.26348654
-0.12074815
-0.064182597
-0.25459503
-0.41089384
-0.53104217
-0.51116328
-0.59383908
-0.26056594
-0.53822231
-0.037494724
-0.18771516
-0.03821617
0.46748333
-0.55326517
-0.60527966
0.011248458
0.03769551
-0.45708869
-0.45832391
0.023067487
-0.044528136
-0.57700911
-0.45304026
-0.45069826
0.089916786
0.10548461
0.49376351
-0.58077168
0.031186285
-0.094345583
-0.3601508
-0.62728933
-0.37238709
0.081712542
0.081852167
-0.56987737
-0.48867565
-0.52345294
-0.33267976
0.12803079
0.085979805
0.11833723
0.18132392
0.16862813
0.2478086
0.31672444
-0.34267827
-0.37362866
-0.21261727
-0.27387615
-0.37631329
0.28080157
0.14818743
0.30016304
-0.026581078
0.14921633
0.30193674
0.23043706
0.13173617
-0.038936018
0.40377108
0.52012684
0.53507161
-0.14112174
-0.27842618
0.21854629
0.43437627
0.35715152
0.33185487
-0.01372872
0.20452134
-0.49102783
-0.047590018
-0.46418285
-0.12473724
-0.52454046
-0.40024418
-0.39132074
-0.017902119
0.35165851
0.44748772
0.52407835
-0.034796601
0.43864338
0.052007493
-0.51488805
-0.33257453
0.25682913
-0.60704676
0.13092327
0.42811881
-0.15013589
-0.15321369
-0.19357922
0.35506152
0.20898258
0.3315295
0.16434859
-0.63240679
-0.34486198
0.10553871
0.5091666
-0.61058807
-0.10254524
0.50952407
-0.25966542
-0.40435212
-0.24020681
0.044497259
-0.001354333
0.24815917
-0.078931669
0.39585986
0.2191094
0.12517888
0.50986306
0.1064127
-0.34181681
-0.55549862
0.11780364
-0.25816221
0.18409437
-0.41169118
-0.25823056
0.29287187
0.15489614
0.034152561
-0.13355802
-0.46157112
0.32809312
0.59725878
-0.60927081
-0.030012559
-0.076059506
-0.083262963
0.0029220332
0.0534938
-0.46365509
0.16165178
0.51305149
0.27239396
-0.19020178
0.27378351
-0.21109545
0.34556167
0.46066231
0.4464742
0.28841354
0.37792668
0.1969075
0.26215044
0.43766428
0.30445739
0.45954287
0.31818757
0.14724478
0.16403649
0.30298872
0.16305554
-0.009046223
0.066001628
0.26011892
0.14642086
0.041231844
0.058024072
0.38468969
-0.048415834
0.0065718669
0.29499053
0.39877935
0.11734824
0.56727379
-0.096102881
-0.18503983
-0.0036061337
0.058336127
0.26490383
0.350052
0.49182171
0.41857613
0.55907948
0.084333382
0.46424794
-0.22070258
-0.32965343
0.58897686
0.45276694
0.011901985
-0.12367979
0.56886539
-0.085281323
-0.26900377
-0.28055653
-0.41060175
-0.40016391
0.18334061
-0.38255258
-0.26108333
-0.41411014
0.11928028
0.10287595
0.074537862
0.15739758
-0.26827651
0.64475761
-0.31763799
0.55643076
0.13356946
0.071081983
0.30136346
-0.32356818
0.64884439
-0.46740387
-0.53686681
0.66467323
-0.51507531
0.071375671
0.036896537
0.2387326
-0.045169051
-0.34522663
-0.20970901
-0.57205351
0.17940332
-0.56065941
0.065963795
-0.45836426
-0.61098097
-0.14789761
-0.12345352
0.061262084
-0.16115571
-0.011495801
-0.55573842
-0.5025966
0.55226236
0.60691114
0.03529378
0.11765228
0.25983879
0.14834383
0.10786136
0.26415837
0.29218636
0.44460652
0.57338645
-0.3434497
-0.40531944
0.5289483
0.11403063
0.44058782
-0.15078538
-0.23272383
0.018986703
-0.10170964
0.19616547
0.021570607
0.0691511
0.13455126
-0.098473937
0.50025249
0.081263329
-0.32514682
-0.039118818
-0.043520976
0.12057139
-0.16287939
-0.14841235
0.59009273
-0.16112606
-0.17792461
0.35080292
0.13543429
0.24596723
0.63367714
-0.19087778
0.044009794
-0.064750797
-0.23714958
0.62303739
-0.36220706
0.40282965
0.21562496
0.072827008
-0.021206427
0.00025239956
0.63466984
-0.29951491
0.17925835
0.12637456
-0.098092161
0.40141374
0.12345208
-0.48607429
0.18423408
0.18759432
-0.56950946
0.64728249
-0.014823108
0.29056959
-0.25132497
-0.13065243
0.34931076
0.22299362
-0.049342313
-0.42606591
-0.53968
0.15556284
0.024645823
0.42577189
0.034467839
-0.077180734
0.34274744
0.33093497
-0.11738101
-0.34212929
-0.045730596
0.31413571
-0.062355803
0.43344532
-0.093980212
-0.51692514
-0.40762923
-0.30399454
-0.27641774
-0.17008334
-0.14157932
-0.21114905
-0.084806628
-0.11728329
-0.009076929
0.017856903
0.069363652
0.07202243
0.11974802
0.084742514
-0.043078379
0.14457149
0.15689153
0.13036426
0.13729985
0.096926824
0.10849424
0.093879707
0.18605847
0.14383715
0.17112424
-0.2413147
0.063261592
0.082784887
0.038548838
0.064403381
0.2407412
0.20503962
0.069283586
0.14090657
-0.029346817
0.0055087431
0.054615372
0.030226525
0.057705506
-0.13887914
-0.014330063
-0.039267368
0.0700632
-0.4656434
0.058272969
0.14510581
0.18167091
0.22290699
0.17532215
0.24124809
0.27904281
0.10067246
0.091838774
0.29313148
0.01744111
0.087817701
-0.035729572
0.22482327
-0.20710804
0.12021085
-0.11480777
-0.034603924
0.25097851
0.22073445
0.32663026
-0.32757
0.13175952
0.081715154
-0.35508791
0.21308812
0.025462917
0.11230954
-0.062644465
0.14620192
-0.0070567792
-0.03047846
0.15343622
-0.29151626
0.0016792269
-0.068129889
0.03106589
0.073047353
0.33018832
0.39764175
0.36591694
0.19003982
0.40568257
0.24819403
0.28468647
-0.55702895
-0.44282532
-0.1323032
-0.16581504
-0.12922148
-0.060509008
0.24540323
0.1703915
0.050941965
-0.14890795
-0.24538582
0.39470121
0.34824374
-0.34387331
-0.022282264
-0.0096580695
0.098648944
0.12029793
0.11007917
0.11252198
0.19394153
-0.011583331
0.12443903
-0.044047364
0.0091443569
0.017716463
0.15660181
-0.079071823
-0.013186069
0.064323066
0.20956032
0.13833946
0.1114575
-0.084043955
-0.086211443
0.40597316
-0.047059705
0.13537064
0.27825318
-0.23206597
0.11131935
0.19036973
-0.041669604
0.2701059
-0.36243406
0.14311523
-0.24351133
-0.08206394
-0.047714152
0.28927746
0.34754669
-0.47304925
0.3918567
0.3032137
0.34279473
0.44139704
-0.038925268
0.053360488
0.16979535
-0.051899763
0.27774447
0.2186508
-0.44165352
0.22334936
-0.086521177
0.34974417
0.10492691
0.13905568
0.25636885
-0.20045713
-0.013963001
0.046609079
-0.033391979
0.37729088
0.033585773
-0.12554451
0.10408375
0.25741784
0.34604286
-0.11306253
0.2221766
0.13217587
0.012942197
0.38146214
0.17031585
-0.019229836
-0.023619178
-0.12173166
-0.11061987
-0.22699546
-0.20678166
-0.31954886
-0.32460203
-0.4059814
-0.39555531
-0.46069767
-0.44168094
-0.4721292
-0.48166383
-0.4697967
-0.42141034
-0.28381621
-0.47073762
-0.43880696
-0.39742709
-0.35047754
-0.4434526
-0.27112035
-0.21622306
-0.42297217
-0.35891118
-0.29251124
-0.1605816
-0.2923426
-0.33342483
-0.24129717
-0.25262689
-0.38125428
-0.11320322
-0.12095905
-0.055239527
-0.011995489
0.017849912
-0.23162133
0.014371449
0.16119726
-0.16520062
-0.22949124
-0.10088327
-0.32361759
-0.25421656
-0.17067023
-0.18623664
-0.22951969
-0.31678852
-0.16166622
-0.21175982
-0.12045134
-0.32468574
-0.25630331
-0.29565023
-0.071269733
-0.11761911
-0.039720823
-0.1009236
0.021778225
-0.24453359
0.10655691
-0.31047836
-0.34336209
0.021829851
-0.041789017
0.12410578
0.0071742492
-0.14245776
-0.003770543
0.01720946
-0.097754908
-0.15638576
0.13601819
-0.2456558
0.14847574
-0.17658383
-0.082889655
0.017002677
-0.14881919
-0.070391319
-0.094805446
-0.056094405
0.15388228
-0.00083594773
0.11187018
0.38355857
-0.097354932
-0.13066357
0.13109369
-0.087626713
-0.091551159
-0.18205131
0.34643518
0.23273366
0.32195196
0.26377545
0.13803524
0.062101906
-0.077093446
0.27210899
-0.21602936
-0.37886783
-0.435549
-0.11378111
-0.31367456
-0.42338973
-0.10888299
-0.38742383
0.072583085
-0.34281509
-0.11450602
-0.43332323
-0.36433747
0.24505108
-0.37742682
0.15343131
-0.031517548
-0.3885605
0.33324003
0.0080158346
0.052927015
-0.2478395
-0.080169663
0.066709018
0.08625748
0.40721728
-0.3437065
-0.10781424
-0.25038978
-0.22544234
0.072456701
0.032725657
0.20870988
-0.17705269
-0.32814745
-0.25132029
0.30592597
0.25153529
-0.050194737
0.014933363
-0.026075226
-0.18473061
-0.22204339
0.028480223
0.096388529
0.057902103
0.43256082
-0.17407301
-0.26983395
0.23169377
0.15247027
-0.10431488
0.009843999
-0.18511928
0.083193794
0.040412796
0.12128864
