FiniteElementSpace
FiniteElementCollection: H1_2D_P1
VDim: 1
Ordering: 0

0.49874627
-0.57160508
0.49868151
-0.57147036
0.072848054
0.07274142
0.50382304
0.48870813
0.45351684
0.39946813
0.32867142
0.24389207
0.1482498
0.04559386
-0.060175314
-0.16513465
-0.26512822
-0.35626394
-0.43495196
-0.49841168
-0.54444097
-0.5769244
-0.56137476
-0.52619832
-0.47216259
-0.40132155
-0.31654154
-0.22098911
-0.11830721
-0.012439381
0.092413666
0.1923735
0.28353493
0.3623742
0.42595645
0.47174983
0.50376833
0.48871597
0.45344928
0.39944271
0.32864209
0.24376272
0.14824532
0.045556407
-0.060259627
-0.16514839
-0.26507722
-0.35626001
-0.43513331
-0.49863443
-0.54437305
-0.57640855
-0.56140355
-0.5261374
-0.47217108
-0.4014871
-0.31658347
-0.22102704
-0.11837253
-0.012529251
0.09237348
0.19233375
0.28354881
0.36240518
0.42591348
0.47173123
-0.55116261
-0.51987874
-0.47792894
-0.42732556
-0.36991007
-0.30789531
-0.24361544
-0.17950477
-0.11803528
-0.061600365
-0.012543759
0.027550313
0.057130908
0.074713317
0.080234491
0.053131008
0.021649995
-0.020060419
-0.07067161
-0.12808699
-0.19012503
-0.2544348
-0.31854238
-0.37989194
-0.43624488
-0.48559575
-0.52566708
-0.55487918
-0.57276082
-0.57815781
-0.55066353
-0.51949996
-0.47788343
-0.4274258
-0.37024688
-0.30810131
-0.24349309
-0.17956348
-0.11823272
-0.06173455
-0.012485595
0.027691495
0.057153898
0.074796939
0.080233503
0.0531476
0.021699527
-0.019972134
-0.070633813
-0.12814931
-0.19007798
-0.25428377
-0.31851158
-0.37988301
-0.43625958
-0.48561919
-0.5257705
-0.55501137
-0.57258765
-0.5777839
0.49440813
0.48309326
0.46396356
0.43804774
0.4062416
0.36981158
0.33010468
0.28868514
0.24702576
0.20686538
0.16989997
0.13740009
0.11028042
0.090161529
0.077338326
0.075946299
0.087691945
0.10680313
0.13274177
0.16463255
0.20095494
0.24081891
0.28244441
0.32359093
0.36375336
0.40084245
0.43324637
0.46016054
0.48045314
0.49312095
0.49442307
0.48295806
0.46382056
0.43795799
0.40642372
0.36987202
0.32995923
0.28875567
0.24714615
0.20705148
0.16999128
0.13727586
0.11033459
0.090165842
0.077302858
0.075995342
0.087694361
0.10674104
0.13270355
0.16448873
0.200974
0.24067176
0.28210201
0.32377011
0.36363899
0.40080515
0.43354388
0.46030615
0.4805554
0.49318854
-0.062960283
0.2791453
-0.29066773
-0.46516882
0.16112216
0.13293566
-0.3675223
0.39545122
-0.10145706
-0.5091527
0.32108514
0.09839636
-0.54912065
0.44740098
-0.0011845784
-0.5826356
0.44599483
0.063871152
-0.35446361
-0.31637328
-0.25118826
-0.26627731
-0.20071782
-0.20543212
-0.27037388
-0.19976291
-0.26345365
-0.18384635
-0.12146805
-0.097667887
-0.15897344
-0.066018016
-0.039712375
-0.14105228
-0.12567123
-0.028022404
0.028212618
0.069584767
-0.22019369
0.12014556
0.16314139
-0.1850504
-0.27916041
0.015086149
-0.33276509
0.20679711
0.1639839
0.24974136
0.20612108
-0.24085486
-0.33259746
-0.36348783
-0.41420075
-0.4351822
0.29120189
-0.47785111
0.24198351
0.19921292
-0.49098465
-0.52993967
-0.13661185
-0.079727534
-0.37907143
-0.074910592
-0.017742949
-0.024067447
0.032381878
0.045316157
-0.142391
0.023766383
0.12311693
0.1579324
-0.19529106
0.24743806
0.15532941
0.32748319
-0.023697232
-0.44249103
0.085220242
-0.32379497
0.3592277
-0.093975373
-0.45170994
0.019883144
-0.48954959
0.12170246
0.18400895
-0.43868403
0.08847527
0.19440144
0.097239608
0.40432787
0.029514013
0.26727204
0.30813154
0.14108881
-0.22536677
0.23783311
0.23898326
0.22454408
0.19759121
-0.17839375
-0.27616457
-0.33009639
-0.44949742
-0.55024669
-0.53156578
-0.56660861
-0.56098964
-0.53105709
-0.41350535
-0.51186903
0.12615766
0.080444655
-0.046606349
0.077864546
0.057867585
0.42320046
0.39202328
-0.16158825
-0.1857559
-0.33045757
-0.13598943
-0.24597638
-0.076710419
-0.0070362678
-0.0088404805
0.079580599
0.11323284
0.32160787
-0.085115086
0.28218984
0.28383071
-0.30656099
-0.040496458
0.3205349
-0.12372038
-0.06214095
-0.06626787
0.041719181
-0.38221616
0.058054356
0.36025094
0.46249239
0.037267304
-0.37688749
-0.38817688
0.012598819
0.0022947912
0.34560713
-0.015909714
-0.38530234
0.38022439
0.059435524
-0.57160521
0.36138923
-0.13466971
-0.23515004
-0.43322889
0.047221833
-0.28681796
-0.41782614
0.47846287
0.059809972
0.094977868
0.40791037
-0.48736147
0.12040707
-0.57708995
-0.47261108
-0.048880766
0.41748855
0.016841729
-0.57272081
0.035626278
-0.5010554
-0.58200357
-0.58235013
0.32346456
0.10487409
-0.13617316
-0.31752381
0.39507248
0.1985996
-0.20399997
0.01782226
0.36569656
-0.38294055
0.4590762
0.12972033
-0.43387643
0.074055289
0.47142302
-0.5167548
0.49537267
0.090043977
-0.48055396
-0.42499206
-0.37731991
-0.35660065
-0.30823499
-0.27719007
-0.22238767
-0.18798555
-0.14057001
-0.097290746
-0.051439792
-0.0047637011
0.035960987
0.085502314
0.11902328
0.072041298
0.17027801
0.14689483
0.10110051
0.16699045
0.12378644
0.21354686
-0.16954866
0.059814968
0.085616626
-0.047627632
0.13891583
0.22315799
0.22361715
0.26896832
0.13945737
0.10415347
0.02505438
0.19307854
0.27495414
0.29611271
0.34443263
0.3559385
0.24668263
0.39910542
-0.0096014001
0.14683266
0.1144318
-0.23373521
0.26846319
0.31276266
0.074937494
-0.04286182
0.2245133
0.25770822
-0.0016797627
0.093449965
0.39918617
0.39050693
0.4367462
-0.087143908
0.087265761
-0.40295608
0.26087662
-0.049235297
0.14748407
0.21644053
0.35681235
0.42963909
-0.066959222
-0.020339501
0.38730051
0.42263881
0.36161294
0.2327754
0.046777233
-0.076913227
-0.11675436
-0.16038514
-0.18613765
-0.23526959
-0.38041498
0.46661717
0.46592749
0.48019186
0.42636297
0.00083803022
0.05652217
-0.042371604
0.15936214
0.018569322
-0.080703676
0.20310229
0.27410608
0.10637458
0.11790511
0.15954251
-0.10427488
-0.29910898
-0.32199029
0.29094881
0.31867096
0.24908001
0.051068512
-0.45413561
0.32934929
-0.25236871
-0.29478774
0.43338102
0.053921847
0.1954999
0.028109105
0.29988501
0.17982613
0.045840065
-0.14323214
-0.18565064
-0.32518914
-0.0094882598
-0.46187966
0.029792829
0.24613126
0.18344024
0.095045613
0.30916151
-0.092574228
0.17583042
-0.14450675
0.49577991
0.082992976
-0.50837443
0.084829459
-0.12205151
0.31445756
0.43049612
-0.2394649
-0.025281519
0.34828941
0.15465664
-0.40233577
-0.23240882
0.4853693
0.35366006
0.17996287
0.11982626
0.14376285
0.50191724
0.081537998
-0.54161355
-0.20088804
-0.26238111
0.38235654
0.011321605
0.33123579
0.0055614122
0.20359687
0.06640241
0.44694874
0.22955707
0.09237785
-0.18446136
0.10182875
-0.343304
0.25898356
-0.26315511
0.089914724
-0.21970209
0.38712775
0.17892642
-0.44339864
-0.082161587
0.35873593
-0.52179254
0.11187769
0.45372657
-0.40878523
0.46626645
0.009487084
-0.52573529
0.065212903
0.49409068
-0.015438693
0.028817289
0.13166802
0.071957631
0.17110424
0.11261745
0.012298534
0.054718853
-0.044943624
-0.00032787525
0.094588032
0.041664546
-0.051076031
-0.0066219871
0.12955123
0.20648463
-0.095454918
-0.048317635
0.034749194
-0.0046630844
-0.14429563
0.071364421
0.034240007
-0.18307889
-0.23447474
-0.036992709
0.0043130878
-0.08964723
-0.26421151
-0.31534163
-0.28252605
-0.21035808
-0.36459246
-0.3255735
0.066474131
0.039333915
-0.40343782
-0.061073375
-0.36194016
-0.44774909
0.26170916
0.29026417
-0.076801357
0.23580097
0.31140865
0.36089861
0.3726855
0.32414971
0.11421426
0.14215654
0.18681987
0.4172169
-0.1090537
-0.1293032
-0.27937372
0.40332483
-0.2734185
0.20492006
0.25028488
0.1620871
0.23217729
0.092095446
-0.1763661
-0.14312744
-0.42969479
0.4498928
0.06581135
0.01893883
0.29339465
0.30245056
-0.30728535
-0.21883304
0.37207826
0.053322642
-0.19400525
0.21660286
-0.078982095
0.35106935
0.19000728
-0.33232934
-0.39044726
-0.39297591
-0.032025952
-0.48983249
-0.12006915
-0.32070869
0.14345014
0.42357824
0.42092155
0.42201865
0.4773773
0.45512419
-0.14582103
-0.54413566
-0.49842522
-0.51589209
-0.46508597
-0.39235063
0.28073393
0.22781821
0.086559829
-0.031402943
0.14934718
-0.09687242
0.34066803
0.25854423
0.079893854
0.10079129
-0.082712617
0.25922979
0.16031051
-0.017888294
-0.13132625
-0.19232544
0.13925388
-0.15753166
0.3057142
0.31258846
0.18129911
0.21745618
0.38342682
0.34748917
-0.23818264
-0.03042623
0.041644891
0.49322515
-0.55628189
0.20801557
-0.3852139
-0.27827114
-0.18427134
0.12452492
0.43820906
0.17582195
-0.12623936
-0.22401754
0.2773498
-0.46776103
0.10829867
-0.17419321
0.0094267114
0.47850637
-0.3389993
-0.33255748
-0.44312188
0.062364531
0.50167058
-0.56050277
0.32918
-0.23030519
0.0848801
-0.48186519
0.39702308
-0.2516453
-0.21371443
0.036603472
0.46889731
-0.45522499
-0.048191366
0.30612931
-0.21618154
-0.040527871
-0.34630895
0.15140101
0.18594752
0.40983303
-0.40460671
0.12413022
0.32715575
-0.4860741
0.044331737
-0.50329788
0.45612257
0.079880165
0.44830219
-0.55593164
-0.15226655
-0.17749389
-0.24239353
-0.19328161
-0.25829709
-0.19874876
-0.13529154
-0.13123216
-0.070834765
-0.058253708
-0.11875702
-0.038130291
0.017610017
0.044055019
-0.098037104
-0.2631219
0.09355499
0.12493414
0.07478813
0.15929599
0.066164799
0.10859049
0.19523392
0.13413467
0.10572065
0.23747943
0.2745969
-0.075671998
0.16348207
0.13330304
0.081712609
0.19564728
0.10884133
0.062853154
0.2312219
0.30984862
0.08938956
0.30685923
0.050459841
0.081168395
-0.32253984
-0.32593482
-0.11539328
-0.25619176
-0.31679908
-0.38508366
-0.37300319
-0.29629211
0.017501998
0.051081267
-0.044717854
-0.44060615
0.26845964
0.32803172
0.21505195
-0.43874769
0.014543971
-0.011072841
-0.11028578
0.08708015
-0.13590813
0.26165023
0.28706463
-0.016830833
0.12509986
-0.48704694
0.33870303
0.37395069
-0.19887632
-0.1773029
0.0098847803
-0.02889698
-0.34429623
0.40373308
0.32635371
0.019780789
0.36618828
-0.28344978
-0.28137301
0.26236965
0.22331737
0.18992875
0.43687084
0.15101785
-0.09291327
0.0072665574
0.2434981
-0.42526809
-0.42649509
-0.45881788
-0.53056217
-0.48871573
0.37722402
0.10288798
0.10501343
0.08863552
0.068455442
0.044748737
-0.34492925
-0.30754924
0.39741454
-0.13031888
-0.19357453
-0.0033271894
-0.38409683
-0.23999319
-0.011979882
0.14423712
0.20074449
-0.079778629
-0.072436932
0.34293091
0.16545892
0.044142045
0.21030909
0.23060679
-0.15975913
-0.36981404
-0.17930301
0.054134406
-0.42699477
-0.25668749
0.028198299
0.39679922
0.47244015
-0.54132545
0.088452174
-0.15849847
0.15141939
0.26337328
-0.025176527
0.1779872
-0.47744239
0.1181221
-0.076113039
0.24911213
-0.21915173
0.064897308
0.29223355
-0.062262138
0.42322557
-0.52606949
0.22935065
0.18345012
0.15536307
0.48104583
-0.56294162
0.081012244
-0.2742566
0.29083387
0.35744624
0.12670092
-0.37381386
-0.022664535
0.34411167
0.44420737
-0.51096599
0.1048352
-0.016878165
-0.19654195
0.31307837
0.19388001
-0.20446222
0.28142108
-0.026417568
0.42812264
-0.37903341
0.050716709
-0.38931492
0.42917694
0.12968647
0.48051245
-0.47724539
0.090034241
-0.50889691
0.49676067
0.10618531
0.11691096
0.14435225
0.119964
0.15037425
0.11423633
0.14782657
0.10044151
0.13664146
0.078671584
0.11683181
0.049468994
0.090721067
0.014917178
0.05900962
0.1372765
-0.024735709
0.1077975
0.18780893
0.15977439
0.23929156
0.072243932
0.18349688
0.25805124
0.30727113
0.014377303
-0.064965142
-0.11061394
0.12597041
0.032587301
0.28968257
0.35405682
0.31533156
-0.14359809
-0.19456953
-0.1567241
-0.2439159
-0.20190128
-0.22300467
-0.29052578
0.26734223
0.33578607
0.39556973
0.070333875
0.087033298
-0.012456486
0.40276748
0.31353291
0.1809081
0.14433312
0.35761852
-0.091508697
-0.24390615
-0.32912219
-0.37100819
0.26856842
0.44119859
0.09989868
-0.019650649
0.22015387
0.3735234
0.2324865
-0.15069256
-0.4016935
0.34336867
0.38321564
-0.18475756
-0.27637543
-0.10987676
0.20795382
0.43499263
0.35565007
0.29876609
0.25411717
0.26910385
0.22890867
0.15944394
-0.44054293
-0.40581937
-0.4546658
-0.43060858
0.10488553
-0.13477182
-0.13976031
-0.083699728
-0.20122672
-0.083160143
-0.02229656
0.47292074
0.44890816
0.36734322
-0.077644422
0.017633329
0.050360684
-0.32252429
-0.31549482
0.45727026
0.073354506
0.1763411
0.18992193
-0.25993063
0.23325404
-0.32893145
0.36058129
0.02140621
0.20817734
0.04547055
0.21245986
-0.28165408
-0.018954384
0.046270462
0.020670206
0.083175138
0.16074768
0.093493018
0.39774486
-0.068137859
0.26312222
0.48246513
-0.11196522
0.17570539
-0.030125447
0.33501316
-0.26868037
-0.51195581
0.49555674
0.46869778
0.083104352
0.22380907
-0.0620274
-0.3075151
0.39406833
0.013728756
-0.093772876
-0.15986141
0.075343385
-0.46929473
-0.10500791
0.30636114
0.42484438
0.40131515
0.2172964
-0.54199406
0.50151109
0.081410764
0.27070574
0.04683138
0.41136307
-0.36294929
-0.033700698
-0.038634323
0.2736103
0.45693273
-0.34691562
0.20012659
0.20383156
0.45715827
-0.13173377
0.099571726
0.30618332
-0.27127594
-0.4416106
0.18065319
0.27789004
-0.22296069
-0.088798447
0.424647
-0.40577733
0.11174862
0.42450914
-0.52313867
0.47737705
0.0063677437
-0.55387629
0.069702504
0.49472846
-0.33304559
-0.27613974
-0.21463665
-0.21007076
-0.15050948
-0.13672907
-0.19438342
-0.11294263
-0.1684028
-0.079996865
-0.028550871
0.010003098
-0.039835196
0.054389642
0.054611187
-0.080904782
0.0063755732
0.10214724
0.14427776
0.19280161
-0.092177317
0.22659366
0.27410009
-0.044429463
-0.1452478
0.1515272
-0.25105133
0.29861598
0.25150868
0.34359651
0.31916797
-0.094451704
-0.1962856
-0.24223663
-0.29333208
-0.33169263
0.38473654
-0.37639254
0.31310004
0.26669969
-0.40940433
-0.45060753
-0.093296154
-0.029096719
-0.33628699
-0.0089147898
0.036196553
0.016345167
0.073692993
0.09836079
0.0080257957
0.053339359
0.20439596
0.22014989
-0.039848702
0.3602711
0.28493034
0.41885296
0.0041511076
-0.35846981
0.15859382
-0.22270986
0.43046403
0.062135595
-0.33309513
0.039757425
-0.42995185
0.17715244
0.22689715
-0.37408621
0.12751081
0.32438064
0.24090028
0.46590013
0.18475506
0.31700244
0.35940485
0.17850038
-0.20787801
0.26292536
0.36421114
0.27168664
0.22053363
-0.015706039
-0.1196239
-0.18179555
-0.036789298
-0.32421088
0.14333671
0.10727
-0.39133578
-0.48019682
-0.14655032
-0.15354674
0.46939616
0.45334962
-0.47554601
-0.44260333
-0.50598758
-0.51517438
-0.47524868
0.087373337
0.076855164
-0.26938067
-0.05890387
-0.13348815
-0.041139215
0.060250023
0.097464636
0.17903997
0.056040687
0.39519777
0.24021931
0.39399654
0.35582679
-0.18809578
0.19923762
0.34857854
-0.096564581
0.018649155
0.1071482
-0.044197313
0.13215177
-0.27826431
0.38931685
0.042894823
0.49372854
-0.52867554
-0.24053802
-0.30293338
0.092248171
0.1541821
0.39757158
0.00082422863
-0.32054825
0.12321525
-0.54908321
0.44713999
0.43108956
0.02629733
-0.077280288
-0.38928489
0.059250865
-0.13781315
-0.28583274
0.062284165
0.50153421
-0.5596381
0.14377998
0.45680924
-0.37659854
0.14802845
-0.42835999
0.10970143
0.47900864
0.029137868
0.19233933
-0.40128915
-0.222368
-0.16109173
0.30076879
0.18678303
0.14755907
-0.34368198
-0.03918823
0.40832661
-0.42749588
0.043254955
0.3273728
-0.46139082
0.12320696
-0.53013199
0.45622954
0.089383603
0.4501356
-0.54220621
0.26085967
0.26038218
0.29734721
0.24574623
0.27977613
0.21703506
0.18600899
0.14752964
0.12072829
0.07384112
0.098609328
0.017660336
-0.0011032518
-0.062874753
0.040691957
0.24824631
-0.074644441
-0.1392799
-0.12852633
-0.20701424
-0.014441317
-0.19545673
-0.27441059
-0.079677126
-0.021677069
-0.20894849
0.15660207
-0.26187628
-0.17475981
-0.33947933
-0.3426615
-0.077954637
-0.021904851
0.028875346
0.025359816
0.070084124
-0.40463373
0.061577861
-0.23975051
-0.14580201
0.099779735
0.083283774
0.3126204
0.2784174
0.2240024
0.20372329
0.23119968
0.30689611
0.25703182
0.17453687
-0.1395756
0.33496429
-0.082338777
-0.047259495
-0.12810162
-0.39780416
-0.33432818
-0.45297817
0.37047309
0.11604444
0.012418863
0.097574675
-0.45499311
-0.19043835
0.025363468
0.39577135
0.13845765
0.049156966
-0.0074445767
0.15728565
0.1937469
-0.37799789
-0.31433318
-0.50646963
-0.27891328
-0.20904537
-0.29920547
0.1064877
0.3394887
-0.057646426
-0.40959871
-0.10978814
0.046231469
-0.15199762
-0.093346461
-0.058356975
0.43586559
0.0090428918
0.24359034
0.28115769
0.22262132
0.15103464
0.37594379
0.33314283
-0.50652132
-0.48597044
0.067395095
0.06280237
0.082746919
0.1016311
0.11745272
0.39649023
0.36394511
0.21202905
0.17528401
0.053288017
0.34392908
0.15125134
-0.044882364
-0.10979312
-0.14301793
-0.39538666
-0.27630447
-0.43585324
-0.32344671
0.037950931
-0.26823169
-0.25950396
0.36658482
0.12393053
-0.20313902
0.39550561
-0.019373803
0.080866861
-0.35112173
0.4685246
-0.55332273
0.07984062
-0.018364826
0.13200597
0.067558433
-0.25130977
-0.37803461
0.41990779
0.18185653
0.097786113
0.10453325
-0.48651114
-0.44356229
-0.17674152
-0.11599445
0.1919308
0.42243302
-0.072190095
-0.0059259574
0.48087824
-0.56381159
0.080765609
0.1279187
-0.49090153
0.035229889
0.19983599
0.16668176
-0.22797368
-0.52362257
0.43666361
-0.28044837
0.05560205
-0.35897894
-0.1911863
0.2372646
0.35727531
-0.1627133
-0.4683685
0.13590767
-0.45251057
0.12712187
0.31948103
-0.54725577
-0.045782048
0.4254837
0.079008544
-0.55315811
0.46205313
-0.58276017
0.038694232
0.27849374
0.22273181
0.18192809
0.15728042
0.1185506
0.083981281
0.12347989
0.041729934
0.082146965
-0.0066646899
-0.042914535
-0.096664234
-0.058739185
-0.15245569
-0.12658823
0.048935079
-0.11288072
-0.20857028
-0.24184111
-0.2977871
-0.014104863
-0.32338235
-0.37744588
-0.066203326
0.035531017
-0.34841615
-0.42526293
0.16543891
-0.015280476
0.087373852
0.1337326
-0.11732965
0.18603392
0.22507862
-0.44392995
-0.487431
0.27116871
-0.39231284
0.30518614
0.34831047
0.084205101
0.019714914
0.26535866
-0.023966893
-0.04706411
-0.0020844435
-0.061799271
-0.11174678
-0.26466426
-0.33707873
-0.2759311
-0.014188957
-0.30729487
-0.34540974
-0.068571961
0.035001446
0.25683947
-0.33819483
-0.27483198
-0.39724586
-0.21544312
-0.49256875
-0.25849482
0.12539888
0.23056263
0.023636198
-0.52985584
-0.51830334
-0.2161178
-0.26114378
0.33114738
0.28061506
-0.12127617
-0.56105677
-0.27971557
-0.38449719
-0.42600542
-0.18675951
0.19674683
-0.074920957
0.031146115
0.083117777
-0.51205698
0.23765314
0.32002882
0.38526805
-0.51233981
-0.10004558
-0.070784848
0.099552775
0.00099043913
-0.013305773
-0.36963766
0.38976067
0.34648752
0.41147913
0.41610171
0.37395959
0.15992996
0.14382253
-0.57135727
0.19869033
0.0056753672
0.035386469
0.056353327
-0.094462942
-0.18390603
-0.39303743
-0.26100736
-0.32412522
-0.20533925
-0.46373342
-0.16593096
0.082627655
-0.48794544
-0.2159378
-0.29072025
0.11110218
-0.072978283
-0.41724331
0.083049144
-0.22669369
0.17418578
-0.49207572
-0.57697198
0.062339339
0.44404852
-0.14744797
0.13605448
-0.12933382
0.20710884
-0.44866109
0.061963192
-0.43992127
0.2364649
-0.16796422
-0.16014497
0.45294705
-0.52644383
0.30548647
-0.54027021
0.026736436
-0.026314125
0.030594186
0.18887097
-0.58260581
0.061628219
0.47744245
-0.15962112
-0.2079423
-0.55284885
0.28101103
-0.12654255
0.33659186
-0.27498763
-0.56786734
0.052090628
0.30004851
