FiniteElementSpace
FiniteElementCollection: H1_2D_P1
VDim: 1
Ordering: 0

-0.13496369
0.051996443
-0.13529337
0.05239626
0.16707485
0.16689089
-0.12220622
-0.096673121
-0.064242251
-0.033140311
-0.009626173
0.0022381469
-0.00028706241
-0.015420263
-0.039635168
-0.065564669
-0.088928043
-0.097563849
-0.090751804
-0.064029135
-0.014871551
0.13109704
0.21343279
0.29109396
0.35420654
0.39501028
0.4079857
0.391744
0.34775291
0.27977755
0.19889816
0.11078374
0.02624165
-0.045096961
-0.097286033
-0.12730956
-0.12304912
-0.096931911
-0.064288461
-0.033041899
-0.0097751759
0.0018394469
-0.00032685293
-0.015328176
-0.039171149
-0.065751564
-0.087782614
-0.09849654
-0.0914832
-0.063549043
-0.01522197
0.13095142
0.21356305
0.29143359
0.35492507
0.39584784
0.40765511
0.39144815
0.34713865
0.2801492
0.19826474
0.11020648
0.026162404
-0.044838279
-0.096987939
-0.12690527
-0.14843728
-0.34241067
-0.50204907
-0.60639666
-0.64065831
-0.59986128
-0.49046548
-0.32845757
-0.13751736
0.05463923
0.22023954
0.33824893
0.39147867
0.37429289
0.29553415
0.010594407
-0.14498854
-0.27530283
-0.35813752
-0.38005059
-0.33729966
-0.23566126
-0.091176039
0.072937405
0.23042463
0.35514861
0.42485159
0.42803318
0.36053358
0.22999167
-0.14750059
-0.34115113
-0.50136507
-0.60660698
-0.64217215
-0.60064903
-0.48991585
-0.32851224
-0.13795325
0.054318259
0.22077143
0.33827143
0.39181589
0.37526009
0.29529823
0.010709767
-0.14511856
-0.27515489
-0.35800196
-0.38035168
-0.33749451
-0.23530475
-0.09124298
0.073132873
0.23045928
0.35472684
0.42566896
0.42804019
0.35992744
0.22936506
-0.10499013
-0.068680031
-0.025434982
0.023910909
0.077854625
0.13374643
0.18818819
0.23755434
0.27793454
0.3062047
0.32022958
0.31878251
0.2998492
0.2667106
0.22098444
0.10565759
0.044763813
-0.013958446
-0.066995236
-0.11190554
-0.14779559
-0.17378165
-0.19130394
-0.20143183
-0.20420336
-0.20317476
-0.19717377
-0.18802562
-0.1752317
-0.1571857
-0.1050851
-0.069157542
-0.025832421
0.023773398
0.077973581
0.13366555
0.18796902
0.23789808
0.27848874
0.30690415
0.32073127
0.31825586
0.29983731
0.26688807
0.22105456
0.10570388
0.044732184
-0.013607043
-0.066680925
-0.11173336
-0.14748158
-0.17394328
-0.19074282
-0.20111609
-0.20449044
-0.20359549
-0.19722325
-0.18737734
-0.17523834
-0.15703764
0.36130902
-0.32905676
-0.16368493
0.36000904
-0.29367051
0.15841183
0.53810908
-0.26705011
-0.43352084
0.4931318
-0.044810949
-0.21222072
0.52542124
-0.21238673
-0.29246017
0.3550787
-0.14528125
-0.072909582
0.018531337
-0.059919429
-0.24982073
-0.15562761
-0.34217543
-0.25878533
-0.040532914
-0.15461346
0.08181485
-0.042927545
-0.26661138
-0.16573545
0.064476272
-0.06783174
-0.35909481
-0.42909996
0.15521844
0.016520693
-0.18561975
-0.10742164
0.29400108
-0.27660405
-0.20381907
0.36130405
0.4879694
0.078573023
0.19180717
-0.33060262
-0.3992599
-0.26467482
-0.14161434
0.51546097
0.61359253
0.58313641
0.67388966
0.63687445
-0.20660695
0.68588654
-0.40144281
-0.45555333
0.6457604
0.6561489
-0.46907943
-0.52751776
0.14721579
-0.49777702
-0.55883282
-0.54145295
-0.5324496
-0.55619039
0.39120653
-0.46783954
-0.46322116
-0.49903667
0.5019549
-0.093153653
0.002410696
-0.1593806
-0.48677929
0.54901832
-0.51546673
0.31214619
-0.23550085
0.38058115
0.67728026
-0.38152334
0.552534
-0.52455959
-0.45377587
0.43503517
-0.49135238
0.036292196
0.14833658
-0.1996212
0.26474675
-0.40357594
-0.36342061
-0.45442579
-0.31316376
-0.33227787
0.040025871
-0.4366654
-0.32471011
0.45358173
0.51145328
0.60284471
0.5283784
0.43277073
0.59364331
0.5212164
0.57280508
0.6033526
0.20168616
0.49909475
-0.25964732
-0.40536204
-0.39068726
-0.14460378
-0.32634858
-0.24150258
-0.10722994
-0.40691108
-0.39406943
0.062559469
-0.3570102
0.19545941
-0.51835428
-0.53837243
-0.27219579
-0.35363218
-0.044832419
-0.28685888
0.21857622
-0.34326722
-0.059081246
0.41551299
0.25009003
-0.31363809
-0.47029561
-0.4369826
-0.47247509
-0.42752514
0.50739559
0.12004064
-0.29199328
-0.18253279
-0.15310542
0.65886196
0.39432477
-0.49097171
0.25845974
-0.32003394
-0.40166451
0.26260381
-0.276634
-0.54791817
0.47544479
-0.12748688
0.44444413
0.53666908
0.32734104
-0.23524427
0.59463593
0.62935925
-0.15343674
0.0024035745
-0.52601353
-0.2373863
0.61398328
-0.38625423
0.47150398
0.44795524
0.34731708
-0.15897368
-0.30144936
0.34063737
0.25958636
0.66237992
0.21862776
0.36042271
-0.031122409
0.055906245
-0.11696123
-0.51472399
-0.077339255
0.040321664
-0.073171469
0.34588614
0.034141163
-0.15658743
-0.12163637
0.12377453
-0.51679974
0.39931553
-0.056372101
-0.26537957
-0.13610512
0.21404689
-0.41024205
-0.41363167
-0.45808601
-0.34779768
-0.35479013
-0.22838418
-0.16359312
-0.069145628
0.016365321
0.093374343
0.19657198
0.24166205
0.34174083
0.3523878
0.43320792
0.42797866
0.40848832
0.48784268
0.48752564
0.50694247
0.51298988
0.47417972
-0.066223022
0.45906073
0.49454485
0.14139185
0.33202272
0.35523656
0.44918616
0.39208414
0.49817746
0.49084592
0.40810477
0.28567132
0.2808456
0.32432578
0.23152762
0.24422901
0.21373552
0.14447225
0.32908819
0.44425598
0.44910527
-0.12649184
0.32538053
0.25263591
0.46710434
0.24060399
0.38347026
0.21748635
0.34310129
0.23693475
0.1294716
0.12869521
0.049893153
0.12510845
0.44105842
-0.32384172
0.41687781
0.22981372
0.36183412
0.28796022
0.22831
0.035186999
0.14129518
0.27115795
0.088834714
0.0044993101
0.034485217
0.11798219
0.42238097
0.060603184
0.0058672935
-0.09521453
-0.2226848
-0.30703211
-0.56057516
-0.028856931
-0.045761042
-0.13003115
-0.0056201181
0.023726952
0.1027683
0.048668262
0.13979512
0.13788259
0.062786946
0.069391132
-0.017390152
0.17140397
0.27907666
0.079456573
-0.0227972
-0.12066696
-0.17442918
0.062026882
0.12206393
0.1252042
0.40493851
-0.1747697
0.18534316
-0.42680605
-0.40030044
0.04386793
0.45669044
0.45864935
0.39127571
0.15349557
0.48507021
0.25901375
0.0061969018
-0.054797678
-0.23840057
0.29973384
-0.29720427
0.40618431
0.40218904
0.42525854
0.32864466
0.33765363
0.12299055
0.21833102
-0.024733677
-0.1041284
0.32396205
-0.16925713
0.4017404
0.041592437
0.31509565
-0.11215337
-0.10250513
0.22230773
0.18305136
0.21212502
-0.23584075
-0.2326931
-0.091919457
-0.097653734
0.34053236
0.37898582
0.24535921
-0.13634401
0.235153
-0.11995775
-0.32925249
-0.14034082
0.079166005
0.34859788
0.12243566
0.17404848
0.19085089
0.42523197
-0.041099237
-0.047744879
0.16922311
-0.13265765
0.37521332
-0.47279771
0.22487892
-0.1872188
-0.059466879
-0.077625699
0.081779965
0.26376342
0.22200522
-0.30759201
-0.062235951
0.33654906
0.23450636
-0.022163081
-0.036816808
-0.091279541
-0.13901337
0.075923032
0.11373145
-0.095033781
-0.069002049
-0.10241031
-0.10025604
-0.13166992
-0.12808976
-0.14873519
-0.14806331
-0.15832572
-0.15136799
-0.15992561
-0.1498455
-0.14973489
-0.15836075
-0.15116486
-0.11952425
-0.13692905
-0.15928817
-0.15886179
-0.12025488
-0.13273989
-0.13851981
-0.064963303
-0.080180914
-0.13513831
-0.087069551
-0.15763173
-0.1084662
-0.13089098
-0.078078914
-0.0083959082
-0.037096408
-0.14248436
0.054507371
0.0023312652
-0.0059615349
-0.033298529
0.090248623
-0.19558046
0.019857977
0.11218198
-0.11865401
-0.11759793
-0.098503573
-0.12260837
-0.091396424
-0.095568926
-0.059243296
-0.043413641
-0.061855299
0.013435298
0.0042272151
-0.07530909
-0.20732253
-0.25280932
-0.087056931
-0.095937245
-0.047180837
0.089090005
0.065982236
0.10001833
-0.012543656
0.081060115
-0.21985515
-0.12249206
0.15232694
-0.087525917
0.054668259
-0.074580401
0.039342336
0.11328432
-0.039026648
-0.078442365
-0.0038375782
0.039413402
-0.25594712
0.1754879
-0.25044598
0.061911586
-0.054243396
-0.042981536
0.096611518
0.1042476
-0.24390709
0.31104279
-0.075801497
-0.0600017
0.25907779
0.025683887
-0.024933136
-0.075897977
-0.062343135
-0.062701915
-0.3230188
0.30436318
0.22433679
0.1723743
0.05757714
0.0091689778
-0.054366006
-0.096191956
0.191767
-0.12548849
-0.14684624
-0.14637445
-0.10683299
-0.085982035
-0.11724951
0.0090888738
-0.17694912
0.14912777
-0.067341003
-0.14982495
-0.16788569
-0.10537576
0.18540051
-0.18776065
0.18247874
-0.092495587
-0.12261757
0.2520571
-0.09187624
0.13402842
-0.069889152
-0.19747064
-0.01604271
-0.10552743
0.22132911
-0.077319908
0.08988065
-0.12294907
-0.097038887
0.097296834
-0.093343179
0.18783463
-0.10870629
-0.16536278
-0.030018635
-0.018028848
0.16817817
-0.086365444
-0.11196316
-0.087058566
-0.0095353839
0.0012439966
0.19873134
0.10043315
-0.1148735
0.12236428
0.0061211806
-0.1960503
0.14056969
0.24647125
0.02836638
-0.068967737
-0.27754832
-0.023220412
-0.095219006
0.16725756
0.23013993
0.21447851
-0.50048713
0.064823714
0.24215742
0.13171643
0.33468519
0.06090087
-0.67077116
0.35543001
0.0087752764
0.12084532
0.34259819
-0.42838388
-0.030788758
0.36598128
-0.072984477
-0.016616181
-0.32361631
-0.47007934
-0.61644895
-0.56244059
-0.66344934
-0.58972609
-0.47190855
-0.48339878
-0.35450827
-0.35609165
-0.43912181
-0.31229542
-0.22114568
-0.18514122
-0.34894606
-0.63740961
-0.092519478
-0.070376005
-0.12666701
-0.035313332
-0.092999295
-0.058265768
0.0020970039
0.024690759
0.05008845
0.030565938
0.037801286
-0.30513254
0.14244659
0.17942703
0.091924472
0.11304811
0.22841587
0.14796085
0.031197791
0.035535589
0.27468289
0.067864236
0.21384556
0.33574411
-0.68838686
-0.60530577
-0.27949822
-0.54384215
-0.46011041
-0.49621763
-0.30871252
-0.27878799
-0.13944621
-0.039348519
-0.10268924
-0.32214083
0.082125938
0.11466994
0.2010613
-0.50324825
0.050154243
0.022686335
-0.018378314
0.046719447
-0.17384916
0.0445733
0.14130362
-0.18987356
0.31655348
-0.32432405
0.021621234
0.02300268
-0.063380113
0.10603147
0.1401387
-0.038764318
-0.10211758
-0.015481329
0.16265283
0.12336857
0.078264395
0.059543923
-0.62928437
0.26633015
0.30545087
0.30511646
0.012131194
0.35191364
-0.12312134
0.21676044
0.069943658
0.18727263
-0.070367393
-0.57761716
0.056054791
-0.12587424
0.11677036
0.34815133
0.36580686
0.37301131
0.3665449
0.28352141
-0.68809934
-0.69715704
-0.04328464
-0.40269062
-0.55018744
-0.22493836
-0.63248024
-0.40431026
-0.2348486
0.0055039423
0.020680493
0.12230997
-0.23138286
0.048536695
0.01536973
-0.066894394
0.076840746
0.093791991
0.25969451
-0.69950911
-0.4550788
0.18671259
-0.62358444
0.26068698
-0.013554773
0.038513999
-0.072557214
-0.22363624
0.32727715
-0.32436092
0.27933684
0.2247403
-0.1259632
0.053430451
-0.47943462
0.10675848
-0.22650424
0.16578296
-0.23736841
0.38211794
0.038608867
-0.086511693
-0.002055521
-0.15651372
0.26939373
0.23887325
0.33682741
-0.10602085
-0.055970307
0.28853632
-0.12382697
0.18872372
0.00055688075
0.35727914
0.073796741
0.065371146
0.16864503
-0.039735895
-0.33486386
0.33733806
0.021821328
-0.30091514
-0.012582384
0.049383014
-0.073279406
0.061946913
0.22038074
-0.10449693
-0.56144056
0.40464255
-0.15752826
-0.010037763
0.1299684
-0.1243016
-0.41787542
0.21540116
-0.16052706
-0.10678697
0.17441327
0.29608178
0.26816573
0.39793579
0.38389101
0.46725606
0.46686036
0.49804365
0.50819587
0.48704349
0.50722911
0.43720632
0.46706312
0.35894429
0.39639292
0.4690667
0.26101539
0.40352367
0.44154127
0.3796047
0.38521932
0.31599926
0.45282644
0.41320246
0.33245842
0.38427684
0.19072376
0.081442445
0.29606662
0.21901825
0.30640723
0.23791087
0.32484803
-0.0094431428
-0.11396594
-0.014481957
-0.18724304
-0.086677253
-0.22660031
-0.22295029
0.40550159
0.21704376
0.1423283
0.47021648
0.20208901
0.12102063
0.13435708
0.27721937
0.2489348
0.15728002
0.19267182
0.11685416
-0.12789109
-0.3392358
-0.31961305
0.35139434
0.036313657
0.39130477
0.20424357
0.46435939
0.13202013
0.18578623
-0.0094123273
-0.42999149
0.10492093
0.039336483
-0.055555107
-0.13388193
-0.0048451556
0.1107528
-0.0036284353
-0.066367841
0.18922857
0.28198135
0.11538999
0.21746776
0.089184965
-0.35825551
-0.25056214
-0.17500748
-0.52008603
0.05456023
-0.12372887
-0.081363365
0.085668744
-0.24025504
0.12054419
0.29394051
-0.059100933
-0.00063188946
0.031599831
0.057304536
0.34505365
0.42526362
-0.53657674
-0.43954135
-0.11966817
0.39708308
0.23773415
0.34360772
-0.44478218
0.039833032
-0.21672038
0.2324587
0.30401823
0.47185765
0.10790714
0.32711584
-0.31263782
0.30457078
0.44686924
0.39114328
0.45445703
0.50326176
0.34504576
0.10173169
0.15646081
0.25599366
-0.069365055
0.06155466
0.49856996
0.24538356
0.1046951
-0.39411899
-0.27877099
-0.13495345
-0.04963418
0.32226889
0.41499029
0.10836336
-0.12398823
-0.095101361
0.35850353
0.038789869
-0.082395413
0.4206851
-0.25408317
-0.029160076
0.18060484
0.06552128
0.056106175
0.34841368
-0.11821366
-0.13662152
0.22951225
-0.054117482
0.43182706
-0.0078332209
-0.4621547
0.061774696
0.25563578
0.12541361
-0.049329575
-0.18420423
0.044309077
0.18596811
-0.0053619887
-0.020898181
-0.059200258
0.18069313
-0.17116622
0.21845959
0.26536217
-0.057986798
-0.077548592
-0.31597161
0.025197619
-0.038099515
0.2330631
-0.077707311
0.33699145
-0.064149529
-0.15143052
0.224056
0.14202812
-0.10742836
-0.04066663
-0.12390593
-0.21388073
-0.17306936
-0.2192506
-0.18605796
-0.14883883
-0.16668572
-0.13964682
-0.15913329
-0.15323764
-0.14975204
-0.15887437
-0.15113725
-0.11593276
-0.18945469
-0.16015775
-0.15216713
-0.12440949
-0.12911494
-0.14651083
-0.086669022
-0.098598851
-0.1494841
-0.12041271
-0.14782715
-0.088860665
-0.046218023
-0.023228765
-0.067557439
-0.10528433
-0.12733195
-0.091149078
-0.06731982
-0.033395411
0.0092542354
-0.083716175
0.039065689
0.02292188
0.054492593
0.10548436
0.12145025
-0.2247373
-0.15449314
-0.011519662
-0.13172299
-0.065340894
-0.084106679
0.025988645
0.027261904
-0.14350953
0.013431602
-0.0034651413
0.079155298
-0.12082703
-0.10394908
-0.11931479
-0.092530891
-0.11010566
0.047828917
0.008627899
-0.094906973
-0.067842924
-0.12556263
-0.018726077
-0.010387786
0.16178313
0.094010708
0.16569427
0.072516616
0.12423617
-0.098617721
-0.10844079
-0.084318886
-0.080355829
0.099742257
0.057574522
0.18015625
-0.2703647
0.22190905
-0.065764466
0.13678202
0.24985691
-0.067218137
-0.075849676
-0.085171745
-0.25503318
-0.065984001
0.25878829
0.15077454
0.098571999
0.28137393
-0.32148556
-0.26528504
-0.092702154
-0.022391555
0.010283336
0.048167797
0.13200631
0.23841869
0.21731538
0.19594905
0.11239739
-0.097140823
-0.16551274
-0.14114174
-0.18707915
-0.059325834
-0.1185992
-0.073515408
-0.15694086
-0.042600354
-0.12848285
-0.093707655
-0.011886015
-0.10717414
-0.13462984
0.13211244
-0.26926892
-0.11973192
-0.14461893
-0.22316403
-0.064020926
-0.041283862
0.077553952
-0.0049099991
-0.094805436
0.071395141
-0.069417897
-0.023250081
-0.059211093
-0.12105454
0.013609959
-0.13521169
-0.015857626
0.01773323
0.33601396
-0.094461661
-0.025470591
-0.098875668
-0.095320493
0.096370636
0.074242472
-0.10414942
-0.058267219
0.098593024
-0.11530692
0.11701203
0.098024541
-0.05580821
-0.014633368
0.2065699
0.17374721
-0.1004978
-0.097832009
-0.050322933
-0.036336978
0.038392464
-0.51675036
0.25584892
0.22053782
0.33296675
0.1345665
-0.69305065
0.070056179
0.065301853
0.1910702
0.34002923
0.0091542498
-0.57085119
0.35525634
0.047379088
-0.02857626
0.33631647
-0.082174695
-0.21811504
0.26680963
0.22146621
0.17703626
0.15068144
0.11725987
0.067321139
0.089004966
-0.015945477
-0.00403111
-0.12653893
-0.10632994
-0.22439793
-0.25350062
-0.35266107
-0.16554007
0.054538178
-0.38413648
-0.47652265
-0.39635929
-0.50645015
-0.243133
-0.37489542
-0.46614007
-0.36476358
-0.19060786
-0.58296305
0.12099495
-0.28849253
-0.21011846
-0.35866307
-0.53831786
-0.29701527
-0.10220429
-0.0064392204
0.087261906
0.16075234
-0.41262751
0.23508994
-0.091451507
-0.038234215
0.28557852
0.33709631
0.087429737
0.046863242
0.2646829
0.0036117237
0.02292301
0.039501635
0.038708463
0.025238233
-0.46950106
0.026209792
-0.1333302
0.0055473649
-0.38325235
-0.58376808
-0.65862903
-0.44667795
0.031202226
0.2246555
-0.065736964
0.02760419
-0.24584767
-0.54547888
0.17686801
-0.0011107499
0.32166252
0.036465289
0.11968484
0.26950794
0.061516357
-0.68773681
-0.70187918
-0.22550572
-0.65415035
0.096755936
0.064863032
0.10434563
0.16952614
0.23248812
-0.66741096
0.11445872
0.18918351
-0.31936838
-0.12452324
-0.07095786
0.015716514
0.23942206
0.068894535
0.044135582
0.30532769
0.35457715
0.1170836
0.13242605
-0.41396337
0.122499
0.38129163
0.34362141
0.37512224
0.36933244
0.35469988
-0.043037801
0.00075394543
0.18820434
-0.011983711
-0.1187005
0.059580732
-0.021313569
-0.27883669
-0.27513897
-0.5025042
-0.20635267
-0.59643804
-0.59828176
-0.15311538
-0.078375466
-0.65981539
0.25948537
0.089383661
-0.068971994
-0.59493108
0.047159672
-0.17671576
0.085321202
0.23590654
-0.069275107
-0.036555865
0.35890783
0.0033180195
0.16236782
-0.090225882
-0.65062645
0.016954888
0.0058859718
0.22378586
-0.011653984
0.33479861
-0.44486406
-0.02968592
-0.45946842
-0.27039773
0.30222318
-0.038654566
-0.19973825
0.12581363
-0.10514095
-0.044055084
0.28972334
0.049733331
-0.068642265
0.27289916
0.085539327
0.32732031
-0.58668727
-0.27646789
-0.026811791
-0.60594977
0.28311168
0.03197746
0.46414383
-0.33145803
-0.29304699
-0.40436986
0.36908338
0.15577849
0.54043426
-0.25933269
-0.042527926
0.52492092
-0.3920503
-0.24000782
-0.14553276
0.43111703
-0.18450554
0.41463543
-0.13741675
-0.32917583
-0.4329805
-0.44808071
-0.50097625
-0.52424236
-0.52343647
-0.47439202
-0.44043379
-0.37154989
-0.28646225
-0.36322086
-0.16743836
-0.084441928
0.060480348
-0.25272039
-0.55379985
0.13563446
0.28734314
0.20654999
0.4238123
-0.014335367
0.33641218
0.52931808
0.1863084
0.036800801
0.58578378
0.65355154
-0.41355784
0.20865493
0.06340474
-0.093628177
0.35400023
-0.060033752
-0.19263592
0.59195647
0.67053935
-0.15077924
0.66855103
-0.25010072
-0.19453312
-0.52576544
-0.5602949
-0.40255518
-0.53416873
-0.54733593
-0.53946863
-0.53315901
-0.49297675
0.10360512
0.22407778
-0.01020217
-0.48791996
0.59795989
0.63423396
0.3455109
-0.4535402
-0.30211388
0.099160881
-0.12327924
0.31539925
-0.2243019
0.6033775
0.56865014
-0.30092135
-0.038267634
-0.37688394
0.64074773
0.6605589
-0.30234633
-0.22276478
-0.31356477
-0.36235562
-0.48569762
0.57872648
0.55813761
0.17063508
0.65332761
-0.39378028
-0.32349001
0.36944268
0.26729382
0.19165817
0.49362318
0.04456797
-0.3123547
-0.28454853
0.47858463
-0.4335995
-0.48522373
-0.20663981
-0.28681548
-0.40572155
0.54345684
-0.10873362
-0.12247471
-0.17258385
-0.22236156
-0.26569109
-0.29788935
-0.44528766
0.49515251
-0.460907
-0.49646589
-0.21050348
-0.50122321
-0.47372381
-0.030608403
0.4352268
0.47594239
-0.032677527
-0.12858645
0.68863708
0.33657921
-0.14376536
0.5001534
0.48865534
-0.16390173
-0.42013798
-0.4264406
0.21416146
-0.37710961
-0.31046799
-0.23994038
0.63224646
0.3340373
-0.092306498
-0.146273
-0.32896038
0.076119826
0.43910288
-0.35257954
0.48924292
-0.31352091
0.35830949
-0.41407255
0.468933
-0.38872105
-0.20818909
0.5757308
-0.36520974
0.56970376
-0.27174367
0.32545999
0.21518337
0.062248101
0.24163316
0.0090610907
-0.15360224
-0.42790999
0.51401022
0.57986721
-0.044623418
-0.45802996
-0.33101778
0.47996744
0.47874838
-0.24457394
-0.11786122
