FiniteElementSpace
FiniteElementCollection: H1_2D_P1
VDim: 1
Ordering: 0

-0.0037277762
0.035043354
-0.0037814404
0.035110413
-0.031365564
-0.031370131
-0.037284929
-0.068937085
-0.097216156
-0.12124538
-0.1400431
-0.1527012
-0.15929244
-0.15882619
-0.15133013
-0.13807389
-0.11824056
-0.094019663
-0.065154308
-0.032986185
0.00054843295
0.068835272
0.10037727
0.12864777
0.15267888
0.1714173
0.18417364
0.19047772
0.19001701
0.18287173
0.16923047
0.149798
0.1252129
0.096451617
0.064586539
0.030536038
-0.037595906
-0.069073983
-0.097232849
-0.12120193
-0.1400478
-0.15296733
-0.15896625
-0.15869949
-0.15153085
-0.13793776
-0.11844524
-0.093800956
-0.064979936
-0.033097141
0.00071794412
0.068586273
0.10038326
0.12867281
0.15263737
0.17132036
0.18404219
0.190419
0.19000456
0.18287962
0.16929282
0.1498283
0.12520214
0.096322955
0.06442019
0.030655741
0.10518502
0.17119484
0.2305493
0.28122328
0.32122277
0.34894006
0.36334574
0.36385252
0.35044253
0.32363394
0.28448025
0.23440576
0.17531433
0.10970676
0.039948429
-0.10127642
-0.16738858
-0.22692948
-0.27759369
-0.31757387
-0.3453773
-0.35976177
-0.36020202
-0.34677657
-0.31989976
-0.28053267
-0.2307458
-0.17173382
-0.1060046
-0.036154461
0.10508583
0.17104734
0.2305026
0.28132851
0.32155962
0.34915751
0.36328311
0.36396417
0.35048316
0.32358254
0.28435746
0.23434609
0.17537967
0.10974954
0.03995901
-0.10140855
-0.16730616
-0.22684806
-0.27758008
-0.31771082
-0.34543015
-0.35962487
-0.36021777
-0.34670886
-0.31988746
-0.28083175
-0.2304685
-0.17141854
-0.10585759
-0.036246015
0.068615628
0.1377546
0.20080248
0.25542257
0.29962121
0.33170105
0.35030399
0.35472897
0.34490266
0.32114359
0.28437851
0.23595739
0.17773902
0.11212478
0.041618356
-0.10366952
-0.17277831
-0.23593901
-0.29058442
-0.33475631
-0.36691443
-0.38527879
-0.38987875
-0.38013163
-0.35599761
-0.3193754
-0.2709142
-0.21280512
-0.1472497
-0.076520231
0.068728432
0.13755736
0.20064179
0.25541522
0.29978466
0.3317328
0.35026042
0.35476883
0.34488883
0.32105264
0.28423383
0.23590155
0.17780851
0.11217789
0.041575944
-0.10369604
-0.17269661
-0.23581381
-0.29050433
-0.33472684
-0.36670259
-0.38535585
-0.38955349
-0.38006291
-0.35626793
-0.3195861
-0.27092597
-0.21276937
-0.14739945
-0.076578729
0.096440639
-0.40273671
-0.38596683
-0.30819583
-0.38611185
0.068787737
0.095095485
-0.29154435
-0.34082039
0.062229704
0.029582385
-0.31011772
-0.19103593
-0.16566867
-0.25171025
-0.014482178
-0.016239425
-0.19210349
-0.37307219
-0.39629631
-0.40879877
-0.41597413
-0.42730822
-0.43136301
-0.4063804
-0.41842591
-0.38020185
-0.38904683
-0.42572778
-0.39324991
-0.34415666
-0.34574117
-0.42749433
-0.44113203
-0.28522057
-0.28520783
-0.34404169
-0.28249186
-0.2825998
-0.33946128
-0.27727457
-0.21386858
-0.21111397
-0.21448892
-0.36748382
-0.33156245
-0.38241049
-0.26956846
-0.20551044
-0.13669824
-0.13625052
-0.20767586
-0.13244888
-0.20373128
-0.19891497
-0.13148631
-0.37118749
-0.40968143
-0.19922326
-0.11606091
-0.42344384
-0.43538697
-0.3693296
-0.44965772
-0.44207119
-0.4142404
-0.41936032
-0.44307261
-0.13609475
-0.37658398
-0.41976525
-0.43408438
-0.057821256
-0.12667373
-0.13169852
-0.1242994
-0.37134697
-0.2653174
-0.44266562
-0.32979123
-0.19396642
-0.058962045
-0.059709214
-0.32404338
-0.25633248
-0.44319363
-0.43086083
-0.30883829
-0.42047527
-0.042165785
-0.045129708
-0.12711036
0.037550471
-0.39485938
-0.35717211
-0.42544156
-0.38493996
-0.41201209
0.04805198
-0.42021927
-0.40705605
0.10508487
0.10259727
0.019680574
0.081633475
0.043287455
-0.027769919
-0.040981218
-0.12800848
-0.19621056
-0.3461468
-0.25537303
-0.35325455
-0.37791121
-0.30016756
-0.25486709
-0.32423016
-0.23377791
0.010516246
-0.36929304
-0.40656438
-0.38996901
-0.44171732
-0.33898291
-0.40403075
-0.45245505
-0.39288134
-0.38926269
-0.21113009
-0.260972
-0.21512782
-0.32062241
-0.04573377
-0.27735083
-0.13887847
-0.37900763
-0.38940441
-0.44659621
-0.35935477
-0.42552754
-0.26959638
-0.13608953
-0.34140655
-0.09370276
-0.19904392
-0.058224102
-0.31947617
-0.44648478
-0.058229572
-0.30815956
-0.31659994
-0.35432638
-0.25212548
-0.44993527
-0.12614346
-0.053619639
0.020383755
0.027681191
-0.33216903
-0.26471094
-0.057973247
0.012303699
-0.032533117
-0.13071639
-0.43873084
-0.19306548
0.00054788758
-0.39476042
-0.073965984
-0.29388821
0.0052743492
-0.05695085
-0.27330536
0.033853726
0.11766579
-0.070136582
0.0065673104
-0.057977384
-0.36134412
-0.16426815
0.27879252
0.26320174
-0.32938031
-0.31809101
-0.1084579
0.18908119
-0.16150939
-0.044351879
-0.24397546
-0.21680656
0.20624283
0.069331702
-0.13129864
0.10244003
-0.13054699
-0.083836751
0.15609432
0.13178509
0.17104449
0.098412985
0.14125015
0.05898066
0.079782488
0.012272838
0.025736323
-0.035822404
-0.031581165
-0.085475877
-0.08834627
-0.13466189
-0.14352701
-0.09497741
-0.18118197
-0.1558356
-0.10405018
-0.1702333
-0.11656988
-0.21261358
0.09047472
-0.042160982
-0.053743845
-0.087227454
-0.16924676
-0.20574173
-0.23138909
-0.26260833
-0.13264949
-0.068972676
0.026960794
-0.1904964
-0.21610104
-0.23666447
-0.23591574
-0.26144053
-0.19705442
-0.24887665
0.03267114
-0.15033126
-0.086114463
-0.006430764
-0.28493818
-0.3050389
0.0015257953
0.11028444
-0.25086431
-0.30812138
0.10021886
-0.15689288
-0.27880053
-0.2187503
-0.2213147
0.11201018
-0.010652251
0.071749922
-0.24166946
0.034020331
-0.16973695
-0.26889582
-0.28708166
-0.18734565
0.19292569
0.1753171
-0.30898304
-0.28964347
-0.33691926
-0.31983345
0.09390243
0.26808149
0.19244555
0.17311222
0.24680803
0.21459559
0.24714426
-0.17930386
-0.22068316
-0.19219232
-0.14904627
-0.15185788
-0.15650467
-0.13313666
-0.17463525
-0.13860054
-0.099941878
-0.17011033
-0.36169213
-0.1526274
-0.13630097
-0.27171458
-0.13290885
-0.078322173
-0.02902479
-0.16904964
-0.18988214
-0.1824034
0.13622252
-0.0057944898
-0.21151602
0.2913044
0.19909746
-0.25654877
0.015554406
-0.19575605
-0.035050841
-0.32965367
-0.18748149
-0.12763545
-0.046068177
-0.060553324
0.025061862
-0.031155901
0.069613026
0.08906899
-0.22313597
-0.20464527
-0.050917907
-0.25834441
0.031319385
-0.24889113
-0.10199484
-0.11225852
0.011706291
0.03423717
0.0053049531
0.096229852
-0.28124304
-0.29116256
-0.068905003
0.23742315
-0.3114215
-0.17726902
0.01226384
0.1431884
-0.16883446
-0.35768726
-0.22105008
-0.10988654
-0.19760965
-0.074116626
-0.029977058
0.056925375
0.31418139
-0.030036768
-0.18765203
0.15461401
-0.3316536
-0.12208631
-0.28268281
0.065417667
-0.26018617
-0.35563965
-0.16151463
0.14472481
-0.060577493
0.20495664
0.28331004
-0.33178789
-0.1533365
-0.14831195
0.26224829
0.23493977
-0.29308484
-0.24614698
-0.10081315
-0.20633663
0.14045747
0.17951206
-0.11389436
-0.041502191
-0.14265989
-0.07398136
0.0016372059
0.067676022
-0.15813322
-0.15282931
-0.13601682
-0.1361661
-0.10775741
-0.10863346
-0.14207338
-0.11553167
-0.15361328
-0.12820406
-0.079179946
-0.093306526
-0.14649552
-0.11314806
-0.034990861
-0.069299512
-0.16965255
-0.13780749
-0.071235885
-0.097867848
-0.19191801
-0.022267927
-0.051160707
-0.21748635
-0.22770359
-0.12945538
-0.085048884
-0.16826025
-0.25395128
-0.25132558
-0.22642463
-0.24460962
-0.23777209
-0.21378847
-0.00024443229
-0.035810181
-0.21374543
-0.1648897
-0.19087955
-0.18036742
-0.07381765
-0.025488209
-0.16266102
-0.022340818
0.030353469
0.020844105
0.084395578
0.090256086
0.00045024252
0.056782943
0.074241002
0.067478543
-0.19988624
-0.23882921
-0.28014437
0.0037985075
-0.19291699
0.13637759
0.14743798
0.1157373
0.083467955
0.053488476
-0.25797666
-0.1834984
-0.23869002
0.041428761
0.014246219
-0.076835637
0.15056144
0.21759698
-0.17119303
-0.17702194
0.15007911
-0.017288182
-0.29461105
0.20132032
-0.20749353
0.20481357
-0.14161702
-0.33325345
-0.31962949
-0.29182678
-0.1984575
-0.25261198
-0.15609723
-0.1412836
0.19375936
0.22445873
0.14842493
-0.072463509
0.12820328
0.10587231
-0.29225834
-0.15227786
-0.18589043
-0.1348204
-0.12904469
-0.15686502
-0.12405967
-0.11277788
0.078334617
-0.15788547
-0.071259749
-0.17009036
-0.036184365
0.029795336
-0.050199339
0.030429078
-0.16701898
0.21431338
0.016247726
-0.12338616
-0.19640506
-0.20350746
0.1445446
-0.22552556
0.290665
-0.084990928
-0.025948201
0.26489005
-0.052509128
0.28212537
-0.20424999
-0.16213892
-0.087398371
0.0001568214
-0.093175561
0.025114218
-0.26429756
-0.30604019
-0.18565312
0.087885936
-0.017567376
0.17728636
-0.17138551
-0.2709779
0.087534656
-0.083744924
0.10472906
-0.16490457
-0.11351146
0.06344028
-0.30845967
-0.27872872
-0.263616
-0.035222288
0.016503615
-0.036731054
0.13995554
-0.29648595
0.06302995
-0.22503991
0.20215424
-0.16166223
-0.33084233
-0.072231996
0.0078916241
-0.20894328
0.27277123
0.4140727
0.42687606
0.37177625
0.25784849
0.2425025
0.36805254
0.32794347
0.35354619
0.27251434
0.18871756
0.21897995
0.26886958
0.24636486
0.21251172
0.15368972
0.13464382
0.15123446
0.4230813
0.48222043
0.47724191
0.52720556
0.51151484
0.55620466
0.56569103
0.58821141
0.59090481
0.60632083
0.59202843
0.60272368
0.60981845
0.59873479
0.5773294
0.52921997
0.59849798
0.58006586
0.56897312
0.54363854
0.59802449
0.5216423
0.49059814
0.57968797
0.56776754
0.50584392
0.4477165
0.55751931
0.54416173
0.52222267
0.53792261
0.54884731
0.48093868
0.49133712
0.42369803
0.37668977
0.42844745
0.45674224
0.43048416
0.35392951
0.47931765
0.48575386
0.47015594
0.5297057
0.47558076
0.42727116
0.40738535
0.4494814
0.5399733
0.48264545
0.4943626
0.35377089
0.50421745
0.44786276
0.51059541
0.37136192
0.490064
0.42819664
0.43388652
0.41135693
0.49317184
0.34917776
0.48634515
0.57557291
0.41710394
0.29966221
0.30161923
0.32617561
0.42683131
0.36027157
0.41991091
0.47583153
0.3758641
0.23620925
0.4332381
0.34940325
0.39685687
0.35185374
0.41690407
0.41278381
0.39786468
0.43715111
0.2722717
0.32279177
0.40233636
0.34480534
0.21776519
0.24247426
0.31615476
0.30353643
0.18644204
0.27244232
0.37114151
0.21198306
0.30586227
0.23792435
0.27058691
0.3544544
0.39145347
0.45627432
0.15571367
0.5258206
0.56760246
0.60185764
0.4311791
0.51299886
0.58033906
0.45973916
0.5480044
0.36016571
0.54453669
0.39586962
0.57316398
0.57876742
0.3020837
0.53536888
0.27517464
0.41983628
0.56051348
0.26077208
0.371143
0.27140725
0.54167597
0.33747275
0.14158161
0.18295371
0.14293349
0.53594503
0.46413436
0.46697408
0.53356516
0.38476546
0.3105815
0.33007679
0.51065824
0.50850288
0.4785573
0.19862506
0.26751474
0.44367353
0.26894763
0.22579517
0.45519035
0.4962359
0.39767789
0.075696235
0.11374704
0.072583768
0.41700779
0.46244361
0.23048894
0.34618717
0.30687634
0.41248048
0.38167115
0.20058501
0.25521111
0.37300409
-0.14845546
0.29830035
-0.36045402
-0.31220833
-0.1061455
-0.16914196
0.23668799
-0.29447754
0.24848825
0.1371451
-0.041471577
-0.14688635
-0.21443162
-0.19430145
0.15776824
-0.082699325
0.030320415
-0.10567569
-0.15083039
-0.12807245
-0.1913779
-0.10612371
-0.16912477
-0.085450483
-0.14825342
-0.067227694
-0.12948811
-0.052291555
-0.11293336
-0.040999193
-0.1008201
-0.03430714
-0.092724502
-0.15127331
-0.032162331
-0.14069579
-0.19049906
-0.17664454
-0.21628979
-0.13283803
-0.19808942
-0.23526801
-0.24989719
0.02659104
0.032628714
0.027657021
-0.16561906
-0.12840966
-0.22764089
-0.2496085
-0.27303348
0.095312662
0.083590449
0.016328628
0.064023193
-0.0012435913
0.15746262
0.038077297
-0.25485117
-0.22453615
-0.23507453
0.0021744585
-0.15752399
-0.12686546
-0.26423369
-0.29760606
-0.18486908
-0.17321255
-0.30242708
0.10208995
-0.023797285
0.10882411
0.072032518
-0.27742239
-0.23765202
-0.051736981
-0.086706717
-0.22330551
-0.20895814
-0.19018574
-0.057058517
0.14294713
-0.33216152
-0.32266993
-0.076644863
-0.051497074
-0.11861734
-0.17685493
-0.27484278
-0.35406881
-0.3219821
-0.29137509
-0.33391601
-0.29439248
-0.26851168
0.099229459
0.023109037
-0.0050562923
0.2082856
-0.16440818
0.2896082
0.2255523
0.2090216
0.22656926
0.14827533
0.10948866
-0.12859227
-0.17452962
-0.16029995
0.26961804
0.18974379
0.090948081
0.27673928
0.20485316
-0.24821671
0.073867803
-0.24400306
-0.23171751
0.29328781
-0.33793338
0.0061337752
-0.27590975
-0.087825698
-0.20625017
-0.15312209
-0.19904943
0.13730614
0.027929361
0.016002534
0.088673098
-0.0058738315
-0.16510104
-0.038635315
-0.29363384
-0.034488057
-0.20750501
-0.16612727
-0.042030943
-0.18033622
0.17884736
-0.18638092
0.23403915
0.10173221
-0.13213148
-0.20892561
0.0098703297
-0.24178692
-0.090694742
-0.07653267
-0.33053177
0.14407964
-0.10133478
0.15661827
0.04073374
0.050511474
-0.13575189
-0.20337896
-0.2091846
-0.18190652
-0.25416844
0.056123459
-0.078241277
-0.0334608
-0.36718334
0.067394666
-0.30463438
0.18086564
-0.13262276
0.081259486
-0.1847497
-0.24233868
-0.025093222
-0.16549723
-0.2841544
-0.20053463
0.17144736
-0.15263396
0.28870805
-0.33226011
-0.29420401
0.23795407
-0.12318747
-0.14779945
-0.2540388
0.22491717
-0.11500248
0.13903138
-0.069657222
-0.20428852
0.12534478
-0.14960496
-0.10006517
0.015998969
-0.0063562889
-0.33200473
-0.30335943
-0.29004602
-0.26181718
-0.23615854
-0.20872628
-0.23432189
-0.18314828
-0.20884639
-0.16046448
-0.12381179
-0.10480705
-0.1419324
-0.090775564
-0.059500312
-0.1718769
-0.12805135
-0.082551851
-0.035537143
-0.033312228
-0.16843075
0.022051084
0.017376589
-0.15460136
-0.1833085
-0.080299562
-0.24771059
0.080048968
0.083373316
0.06783249
0.0046646289
-0.16912013
-0.18624226
-0.2044976
-0.19505359
-0.21739381
0.047116567
-0.19597422
0.14707212
0.14819323
-0.22177826
-0.18253744
-0.19915509
-0.12512197
-0.30396421
-0.099937074
-0.044685962
-0.070760559
0.016629211
0.03712165
-0.14551792
-0.011258233
0.077561588
0.13905008
-0.1596085
-0.01570703
-0.050800531
0.01883669
-0.099297675
-0.24308547
0.062779098
-0.22269929
0.08583056
-0.1410234
-0.17545547
-0.043978179
-0.25066152
0.12201104
0.20219544
-0.26827169
0.10325091
-0.072082566
-0.098162099
0.060585841
-0.13271908
0.21602977
0.20618516
0.17430796
-0.31830957
0.28397996
-0.096269752
0.21389392
0.26533982
-0.15810294
-0.15608903
-0.16471785
-0.20548319
-0.13272581
0.19303503
0.095876954
-0.31946884
-0.25394158
-0.29228384
-0.26398714
-0.04073519
0.17965828
-0.093318121
-0.1432099
-0.12655452
-0.16915012
-0.2162031
0.081703287
0.042313879
-0.27509451
-0.14625725
-0.18652124
-0.15312161
-0.025707167
-0.04459636
0.018742532
-0.1195953
0.11356872
-0.038309781
-0.042417899
0.13396755
-0.20142208
-0.084395894
0.28141467
-0.22771836
-0.078461887
-0.11628417
-0.18072387
0.0070657356
-0.22594591
0.25896272
-0.077676785
0.065953348
-0.067082433
-0.1775089
-0.24946113
-0.0084263883
-0.11905149
0.18389993
-0.12637341
-0.27566425
0.048340691
-0.15455376
-0.010777573
0.15424498
-0.15348695
-0.16216669
-0.29283406
-0.0056727904
-0.17164514
-0.16005488
-0.036143625
0.018658894
-0.035717859
0.10246969
0.12072001
-0.14930086
0.16515075
-0.27452068
-0.14006119
0.013812513
-0.083384065
-0.14686556
-0.17105919
0.42748604
0.27746773
0.41502176
0.36933467
0.24133336
0.39654653
0.370471
0.32944709
0.2397419
0.27176192
0.19021657
0.3023227
0.26966696
0.18878943
0.21485304
0.15442005
0.11569619
0.17336085
0.41487445
0.47213071
0.46350024
0.51604128
0.49676418
0.54484489
0.55753727
0.58062391
0.58606377
0.60274919
0.58577875
0.60113706
0.61035701
0.60174223
0.57350741
0.51438677
0.6030894
0.58780331
0.57498103
0.55468024
0.60009259
0.53117466
0.50531597
0.58509533
0.57071796
0.56005527
0.55215964
0.47172408
0.49036286
0.44118859
0.46763758
0.54969709
0.52535458
0.53901535
0.48231025
0.49123793
0.39997428
0.42876756
0.42207024
0.43386386
0.42993709
0.35395211
0.46080647
0.46731516
0.46335321
0.51574938
0.4582184
0.40521195
0.38665006
0.4340911
0.55632775
0.32810799
0.49657268
0.43401996
0.51712606
0.41938951
0.47727353
0.35229258
0.34541669
0.48837014
0.49057049
0.57294971
0.32784077
0.5180052
0.41822779
0.26954082
0.41841223
0.42172491
0.35750691
0.4726743
0.35801237
0.42191445
0.4683596
0.26449674
0.44694332
0.35817964
0.34367074
0.34042538
0.40109093
0.27397051
0.35333004
0.36400544
0.263736
0.42051031
0.40268221
0.4408843
0.275399
0.3231484
0.21866654
0.28921055
0.39732937
0.34410492
0.37154047
0.43864416
0.23956032
0.21847314
0.21087472
0.30568254
0.23781054
0.27101331
0.35420458
0.15371285
0.24279875
0.5179144
0.5569494
0.60045158
0.40883752
0.50069297
0.58139287
0.54399747
0.58139624
0.36988492
0.52175111
0.36469895
0.40158958
0.5789406
0.52044173
0.27138336
0.39826937
0.55162343
0.54714536
0.34567674
0.54390898
0.54063204
0.25898511
0.14837237
0.16036947
0.14218715
0.46682167
0.53036001
0.52946529
0.50289937
0.3228696
0.28153835
0.50536394
0.46921293
0.20007219
0.29766938
0.29273104
0.4763303
0.46279466
0.43949276
0.19316268
0.50117793
0.39934993
0.076833793
0.1099003
0.072571149
0.4018387
0.25825568
0.34647171
0.28739348
0.41009332
0.47905132
0.2295348
0.22347876
0.39747168
0.37328692
-0.37150538
0.10234249
-0.41182294
-0.34433941
-0.36823742
-0.30552332
0.076358997
0.073641604
-0.35391506
0.031271446
-0.19436875
-0.30115936
-0.23090969
-0.25714289
0.039160146
-0.099762389
-0.050045795
-0.19013563
-0.40285546
-0.42160102
-0.4299074
-0.43579933
-0.44279642
-0.44486525
-0.42418987
-0.42932234
-0.39536454
-0.39681488
-0.42926117
-0.39338819
-0.34844377
-0.34229222
-0.42389019
-0.45030232
-0.28585114
-0.27788027
-0.33292415
-0.26744911
-0.29118793
-0.32071303
-0.25512238
-0.21874991
-0.22391579
-0.19212756
-0.18037788
-0.38936759
-0.14568607
-0.15295701
-0.22790556
-0.13974978
-0.156292
-0.23061488
-0.24130921
-0.16868818
-0.16123745
-0.10935037
-0.23170417
-0.15072391
-0.43459459
-0.44036844
-0.39857385
-0.45208819
-0.44057406
-0.4153733
-0.41438717
-0.4352232
-0.37480937
-0.36025361
-0.40189351
-0.3744251
-0.12012128
-0.026342061
-0.064899343
-0.37461802
-0.29456231
-0.38477068
-0.41336501
-0.34264986
-0.42817906
-0.2297548
-0.044271825
-0.34898784
-0.086169933
-0.32424501
-0.15974782
-0.093144534
-0.42591126
-0.40845931
-0.29069946
-0.33972451
-0.40946549
-0.089388694
0.044925504
-0.36624092
-0.016505708
-0.40824614
-0.40657316
0.10097513
0.091170346
0.0040564813
0.059675991
0.05575778
-0.37951003
-0.29293976
-0.25534194
-0.34019201
-0.36944867
-0.30920413
-0.24959964
-0.31988514
0.093261135
0.0046028564
-0.061429699
-0.083322685
-0.16569117
-0.23034635
-0.38661459
-0.42331668
-0.12517404
-0.41394346
-0.44829496
-0.35100208
-0.41107231
-0.44821491
-0.38563937
-0.30580736
-0.20288611
-0.39426958
-0.41445024
-0.099749568
-0.21257361
-0.2935678
-0.27426846
-0.13188327
-0.3855145
-0.40193266
-0.44612445
-0.34426879
-0.36778914
-0.38424716
-0.29279241
-0.018794036
0.024107879
-0.20090271
-0.019957286
-0.4390544
-0.07807856
0.018741353
-0.34495385
-0.29061382
-0.32131303
-0.32554714
-0.38171775
-0.059553022
-0.43908608
-0.17714429
-0.21541157
-0.36470952
-0.02141847
-0.2633016
0.022646942
-0.069871184
-0.010901835
0.0082660664
-0.13085011
-0.03320106
-0.42653119
0.017669101
-0.15584921
-0.028747982
-0.38029639
-0.32835754
0.12925937
-0.019943193
-0.27559204
-0.10129488
