FiniteElementSpace
FiniteElementCollection: H1_2D_P1
VDim: 1
Ordering: 0

0.10140018
0.055408563
0.10170151
0.055060424
0.095125691
0.095233662
0.17834548
0.244979
0.2974333
0.33549754
0.35894267
0.36822751
0.36644429
0.35566669
0.3359287
0.31090511
0.28210164
0.24737376
0.20727809
0.16258001
0.11214578
-0.007863202
-0.074723705
-0.14269913
-0.20886384
-0.26892725
-0.31823613
-0.35273076
-0.36913186
-0.36466121
-0.33901626
-0.2945569
-0.23198278
-0.15604779
-0.071608298
0.01672621
0.17888009
0.24489102
0.29741923
0.33551401
0.35936755
0.36836506
0.36635283
0.3554661
0.33631789
0.3114907
0.28170009
0.24690137
0.20755171
0.16279677
0.11182933
-0.0077994819
-0.074931772
-0.14286504
-0.20886185
-0.2688481
-0.31793519
-0.35232908
-0.36927944
-0.36514305
-0.3398371
-0.29461315
-0.23174978
-0.15548046
-0.071290749
0.015875099
-0.014930635
-0.074581094
-0.11109599
-0.11444814
-0.080647948
-0.011594512
0.084330435
0.19417263
0.30228343
0.39209653
0.44956803
0.4631662
0.42876979
0.3504101
0.23413996
-0.051040584
-0.18604624
-0.29249978
-0.35877227
-0.37893762
-0.35283126
-0.28644529
-0.19176973
-0.08397557
0.020156682
0.10491354
0.16206442
0.1822693
0.16572016
0.11960714
-0.015217861
-0.074848982
-0.11135883
-0.11479725
-0.079799739
-0.011142151
0.082924373
0.19470921
0.30196434
0.391558
0.44851261
0.46292298
0.42954223
0.35084595
0.2344543
-0.051891474
-0.18519338
-0.29241283
-0.35928656
-0.38009553
-0.35314366
-0.28661728
-0.19194875
-0.084241011
0.020297932
0.10675555
0.16135966
0.18115986
0.16539749
0.12007753
0.1457194
0.17384798
0.18333944
0.17416594
0.14987605
0.11563913
0.076911592
0.040591985
0.012118161
-0.0043164137
-0.0066680274
0.0048564327
0.024920395
0.050777161
0.076581642
0.10165641
0.093098371
0.069057209
0.032006326
-0.01534865
-0.067382197
-0.11531085
-0.15466644
-0.1773249
-0.18182389
-0.16461604
-0.12872359
-0.077489096
-0.017285286
0.043920082
0.14588149
0.17396743
0.18297011
0.17404467
0.15067122
0.11657692
0.076433758
0.040862681
0.01207467
-0.0044823081
-0.0067068696
0.0039869527
0.024890338
0.050925448
0.075995569
0.10154443
0.093886227
0.069531888
0.031790467
-0.015740081
-0.067018079
-0.11575911
-0.15444325
-0.17776373
-0.18124591
-0.16402071
-0.12941407
-0.078426585
-0.016900267
0.044039516
-0.24623195
-0.035341472
-0.07660642
0.15376269
0.051390183
-0.22327269
-0.17129524
-0.08115046
-0.22202239
-0.068756464
-0.14991795
0.075820207
0.20235207
-0.046400769
-0.15097787
0.076129003
-0.03763686
0.037888361
0.010881007
0.12799422
0.060551882
0.25048156
0.19226371
0.35910926
0.3986645
0.47605852
0.48610092
0.52925891
0.51351845
0.53127988
0.51379133
0.48581462
0.50457429
0.30110605
0.43393904
0.38625039
0.42179723
0.31256324
0.45123114
0.32906454
0.22187303
0.33846858
0.34996066
0.24928857
0.41163824
0.21719277
0.29734519
0.12475765
0.10426971
0.21413646
0.22796063
0.34046991
0.22295355
0.31425012
0.034425615
0.213259
0.16675538
0.22404487
0.27732575
0.18258585
0.13195283
0.23487927
0.18611038
0.3699263
0.29172986
0.17004395
0.21102186
0.29360574
0.1844522
0.11351566
0.3521537
0.26161272
0.054055876
-0.0072604467
0.04183631
-0.038765726
0.042800988
0.34597019
0.3731424
0.46022391
-0.015554413
0.02496593
0.10652155
0.023682993
0.27854957
0.26999969
0.14927507
0.31282519
0.20107052
-0.089374147
-0.061691543
-0.050347094
-0.17046031
0.079635133
0.036610858
0.16336466
-0.15012589
-0.0037788199
-0.18968107
0.12168669
0.029389253
-0.23798714
-0.21013598
-0.054079301
-0.12204776
-0.021388595
0.068161814
0.093270072
0.18218228
0.23782749
0.087929648
0.2132897
0.073593676
0.13113036
-0.2030441
0.06351218
0.074332899
-0.068645137
-0.098734111
-0.20361048
-0.0021091047
0.29593503
0.43489969
0.50364127
0.077399802
0.38630746
0.48951039
0.40852831
0.17953503
0.039304324
0.30388287
0.10369748
-0.09642135
0.43794609
0.1487517
-0.063580418
-0.051635334
0.46349766
-0.073556234
0.44949434
0.39913254
0.096983548
-0.080043369
-0.024040191
-0.057094078
0.09520161
0.39466748
0.44153417
-0.009636133
3.5262342e-06
-0.069247601
0.32086946
-0.029407188
0.35036158
0.1732176
-0.083853398
-0.10611108
-0.092676158
0.22305546
0.019436079
0.077783708
-0.019805484
0.017835423
0.014314286
0.25365604
-0.044201818
0.015830573
0.12527895
0.13307945
0.23951124
-0.10158312
-0.059806677
-0.051945788
0.0093658155
-0.2833087
0.12489428
0.067720283
0.12632583
-0.30553691
0.26486036
0.12895021
-0.075851508
-0.27283072
-0.13956336
0.22935718
0.34658876
0.24295081
0.1735238
-0.12900288
0.029809233
-0.088558481
0.30986872
0.17869322
0.0028800835
0.042268323
0.15955043
-0.051501032
-0.043218142
-0.086794773
-0.056396172
-0.11565418
-0.093302362
-0.16733792
-0.14972677
-0.23326069
-0.21852352
-0.31353808
-0.29249392
-0.39217178
-0.3611808
-0.45755413
-0.44656682
-0.41373283
-0.50314131
-0.44861024
-0.49365208
-0.40186798
-0.52960332
-0.20957024
-0.33949301
-0.26305825
-0.16058424
-0.2821701
-0.32234223
-0.50364847
-0.51951045
-0.31744277
-0.16291015
-0.1882369
-0.1705485
-0.19962717
-0.3418794
-0.21402512
-0.33752284
-0.027849258
-0.20928952
-0.26101906
-0.21332683
-0.059899848
-0.04496435
-0.47350624
-0.46999126
0.01100307
-0.10301705
-0.42808924
-0.37617276
-0.012755155
-0.12134183
-0.3089253
-0.065129028
-0.075718355
-0.17087115
0.11330823
0.0057723785
-0.5087068
-0.2951048
-0.11560262
-0.32270342
-0.41310296
0.07004743
0.07564822
0.16649559
-0.35837725
-0.26497696
-0.3571641
-0.25995707
0.21221332
0.23976359
-0.027683709
-0.11425842
-0.011046742
-0.092664733
-0.09644647
0.045590131
-0.086128248
-0.045030315
0.21537026
0.2582055
0.138817
0.13959879
0.12620683
0.0070770646
-0.0071559996
0.26353411
-0.25982015
0.10167929
0.065447112
-0.049731926
0.24707588
0.20426612
0.10799554
0.25547527
0.11116467
0.15098698
0.35248242
0.13254685
-0.050379343
-0.010563142
-0.11050053
-0.19733017
-0.093532953
-0.49907911
-0.37811137
-0.40146299
-0.43505429
-0.23203257
-0.097080752
0.029604525
0.0079692398
-0.36907549
0.035193979
0.088929777
-0.44126848
-0.34117008
0.17892176
-0.43994929
-0.28498885
-0.14644525
0.13426934
0.13358987
0.25101812
0.084051289
0.20665873
-0.21782191
-0.48405327
-0.20187672
0.13169671
0.31595789
-0.43232662
-0.027885745
0.089039588
-0.15479914
0.019208463
-0.26857825
-0.23830215
0.012349831
-0.037324618
0.10517039
0.18340354
0.048865785
0.082632316
0.0498093
0.10582836
0.22727776
-0.40500797
-0.10949649
-0.22244193
0.24720885
-0.18060852
-0.1657486
0.023850887
-0.16107624
0.1203529
-0.10069044
-0.084202103
-0.40184319
0.41364473
0.32753711
0.14449878
-0.17207638
-0.015267198
-0.51634049
0.41716744
0.15290746
-0.17533618
0.24800822
0.25354453
0.3395093
-0.33664801
0.18529984
-0.14471653
0.24177174
0.39002398
0.39766145
0.42501063
0.35765144
0.38928651
0.27416425
0.23382163
0.11062977
0.070182585
-0.080895439
-0.027192097
-0.23126467
-0.2749649
-0.42325057
-0.15845935
0.31350199
-0.44667549
-0.57928954
-0.53084553
-0.65870461
-0.2800624
-0.58048774
-0.67183926
-0.42089923
-0.24519749
-0.72386248
-0.69969128
0.19940339
-0.35035966
-0.17685476
-0.070674756
-0.50989902
-0.013786213
0.080904484
-0.61511146
-0.60562187
0.11129056
-0.72057206
0.19012974
0.19065657
0.41137182
0.34376855
0.36545093
0.21082194
0.25270726
0.35765801
0.27699265
0.15810275
-0.43542873
-0.45725498
-0.3088827
0.34966559
-0.7086316
-0.66567273
-0.41130856
0.40365151
0.18449741
-0.30844857
-0.17020828
-0.41625245
-0.14282182
-0.49815179
-0.63023631
0.048189158
0.044413945
0.36640582
-0.46369505
-0.54946942
-0.030439233
-0.040690289
0.26650688
0.27220915
0.18800302
-0.3604166
-0.55403054
-0.24576709
-0.64720004
0.091120629
0.42847245
-0.26906789
-0.1405527
-0.13909225
-0.44441555
0.090496769
0.35986942
0.29467472
-0.18306447
0.20666211
0.2699749
0.38639223
0.25882411
0.31747944
-0.5224941
0.18117992
0.16687083
0.19935793
0.22830834
0.24893583
0.43024861
0.44254762
-0.1499443
0.32293709
0.15972049
-0.10889127
0.41840414
0.10499487
-0.35677903
-0.56459916
-0.67787044
-0.15182103
-0.25836282
-0.66412589
-0.57131747
-0.10554332
-0.34416497
-0.63538184
-0.0056260248
0.4456174
0.036634817
-0.13846375
0.43009727
0.070774396
0.054044814
-0.57478336
-0.18782323
0.2794673
0.17302474
-0.07138364
-0.093233663
-0.43173661
0.1786791
-0.48012435
0.39361025
-0.31302706
0.29085605
-0.54522453
0.017409601
0.2148185
-0.33896153
0.33498003
-0.45021654
0.31325218
-0.28658747
-0.25892087
0.0036816089
-0.043031899
0.19928256
0.13626358
0.092686427
-0.52247488
-0.30505081
0.11027085
0.19010445
0.30865172
-0.42757899
-0.30480047
0.34839521
0.13072056
-0.45364087
0.11068896
0.18735275
0.50625006
-0.38758968
-0.3771281
0.14542063
0.10283757
-0.12057344
0.19581545
-0.2187772
-0.26321151
0.52079756
-0.14849851
0.088603059
0.34563641
-0.014406435
-0.10997432
0.3176636
0.28325848
0.13520934
0.20241257
0.042214936
0.083544465
0.25413411
0.11463427
0.28460561
0.13222853
-0.042258845
-0.029659032
0.13750024
-0.019499928
-0.19488258
-0.078681398
0.13192413
-0.010037709
-0.16129287
-0.13113463
0.27925237
-0.27256322
-0.22033877
0.24817308
0.37292104
-0.08923263
-0.15269992
0.40714085
0.30917946
0.40432038
0.47837721
0.2068267
0.4768335
0.55253007
-0.27038443
-0.18302661
0.51867115
-0.03582903
0.58715095
0.5125463
-0.098606877
-0.20998183
0.41908864
-0.20963344
-0.32017872
-0.29281672
-0.37410852
-0.40993652
-0.30796475
-0.39485066
-0.42495869
-0.31551962
0.025949654
0.059685171
0.23565558
-0.25233146
0.58179268
-0.47593126
-0.4928395
-0.43303481
-0.43301488
-0.28595479
0.1019556
0.42383947
0.41335218
-0.24839562
-0.18599039
-0.086152357
-0.48633571
-0.49887914
0.59835417
0.56339927
-0.42955319
-0.083176152
0.10738285
-0.47634015
0.033406813
-0.46849235
0.060152887
0.11489271
0.12702476
0.24915851
0.10001448
0.16917401
0.4277022
0.56247572
-0.30693347
-0.33039703
-0.36363251
-0.15435333
-0.1861718
-0.27553137
0.10919915
0.21765156
0.3706004
0.37687323
0.49190269
0.57674034
-0.046880188
-0.0038297217
-0.11874755
0.3588464
-0.058413363
0.29135107
-0.20056209
-0.32919077
-0.18156499
-0.34127338
0.0042439125
-0.50097945
-0.32685729
-0.071798221
0.12022462
0.41295154
-0.35449473
0.10755146
-0.45425526
-0.11303972
-0.20326775
-0.42632087
-0.18210706
-0.43266757
0.51817533
0.01360174
0.081848776
-0.11339013
0.2227631
-0.33139432
0.36946205
0.16215824
0.5168947
-0.36879033
-0.20380451
-0.42636974
0.47914383
0.16320748
-0.42565928
0.44488012
-0.26683385
0.5163559
0.0080001737
-0.19376897
0.19624245
0.3038781
0.29154594
0.068954353
-0.04313889
0.19942707
-0.45744532
0.1313884
-0.17604621
0.32357476
-0.40255785
0.56499942
0.10641446
0.015957452
-0.18579166
0.4431343
0.24604207
0.064141141
-0.30981238
-0.13247677
0.2212181
0.26178652
0.3115276
-0.21172222
-0.095072248
0.35318394
0.17016449
0.21887737
0.029748062
-0.047499066
-0.052564751
0.16114356
0.088494555
0.13623164
0.10305826
0.066959917
-0.047815928
-0.0082831736
-0.15072521
-0.10662815
-0.26130647
-0.21113361
-0.35979594
-0.30225409
-0.42893257
-0.3634189
-0.45493343
-0.38149211
-0.43098316
-0.49116384
-0.35286416
-0.42397403
-0.47048536
-0.36389702
-0.39692795
-0.3103855
-0.38454535
-0.48817771
-0.40296198
-0.22479182
-0.29691569
-0.26924895
-0.21826589
-0.16559779
-0.2818893
-0.28234681
-0.47250695
-0.21664785
-0.1936868
-0.20252941
-0.13583901
-0.10437351
-0.14805521
-0.051008824
-0.52234225
-0.14650012
-0.14862839
-0.037231653
-0.052207963
-0.0056350551
-0.26239369
-0.48109101
-0.095330996
0.083529302
-0.42358739
-0.19618025
0.0095594782
-0.086345619
-0.01746501
-0.49275312
-0.13505192
0.11786338
-0.24469631
-0.52020672
-0.013766481
0.034269931
-0.044745696
-0.061564903
-0.39915516
-0.34662968
0.087235002
0.11921923
0.16634056
0.18777531
-0.22698849
-0.29254457
-0.42329894
-0.41495692
-0.33350458
-0.31039302
-0.051978124
-0.0060605354
0.073467401
0.13179159
-0.089513653
0.26843759
0.1536009
0.0096038852
0.077880196
-0.058586756
-0.07926791
-0.050988689
0.18104018
0.092929366
0.24631427
0.24193573
0.34792124
0.22086854
-0.070228151
-0.10402887
-0.13525534
0.31542983
-0.15764386
-0.27795961
-0.014597882
-0.21885729
0.043958818
-0.38087521
-0.35716401
-0.52427338
0.11508329
-0.25959
-0.13096245
-0.28648359
-0.13808901
0.0413984
0.076902105
-0.5048056
0.18906326
-0.3324116
-0.27915499
-0.13202047
0.047380092
-0.17220454
-0.4652662
0.14375182
0.1295338
-0.082338443
0.0050247535
0.043252522
-0.054584067
0.24895664
-0.46148213
-0.10430463
0.20488869
-0.25895235
0.20461609
0.034865633
-0.13913557
0.23685688
0.060664163
0.26515073
-0.0057881125
-0.023252169
0.1176396
-0.37560552
0.04989649
0.099937695
0.17885063
-0.23117968
0.10512071
-0.28529782
-0.094027
0.11574035
-0.17750616
0.13958539
-0.13692966
0.11912993
0.30515327
-0.22115377
-0.013272079
-0.091884168
0.41609216
-0.0059008976
-0.38824599
-0.018550111
-0.16762908
0.43528478
0.32742372
-0.51108979
0.20813232
0.25484856
-0.17969968
0.38619642
0.15480967
0.26097613
-0.34101371
0.17877392
-0.10021459
0.26748007
-0.27070278
-0.43880753
-0.55469399
-0.56993003
-0.66894993
-0.64714235
-0.52002993
-0.55843224
-0.40973881
-0.4128276
-0.54019228
-0.36724577
-0.22804822
-0.16527361
-0.46857413
-0.71957278
-0.027720022
0.038676262
-0.079485672
0.11641756
-0.073412518
0.014671763
0.19030529
0.10884368
0.074047402
0.21969714
-0.359118
0.1034036
-0.067723924
0.24763165
0.32607429
0.22160909
0.18938402
0.058905506
0.17490316
0.06390443
0.34774464
0.1690932
0.03530804
-0.11629104
0.087138592
0.18698499
-0.70876154
-0.72457581
-0.29310416
-0.7016629
-0.6721902
-0.65821239
-0.57306744
-0.56474598
0.26494689
-0.5225154
-0.2431815
-0.26331513
0.33328751
0.40701469
0.39221008
0.39342438
-0.58677577
-0.04652142
-0.40280595
-0.24135217
0.33768624
0.36986983
0.24370326
-0.4352882
0.013708971
-0.38248812
-0.22833923
-0.12630282
-0.44466534
0.44271622
0.43518711
0.34179221
0.43767474
-0.0021782183
0.11031113
-0.32065244
-0.47807525
-0.078660457
0.41893935
-0.1219279
-0.13780945
0.38898791
0.36057071
0.3328244
-0.44729761
0.29002359
-0.18504334
-0.3814269
-0.13799253
0.071337606
-0.52010815
-0.62434392
0.33289135
0.24737022
0.21827651
0.23335048
0.20738363
0.18187769
0.1212419
-0.1442917
-0.3421427
-0.42848537
-0.66061072
-0.25543962
-0.67997877
-0.62535403
-0.28270362
-0.17776613
0.15987498
0.2746089
0.2792757
0.42563514
0.17045389
-0.090143426
0.3550583
0.073275435
-0.63366369
-0.61290622
0.30859218
-0.58346512
-0.36626605
-0.076087176
0.14892986
-0.19973415
0.25303509
0.17888982
0.26748887
-0.19667078
-0.51960842
0.40384756
0.20529308
-0.47483489
-0.28026734
-0.51184419
0.1792264
0.38424453
0.27137827
0.3998951
0.36927447
-0.14938261
-0.26808796
0.29874343
0.29669821
-0.045455348
0.19540023
0.1362014
-0.45081774
0.30121478
0.26308431
-0.30292684
-0.038891947
0.41752352
0.3255427
-0.35374533
0.41221496
0.222065
0.17562843
-0.45611597
0.11081176
0.1450195
-0.37820654
-0.04450934
0.50795847
0.10811178
-0.32675772
0.52340928
-0.21920335
-0.15676463
0.19582044
-0.18800824
0.094594221
0.2371536
-0.015410491
-0.10086797
0.11845415
0.16717446
0.1235069
0.15579681
0.078685989
0.087162006
0.1983637
0.10449716
0.2421918
0.12372268
-0.029162424
-0.027117667
0.13920649
-0.024152846
-0.17698828
-0.014034628
0.14466796
-0.023392913
-0.18523908
-0.17987271
0.30013683
-0.31987411
-0.30087228
0.30057541
0.43692107
-0.027444235
0.30747236
-0.40777782
-0.4284903
-0.3701731
-0.27181074
0.42157026
0.53157222
0.52294433
0.58589754
0.54381286
-0.31970836
0.57341026
-0.47508803
-0.49201931
0.49458903
0.50467935
0.011909331
-0.096067163
0.21123649
-0.1371073
-0.21992634
-0.15200163
-0.26733382
-0.33434551
0.27487329
-0.17646694
-0.42879019
-0.48356068
0.37349136
-0.23552701
-0.15655992
-0.2622373
-0.070971087
0.45975772
-0.4067413
0.3696689
-0.31287641
0.22448372
0.60011901
-0.079826329
0.37300282
-0.45072776
-0.48597056
0.35717743
-0.3625117
-0.1382027
-0.038104627
-0.23382263
0.064715455
-0.49308717
-0.4590643
-0.43509348
0.10853265
-0.45567021
-0.12752526
-0.50342561
-0.43097379
0.3159783
0.4272482
0.52256709
0.1047953
0.5424722
-0.30752773
-0.28029917
0.12716191
0.21597306
0.10850045
0.084469007
-0.14421652
-0.26208734
0.45080396
0.52732967
0.41001486
0.33940112
0.37666921
-0.12000323
-0.16358432
0.23614607
-0.026291131
0.27742512
-0.038106027
-0.26429121
-0.18467585
-0.32600364
0.13672471
-0.38077371
-0.17003208
-0.19542747
-0.43578874
0.41618593
-0.035384357
-0.43137231
0.053805739
-0.16163746
0.11299364
0.029672926
-0.31589169
0.47531642
-0.38642986
0.065833274
-0.12099144
0.33226726
0.577262
0.39870026
-0.29500502
0.08235199
-0.40663954
0.01333571
0.30640424
-0.37393805
0.16766319
-0.20307183
-0.34028896
0.28598263
0.41703178
0.24786735
-0.057028982
0.49295662
0.58070949
0.069079501
-0.039804398
0.20374686
-0.40388797
-0.27077074
0.57585515
-0.36026666
0.27366838
0.16631252
-0.16729132
0.010008744
0.05328504
0.56974271
0.016087149
-0.23128465
-0.0039763077
-0.079140246
-0.21019463
0.15827424
-0.23177852
-0.10901703
0.071867551
-0.15123663
0.20221156
-0.19746989
-0.067847429
0.065189502
-0.014553458
-0.025886211
0.11286053
-0.058590572
-0.034755445
0.1145324
0.14263608
0.25409899
0.26359609
0.36707534
0.34798279
0.4471525
0.40787875
0.48969591
0.50431602
0.53116944
0.48494842
0.51126278
0.51532488
0.3463702
0.43000823
0.44378628
0.50146326
0.42898159
0.38607925
0.46023147
0.39126744
0.30105594
0.25154239
0.31995633
0.29047302
0.29535407
0.14909975
0.10873405
0.18724059
0.18193699
0.058075353
0.11507931
0.33944365
0.25446394
0.015364712
0.1854347
0.04310815
-0.030506652
0.24310626
0.28549499
0.074052398
0.3820414
0.27842186
0.18933341
0.13832452
0.22663611
0.49089175
0.42045699
0.41034837
0.065757746
0.19616178
0.031903563
0.026609988
0.11870981
0.13075321
0.31247846
0.26742259
0.33258257
0.37096772
0.28665868
0.045468248
0.3307233
-0.046176565
0.031376182
0.22296785
0.15610194
0.20706536
0.076804615
0.028285157
0.10363111
0.057282887
0.14695617
-0.11146398
0.20115335
0.030891485
0.0074124577
0.029610351
-0.2513209
-0.24927928
-0.13122354
-0.064213932
-0.19694644
-0.064919562
-0.059609129
0.19564665
-0.2196668
-0.048979354
0.075464103
-0.1458524
-0.05714086
-0.16822196
-0.098158181
-0.081428232
-0.058300922
-0.046325222
-0.019836947
0.055043447
0.15475878
0.17429687
0.21864005
0.43950315
0.4228207
0.19192005
0.36861241
0.53029878
0.39733313
0.33482853
0.14497786
0.48205979
0.1699204
0.3305764
0.31572046
0.25172749
0.19898699
-0.080435828
0.14590607
0.463151
0.096078864
0.11973389
-0.15444015
0.22594796
0.046743451
0.025628328
0.034015245
-0.040985628
0.43958613
-0.025617588
-0.10470834
0.22240583
0.32344693
0.075941169
0.23957309
0.17171742
0.049176842
0.30859917
-0.051002067
0.23688017
0.031421387
0.060999238
-0.035690152
-0.13671797
-1.6742823e-05
-0.12724961
0.062134951
0.025291294
0.014830622
0.15830793
-0.081666331
0.20105155
-0.11210188
-0.097378391
0.00072552719
-0.25145533
0.068600695
0.035117934
-0.049423775
