FiniteElementSpace
FiniteElementCollection: H1_2D_P1
VDim: 1
Ordering: 0

-0.3859232
-0.48696801
0.38588638
0.4871865
-0.084327905
0.084328637
-0.41117417
-0.37277311
-0.2589314
-0.079130732
0.14044996
0.36074631
0.54163366
0.64639886
0.64898423
0.54968935
0.36514104
0.12872433
-0.11477251
-0.31960955
-0.44948647
-0.42217702
-0.27855083
-0.091596522
0.10033312
0.26067589
0.36352006
0.39739822
0.36935006
0.29919894
0.2203598
0.15878044
0.13537739
0.16116295
0.22724425
0.31156815
0.41095555
0.37232307
0.2583927
0.078918665
-0.1404404
-0.3604991
-0.54125423
-0.64530989
-0.64925428
-0.54997357
-0.36464178
-0.12776109
0.11572614
0.32040742
0.45035532
0.4200521
0.27948723
0.092196487
-0.10069842
-0.26177466
-0.36317699
-0.39706328
-0.36909784
-0.30015781
-0.22019709
-0.15822647
-0.13562295
-0.16178363
-0.22759906
-0.31067722
-0.49433038
-0.45646789
-0.3685768
-0.23930078
-0.082131067
0.084486531
0.23971829
0.36386135
0.44206564
0.46630979
0.43803666
0.36377696
0.25652077
0.13721769
0.018796164
-0.16157911
-0.21223963
-0.23593497
-0.23769644
-0.22357173
-0.19860712
-0.1658739
-0.12522039
-0.074562231
-0.011101372
0.067686065
0.15842465
0.25536472
0.35178785
0.43273412
0.49327133
0.45628917
0.36977666
0.24082521
0.082410832
-0.083977263
-0.23754549
-0.36452579
-0.44133594
-0.46537411
-0.43633561
-0.36224599
-0.25677505
-0.13723894
-0.018840112
0.16244676
0.21203308
0.23579116
0.23793114
0.22397835
0.19844186
0.16605105
0.12515733
0.074445734
0.010817209
-0.067626118
-0.15886493
-0.25692947
-0.35190274
-0.4308611
-0.3826657
-0.31770621
-0.20401419
-0.065435527
0.070177178
0.17662388
0.23551327
0.24080241
0.19908636
0.12747286
0.049735072
-0.01504559
-0.045019231
-0.033206595
0.013913806
0.1539632
0.20307483
0.21215914
0.17184255
0.087310356
-0.025235876
-0.14501152
-0.24207588
-0.29558623
-0.28666027
-0.21785152
-0.09748165
0.051347598
0.19958394
0.31832823
0.38227224
0.31873312
0.20455906
0.065304034
-0.070543017
-0.17597258
-0.23538911
-0.24053121
-0.19927547
-0.12802776
-0.048948342
0.014276128
0.043801809
0.033136222
-0.013830326
-0.15400807
-0.20228138
-0.2119249
-0.17236616
-0.088365094
0.025289321
0.14388828
0.24151811
0.29469489
0.288287
0.21981891
0.097840277
-0.051445167
-0.19882407
-0.31782108
0.39654134
-0.49217136
0.19214913
0.088270419
-0.14529048
0.20781679
0.42845911
-0.28695505
0.2150503
0.11073611
0.12086826
0.10340877
-0.095454081
0.04786599
0.21879491
-0.31016609
0.22813352
0.19242411
0.17521101
0.21424283
0.18979401
0.17441928
0.11007898
0.053143507
0.16600896
0.011533285
0.17406058
-0.0028027837
-0.19720372
-0.22316926
0.017172
-0.20122836
-0.41567867
-0.036727734
0.067585895
-0.13660203
-0.40515493
-0.31535904
0.25252093
-0.55248607
-0.42952437
0.31054184
0.43473216
-0.046365741
0.27265727
-0.6117991
-0.70520631
-0.45600637
-0.26883247
0.47832657
0.52585713
0.47593473
0.48304454
0.42371748
-0.26700122
0.35996275
-0.69503826
-0.74055574
0.29202121
0.16710579
0.065434531
-0.08247196
0.22506018
-0.22260671
-0.24619713
-0.073966815
-0.1969562
-0.38485023
0.36059108
-0.010422001
-0.71883727
-0.70052097
0.49435206
-0.10199784
-0.054486802
-0.084593123
0.073287031
0.35154284
-0.65186609
0.31770503
-0.19891692
0.38021356
0.41057164
0.11990553
0.21372411
-0.58716984
-0.5605413
0.28106734
-0.29150517
0.0695388
0.15203293
0.0013167025
0.2955454
-0.65890066
-0.59001144
-0.39615219
0.20123805
-0.42107959
0.13265831
-0.65023561
-0.30186041
0.47407993
0.48815224
0.52735745
0.28722725
-0.077936338
0.11510596
-0.092292381
-0.055052498
0.095263644
0.13981816
0.04399257
-0.007137862
-0.076397966
0.2203474
0.17401877
0.086433045
-0.12819365
0.15924821
0.2080792
0.1662817
0.23915037
-0.13122276
0.2020943
0.05435066
-0.40164847
-0.44056335
-0.61330713
-0.1910371
-0.39934306
0.13483395
-0.57383662
0.035326656
0.37499264
0.19969001
-0.49109222
0.15567896
-0.33833309
0.1579768
-0.59984214
0.41080737
0.054142056
-0.41864194
0.1901351
0.20476299
0.52231138
0.34284762
-0.5243174
0.25221265
-0.45696101
0.17236536
0.28067696
-0.28266308
-0.53253513
-0.22597897
0.061247624
0.46569683
0.53086485
0.20917746
0.17277936
0.54762402
0.43417061
0.29899019
0.17291302
-0.44784108
-0.10663337
0.27018923
-0.18008639
-0.21055805
0.17204171
0.36869221
0.13096167
0.18730695
-0.24926369
0.29333585
0.2711874
-0.41712569
-0.34255921
-0.031016631
-0.61912764
-0.24838451
0.013384531
-0.06565586
0.21056932
-0.49701768
-0.21981375
-0.058401101
-0.039862463
0.080856827
0.28386659
0.26543257
-0.035611461
0.27990642
0.43541882
0.30062263
0.15914464
0.36781872
0.22185718
0.14178649
0.063540045
0.035562053
-0.069697397
-0.038392567
-0.15046678
-0.043015074
-0.1579556
0.016928047
-0.099335828
0.12249384
0.0051735982
0.23994678
0.32513427
0.12194121
0.43168063
0.47707411
0.55409852
0.56176755
0.47809807
0.013983623
0.44298027
0.48522995
-0.30566193
-0.12090029
0.0083533555
0.54406637
0.44214286
0.57591135
0.4724931
0.32353942
-0.21408388
-0.065110245
0.11691638
0.064683009
0.17527518
-0.26100719
0.14243489
0.27870701
0.53121583
0.42029177
-0.2245327
0.43431043
0.31424765
0.29598606
0.12664378
0.52820789
0.34926984
0.13459157
-0.36337553
0.16475524
0.071453093
0.16696227
0.10120095
0.23271797
0.12672989
0.36500712
0.19318461
0.45666866
0.4519593
0.22886812
0.13852315
-0.087248194
-0.092614869
0.12822983
0.08901191
0.052011547
0.26116963
0.027978248
-0.29823134
-0.052980815
-0.012673645
-0.12292487
-0.038017075
0.14295921
0.23591909
0.19104596
0.19166682
0.13506677
-0.67866789
-0.61349346
-0.62590601
-0.50455003
-0.52520987
-0.48222392
-0.47118197
0.037816459
0.24328734
0.30422999
0.2725411
-0.63481529
-0.28382188
-0.17431413
-0.27060931
-0.17337148
-0.34902378
-0.14231825
0.19697017
-0.073820583
-0.11958382
0.026318443
0.15365003
0.32843303
0.33146027
0.34315666
0.23174319
0.59670594
-0.22619501
-0.30377059
-0.39417516
-0.08318345
0.19405482
0.27382083
0.11278115
0.21435657
0.56712945
0.17400439
0.2538858
0.078235075
0.38799541
-0.54176874
0.34831853
0.034573654
0.37952408
0.12558345
0.074515461
0.32468594
-0.024702357
-0.38316958
-0.28729436
0.21919425
-0.39909181
0.062667398
0.0028041351
0.26518864
-0.13293655
0.49329474
0.36503079
0.36916029
0.36918159
0.079818411
0.46862885
-0.23495538
-0.26710317
1.5234838e-05
-0.086058202
0.16730837
-0.39469187
0.36097563
0.035353415
0.11298606
0.05838266
-0.50480873
0.0082804373
0.2477721
0.086705808
0.12792389
0.083963615
0.52922243
0.39926797
0.003538848
0.071141147
-0.12265254
0.21093702
-0.01350858
-0.28154698
0.026441713
-0.23242017
-0.053715368
-0.34150119
0.20647093
-0.38110747
0.094085122
-0.40206791
0.5783423
0.43793662
0.35216671
0.25398975
0.15230176
0.061883008
0.11735933
-0.047747697
-0.026607078
-0.14944056
-0.17075789
-0.22441469
-0.21730396
-0.24160311
-0.23130955
-0.032623089
-0.23463961
-0.21295463
-0.2166562
-0.15665776
-0.21556731
-0.15342896
-0.081162687
-0.22358723
-0.2202553
-0.067985063
0.0071962887
0.11937072
-0.2095086
-0.22735169
-0.19147647
-0.17238301
-0.23003965
-0.14852182
-0.0082520738
0.063530712
-0.22538914
0.035471317
-0.10487816
-0.24600875
0.010354331
-0.14236841
0.44091816
-0.16598673
-0.2263972
-0.24028125
-0.26007304
-0.22830178
-0.20230368
-0.12550122
-0.16522087
-0.3057524
-0.04130634
0.071933088
-0.14088664
-0.26670028
0.0073022942
-0.069529453
-0.10329061
-0.036676591
-0.19250942
0.038620811
-0.0080827294
-0.04185933
-0.2599639
-0.34888827
0.083520583
0.12964332
-0.13603005
-0.017485113
0.086255828
0.1896067
-0.19678593
0.12170382
0.087666721
0.029906738
0.13730747
-0.084848351
0.39072674
0.018350545
-0.049094225
-0.16059702
0.22210266
-0.20438965
0.53363491
0.16611286
0.039966466
-0.11524043
-0.24503574
-0.2058158
-0.33216968
-0.32905935
0.18043255
-0.35384707
-0.32023853
-0.35226152
-0.23567024
-0.076679186
0.19797962
0.20044647
0.041078022
0.29177663
-0.10017815
-0.14535592
-0.13979984
-0.22487835
-0.24049641
-0.073634163
-0.14144926
0.013431071
-0.22568833
0.097275062
-0.19701707
-0.16081411
0.040798471
-0.11489264
0.12482168
0.019208098
-0.20099044
0.10518169
-0.16019454
0.080973976
-0.084642327
0.17292129
0.16659202
-0.41664323
-0.41260122
-0.22972555
-0.22900561
-0.03223913
0.073502777
-0.0013352041
-0.30246366
0.035849938
0.260034
-0.081789335
-0.2111204
-0.22238373
0.051120421
0.36701783
0.17940004
-0.38678582
-0.087385592
-0.18824933
-0.22390809
0.10752775
-0.41933459
-0.45028575
-0.17768563
0.015846757
0.068078902
-0.27992848
-0.13120173
0.25384749
0.15070474
0.16083477
-0.37302248
-0.27720723
0.21548836
-0.35717331
0.364255
0.57494817
0.19960538
0.10411373
-0.08303451
-0.12840698
-0.16295732
0.11662892
0.1006723
-0.093782011
0.42854767
-0.41342083
0.16832484
0.19335327
0.24453125
-0.40434436
0.49266402
0.45003253
0.29106818
0.33282504
0.16942184
0.17262056
0.30369297
0.10729294
0.20178485
-0.018746378
-0.07415497
-0.20421907
-0.17958389
-0.34820743
-0.20054037
0.036556241
-0.34128734
-0.47095071
-0.42899319
-0.50310732
-0.13400823
-0.41297521
-0.43989306
-0.30231809
-0.079095752
-0.51391027
-0.40164657
0.40809091
-0.24375525
-0.026277703
0.15813061
-0.41884306
0.18336754
0.36133329
-0.30650194
-0.23418093
0.33675036
-0.45026178
0.48736933
0.39296379
0.0023716521
-0.083692855
0.56307554
-0.069058851
-0.12014533
-0.17151246
-0.13275516
-0.093207808
-0.33900686
-0.27566676
-0.20924174
-0.22068523
-0.53176534
-0.44408957
-0.35410465
-0.25405301
0.50941944
-0.10605694
-0.054007062
-0.15380652
-0.14512023
-0.14729097
-0.49807413
0.2781919
0.17340012
-0.32043536
-0.067323272
-0.11910061
-0.021524438
0.1088975
0.58634269
0.59170418
-0.031330893
0.07678995
-0.41014523
0.03170103
-0.31499129
0.088416277
0.1971465
-0.30293326
-0.20592345
-0.13176489
0.029872344
0.03756704
0.56260682
0.55527662
0.081706011
0.067357593
-0.092182961
-0.31224329
-0.25963362
-0.23900267
-0.26264528
0.14894082
0.24987365
0.26632189
0.38275298
0.5113885
0.013392275
0.10770601
0.16463172
0.46838859
0.010811426
0.045431489
-0.14562373
-0.11890784
-0.31719541
-0.31758835
-0.53837659
0.078446893
-0.24727666
-0.29862482
-0.46422045
0.10781054
-0.02512669
-0.52114302
0.26404989
-0.072402479
-0.11106472
0.15524528
-0.22802088
0.2592809
0.33565238
-0.14769305
0.2832936
-0.46467993
0.12311733
-0.16652522
0.0056730157
-0.39841193
0.4712116
-0.17196563
-0.34164203
-0.011058563
0.54984852
-0.46651068
-0.10336867
0.2957685
0.00074595315
0.61390846
0.027805796
-0.36361202
-0.28850215
-0.1924917
0.035031026
0.33653831
-0.47557448
0.050715451
-0.030287577
-0.4399532
0.059335385
0.16450666
0.053120668
0.61006352
-0.29883145
0.16818671
-0.39698875
0.28038451
0.67988601
0.21210218
-0.0042246022
-0.22563442
0.49708629
0.29713153
0.28469769
0.023678767
-0.13732807
0.14478701
0.019869271
-0.14505988
-0.28663842
-0.19458446
-0.35851793
-0.15705943
-0.37803879
-0.35484508
-0.24264604
-0.30594416
-0.38446911
-0.38341931
-0.4835546
-0.45214967
-0.55793421
-0.49105053
-0.58108125
-0.48156292
-0.53712602
-0.41261036
-0.42223594
-0.28896747
-0.24744926
-0.35938773
-0.12404846
-0.14786706
-0.25329755
-0.025287249
-0.13576313
0.092631798
-0.58547806
-0.31420879
-0.20399863
-0.31857334
-0.15058035
-0.026364409
0.21883099
0.32361098
-0.042573632
-0.13071631
-0.3051905
-0.045244747
0.015598834
0.096926528
0.067091866
0.20152693
0.0011071097
0.098040021
-0.42374621
-0.0011184332
-0.11370393
-0.3230156
0.44043056
0.51154285
-0.16004235
-0.32955088
0.30543683
0.49822648
-0.21907843
-0.10748263
0.26809438
-0.035289042
-0.059825578
-0.448592
-0.16898869
-0.24872126
0.18293202
-0.52875034
-0.011954934
0.32625882
0.36249463
-0.17668007
-0.14221932
-0.06985886
0.4490619
0.29532439
0.59859097
0.44714203
-0.11146303
0.086644385
-0.27329593
-0.4168953
-0.21805554
-0.37556725
-0.28071433
-0.23871377
-0.082361498
-0.19853801
-0.25652317
0.62333977
0.27705477
0.11666016
0.11902667
0.07506449
-0.038669283
-0.12400319
-0.28631357
-0.19363313
0.05267022
0.30284548
0.22272031
-0.024742633
-0.012214234
-0.043727052
-0.072003801
0.047201852
-0.40484758
-0.50500196
0.11151648
-0.16847499
0.10635553
-0.20891683
-0.033492102
-0.42869179
0.60420841
0.08435814
-0.014201606
-0.25998914
-0.34105107
-0.13677314
-0.25823248
-0.51321785
-0.16123512
-0.14512956
0.058145507
0.14501813
-0.27480917
0.22587464
-0.58806532
0.08904614
0.13468475
0.027359054
-0.42344321
-0.30011794
-0.20475861
-0.037399065
-0.54481853
0.37573703
0.26300252
0.091941345
0.053840089
0.51111984
-0.0057950454
-0.070434079
-0.27947702
0.63259295
0.14936678
-0.136784
-0.054119385
-0.50451058
-0.46822722
-0.36422267
-0.083896275
0.012440493
-0.13929783
-0.050936529
-0.11625178
0.60860417
-0.18433303
0.2900268
-0.14380759
0.11499154
0.4728987
-0.35743343
-0.20323194
0.0097955883
-0.52033884
-0.1203912
-0.076109554
0.11914968
-0.073335299
-0.20021519
-0.39346956
-0.21085358
0.11467007
0.045638453
-0.028590831
0.21543747
0.28393247
0.33662115
-0.20995678
0.4084279
-0.074836499
0.41590928
-0.013537637
0.040852023
-0.024643252
0.090132489
0.024522274
0.13286533
0.18320872
0.20989855
0.22750894
0.23628312
0.22574206
0.24107745
0.20456757
0.20858932
0.22892281
0.068513336
0.12043365
0.13892728
0.21846873
0.17395491
0.12504223
0.22703468
0.21441002
-0.0087566939
0.020324056
0.050189075
0.2138644
0.22482676
0.20359775
0.24673269
0.20137674
-0.14910327
-0.079254212
0.084293172
0.027174567
0.16615498
0.27213576
0.14775813
0.15662304
0.11756727
0.24074147
0.25288616
-0.041514784
0.0012662143
0.10300392
0.10098914
0.031741085
-0.05476283
-0.024981324
0.039754527
-0.16412296
-0.085494087
0.17872793
0.084759974
-0.31984046
0.19488195
0.07304173
0.29787834
-0.129751
0.23136137
0.14517562
0.21746634
0.31264624
-0.29772503
-0.0091182587
-0.13235663
0.24954006
0.052590264
-0.021645724
0.22023387
-0.016145337
0.033876425
-0.12276121
0.37049943
-0.33380144
0.033126106
0.089356595
-0.029457312
-0.13114246
-0.1278751
0.034443951
-0.001865337
-0.10612441
-0.58307111
-0.53383587
-0.35913398
-0.22339418
-0.17601356
-0.039076058
-0.051551189
0.049288944
0.22101886
-0.17832451
-0.087763907
0.34893645
0.23111038
0.24798233
0.19049774
0.33412295
0.33858299
0.29057732
-0.038978141
-0.080531717
0.1473427
0.16516577
0.20854915
-0.098111593
0.11288709
0.24025964
0.22995169
0.0030479616
0.25824681
0.121256
0.19499504
0.20557068
0.15146432
-0.0369093
-0.078393725
-0.14170152
0.18121989
-0.11815637
-0.17548959
0.21489607
0.19085154
0.0059803857
-0.1608323
0.40446608
0.38964021
-0.16107154
0.22569299
0.17620154
-0.22283687
0.16544954
-0.18257269
0.19034449
0.097785762
0.33734084
0.32511037
0.24621702
-0.45397366
-0.45937354
0.15679979
-0.1107781
-0.27389751
-0.18746315
-0.10875085
0.41787856
0.45068888
0.023410039
0.31557532
0.015351568
-0.044119828
0.20039122
-0.37458034
0.39284974
-0.16752489
-0.41671442
0.13256788
-0.35123944
-0.26011035
0.35457076
0.085373692
-0.10780181
-0.018974119
-0.57456277
0.13438557
-0.0675377
-0.43337331
-0.10056676
0.31945705
-0.11852126
0.26533919
-0.16446287
-0.13932207
-0.25724064
0.47001871
0.30344927
0.40261033
0.45347713
0.4820835
0.51854767
0.52692651
0.42256172
0.45074683
0.28716871
0.30996848
0.4405085
0.30513368
0.13704437
0.15508496
0.38769738
0.53758984
-0.029995687
0.025989298
0.15693738
0.074171851
-0.084412027
0.13915759
0.10773693
-0.24614705
-0.31277141
-0.056548691
0.24548963
0.10058808
0.12476051
0.12244314
0.12415821
-0.43984519
-0.49183561
-0.34357351
-0.49721011
-0.33442407
0.18755845
-0.45021215
0.020209523
0.040346274
-0.29042729
-0.38373504
0.46631761
0.45692478
0.28520501
0.50278124
0.39425924
0.3078266
0.23198714
0.28537385
-0.34485782
0.12387969
0.18308369
0.091001312
-0.49113397
0.1804462
0.054458844
0.27485094
0.16881403
-0.13756924
0.25340613
0.071252179
0.21888529
-0.36401336
-0.55841347
-0.009739373
-0.10996992
0.14297495
-0.036480717
0.033702916
0.126194
0.10297165
-0.066954935
0.33434137
-0.20280909
-0.11037605
-0.088514799
0.021707252
0.34292569
-0.21983547
0.17737725
-0.085087661
-0.15745122
-0.49098508
-0.56252658
-0.61594134
-0.021206414
-0.52342163
-0.079939757
0.033222853
0.20322684
-0.048751312
0.2634598
0.42534565
0.42111591
0.092442234
-0.31164903
-0.43149284
-0.29454452
-0.23666079
-0.21598981
-0.16548124
-0.043391364
0.36404608
0.52530768
0.1076776
0.33749549
0.41762641
0.27082148
0.21027028
-0.15552113
0.11735626
0.039737022
0.25092385
0.048111336
-0.12731397
-0.08239317
-0.25764969
0.3227343
0.47410319
-0.21657116
0.17195734
0.3021645
-0.15237406
-0.19054934
-0.26829213
0.40430116
-0.17545287
-0.5938398
0.044532944
0.38011776
-0.21929598
-0.013548362
0.0025958804
0.20590593
0.2934408
-0.11817828
0.3596786
0.097564067
-0.45536103
-0.5648194
0.14127021
-0.15122359
-0.56831271
-0.6007054
-0.33651951
0.47369692
-0.052523294
0.1696769
0.21627904
-0.52456319
-0.0045388949
0.018553175
-0.32602152
0.41770451
-0.12382422
-0.18729624
-0.48373982
-0.17308242
-0.48233346
0.41835579
0.426653
-0.2082275
-0.085659056
-0.20545363
-0.29101132
0.0080389779
-0.12135742
0.088509248
-0.219387
0.11832255
-0.17196776
0.091808454
-0.18144483
0.27961945
-0.20249871
0.49181711
0.63124929
0.53477593
0.68518159
0.56021294
0.63965461
0.71971581
0.6021229
0.63008568
0.45337072
0.40871056
0.22591892
0.2242642
-0.0064619391
0.18285164
0.49381173
-0.039950844
-0.24116879
-0.20485374
-0.38030457
0.17983784
-0.33001327
-0.42793969
-0.092707945
0.10355635
-0.48911146
-0.45175836
0.71862457
-0.14834289
0.019528365
0.26015683
-0.31886807
0.1344085
0.34483069
-0.37667042
-0.32213654
0.18121725
-0.51025011
0.34145715
0.1202021
0.38592622
0.30923523
0.65122263
0.35367853
0.17802539
0.11829422
0.0085948183
0.030720733
-0.18278515
-0.2851747
-0.1766424
-0.050695263
-0.53064313
-0.53786877
-0.34169962
0.01938147
0.52177939
-0.24851531
-0.18231167
-0.2922551
-0.068518765
-0.24988839
-0.54064592
0.58480325
0.018222478
-0.11543198
-0.14574567
-0.21473628
-0.12374264
-0.19269035
0.45315787
0.611571
-0.096791114
0.030448853
-0.52839515
-0.22934705
-0.440605
-0.16374454
0.29774076
-0.40431673
-0.30456128
-0.21770419
-0.10147259
-0.13711683
0.48941312
0.33138581
-0.008141873
-0.21451395
-0.14427081
-0.10512022
-0.21836796
-0.16508413
-0.4316979
-0.15342439
-0.038220636
-0.085797957
0.039526162
0.2544791
0.14931907
0.38438175
0.1979427
0.73644219
0.50313059
0.43746004
0.19305988
0.17927882
-0.0022316376
-0.3600682
-0.42705714
-0.21775977
-0.025679547
-0.3951203
-0.28218808
0.36722666
-0.16468676
-0.45804663
-0.19125623
0.20962511
0.30940963
-0.13934068
0.044966779
-0.20116238
0.48364945
-0.27218019
0.27834518
-0.19274164
-0.22114588
0.1060721
-0.063763123
-0.461207
0.64506352
-0.2954754
-0.087442315
-0.21482527
0.71000148
-0.4656747
0.0072114984
-0.052758345
-0.079817605
0.59480343
-0.063284552
-0.18749219
-0.35299353
-0.20181093
-0.11007454
0.39820971
-0.17164985
-0.29486558
-0.075202978
-0.51720808
0.022922039
-0.056974964
-0.17434283
0.49918948
-0.45859258
0.12929882
-0.15837373
0.052148389
