0.2188629
0.28036609
-0.21885866
-0.28034687
0.3368694
-0.33687187
0.24515949
0.26922103
0.29067646
0.30934338
0.32503723
0.3375763
0.3468958
0.35290402
0.35539413
0.35453176
0.35029299
0.34261475
0.33160634
0.31745941
0.30030116
0.25749746
0.23215612
0.20465938
0.17518407
0.14401626
0.1114677
0.077843436
0.043465144
0.0086674076
-0.026209128
-0.060837721
-0.09486792
-0.12798321
-0.15987377
-0.19022855
-0.24517562
-0.26923962
-0.29068776
-0.30935196
-0.32504596
-0.33755791
-0.34685432
-0.35284291
-0.35539813
-0.35452926
-0.35024485
-0.34259972
-0.33166098
-0.31751289
-0.30028871
-0.25742078
-0.23215988
-0.20464357
-0.17517478
-0.14402454
-0.11146395
-0.077839831
-0.043469227
-0.0086745411
0.026202487
0.060825585
0.094866379
0.12799235
0.15988154
0.19022421
0.31192659
0.34058756
0.36591698
0.38774536
0.40584648
0.42004488
0.43021448
0.43623842
0.43805327
0.43565021
0.42907959
0.41834681
0.40353493
0.38488217
0.36254698
0.30760953
0.27557037
0.24086713
0.20384633
0.16485771
0.12428575
0.08251363
0.039943006
-0.003011018
-0.045933246
-0.088417199
-0.13004455
-0.17039732
-0.20913976
-0.24588332
-0.3118338
-0.34050007
-0.36589177
-0.38776438
-0.40593485
-0.4201042
-0.4301828
-0.43625002
-0.43810275
-0.43564741
-0.42902678
-0.41831126
-0.40358647
-0.38493933
-0.36254113
-0.30760556
-0.27556055
-0.24085346
-0.20384425
-0.1648718
-0.12428228
-0.082507576
-0.039943333
0.0030099383
0.045931024
0.088415056
0.13004948
0.17040941
0.20912915
0.24583835
0.184691
0.14886266
0.11159558
0.07325312
0.034201716
-0.0051777233
-0.044509069
-0.083411853
-0.12151021
-0.15843696
-0.1938492
-0.22738015
-0.25869004
-0.28755836
-0.31367348
-0.35648957
-0.3729019
-0.38571951
-0.39480855
-0.40009399
-0.40150784
-0.39909006
-0.39285952
-0.38270996
-0.36894934
-0.35164975
-0.3309263
-0.30704125
-0.28021943
-0.25069193
-0.18469928
-0.14887053
-0.11159397
-0.07325266
-0.034204017
0.0051740117
0.044500723
0.083407064
0.12150399
0.15842681
0.19382238
0.22736118
0.25870721
0.28755273
0.31362047
0.35652297
0.37292874
0.38571786
0.3947973
0.40007894
0.40152025
0.39905652
0.39277976
0.38274692
0.36895674
0.35166545
0.3309794
0.30707977
0.28024277
0.25070646
-0.00612591
-0.36277534
-0.079662633
0.047455917
-0.37710068
-0.072645905
0.0998102
-0.31683851
-0.20170962
0.16180663
-0.14082033
-0.36553538
0.13386214
-0.26911543
-0.27303636
0.21614372
-0.19987416
-0.34146343
-0.036935256
-0.07560333
-0.11834814
-0.1134982
-0.15579778
-0.15039733
-0.10745994
-0.14373786
-0.10019364
-0.13588324
-0.17875105
-0.17016373
-0.12653109
-0.16013577
-0.21135006
-0.19195626
-0.11587014
-0.14869847
-0.19218643
-0.17997958
-0.081646618
-0.22258951
-0.20934722
-0.070507059
-0.035919479
-0.13620116
-0.063965338
-0.25099567
-0.26307522
-0.23665994
-0.19397436
-0.025582077
0.0086272659
-0.0012228472
0.044476138
0.033349176
-0.2202102
0.077242898
-0.29022562
-0.30097218
0.067219937
0.11596976
-0.19658874
-0.23173627
-0.031858226
-0.22615169
-0.26482375
-0.26921544
-0.30103031
-0.29484157
-0.058683666
-0.30429907
-0.27257145
-0.30893241
-0.015401323
-0.17653183
-0.14970934
-0.20184095
-0.27121153
0.021298613
-0.27938306
-0.056541417
-0.24339376
-0.048502302
0.08563082
-0.30329853
0.056705233
-0.31453144
-0.34273378
0.011430299
-0.32868104
-0.1292333
-0.10161419
-0.23094287
-0.053500639
-0.32669877
-0.31445488
-0.34593179
-0.12202796
-0.37101457
-0.11013292
-0.33587306
-0.37519514
0.033291136
0.06641748
0.058473545
0.13352773
0.18802678
0.14480905
0.17353352
0.14657433
0.10185992
0.0062582579
0.085465964
-0.37295297
-0.33984378
-0.23919063
-0.35574208
-0.33345912
-0.2945138
-0.17013181
-0.16260676
-0.16003887
-0.070321584
-0.18585962
-0.091946342
-0.23526154
-0.2573666
-0.20256562
-0.23363014
-0.16612549
-0.26047521
-0.10426804
-0.27600737
-0.15744997
-0.046844776
-0.09209503
-0.35146873
-0.19936568
-0.21896587
-0.23703993
-0.2422264
-0.011580554
-0.12153137
-0.33614015
-0.24096253
-0.30823971
0.051682018
-0.022321317
-0.2497767
-0.077809395
-0.29869082
-0.2721489
-0.030765901
-0.28207062
-0.28643432
0.17573554
-0.18511956
-0.0093369756
0.026344267
0.0094993941
-0.32618875
0.016508411
0.093158559
-0.22100013
-0.32894079
-0.31757778
-0.26392899
0.12514942
-0.35512065
0.18544651
0.04319109
-0.040971989
-0.20617754
-0.29660305
0.21427834
-0.027935866
0.11006661
0.2459149
0.21495731
-0.41090319
-0.37761676
-0.45737513
-0.43384449
-0.38483086
-0.42335263
-0.37967454
-0.44121069
-0.34531227
-0.36430193
-0.33972847
-0.41250516
-0.39449571
-0.413299
-0.30935717
-0.34337301
-0.28718941
-0.38716108
-0.37036657
-0.39714169
-0.41867897
-0.41989949
-0.44027201
-0.43874968
-0.45747666
-0.4532328
-0.46859895
-0.46288879
-0.47622886
-0.46822696
-0.47936071
-0.4690791
-0.47795162
-0.48590275
-0.46536679
-0.48214639
-0.48783655
-0.48174706
-0.48507057
-0.47375664
-0.47043501
-0.48883021
-0.48369806
-0.45252597
-0.45425325
-0.44830856
-0.47100284
-0.46093962
-0.47759824
-0.47390852
-0.48511044
-0.43557722
-0.42734296
-0.43818957
-0.41504275
-0.42377717
-0.4116813
-0.39842953
-0.48789415
-0.4659355
-0.46006041
-0.43360103
-0.45574166
-0.4432141
-0.46572333
-0.48151803
-0.46371217
-0.44556407
-0.47676883
-0.43943256
-0.40542619
-0.38609462
-0.36907208
-0.48158213
-0.44851987
-0.39724501
-0.46138056
-0.48594516
-0.45132658
-0.45267282
-0.42868733
-0.35388778
-0.4698711
-0.46396853
-0.40911839
-0.38487544
-0.41091626
-0.43473757
-0.45170287
-0.45435897
-0.47231637
-0.47136444
-0.46062972
-0.45729424
-0.41445207
-0.33600768
-0.34823554
-0.31621668
-0.32914911
-0.38188306
-0.40438382
-0.40675257
-0.39985598
-0.42666979
-0.43136196
-0.37015067
-0.41869355
-0.40189455
-0.42540056
-0.41945015
-0.38233439
-0.37371435
-0.39457327
-0.35950118
-0.37999102
-0.38513293
-0.42827762
-0.35206455
-0.4000078
-0.44451973
-0.44429254
-0.38033833
-0.4777308
-0.47185339
-0.48925375
-0.43575118
-0.47661984
-0.45657542
-0.44495049
-0.42342372
-0.4145131
-0.48504155
-0.37121007
-0.46717881
-0.45705881
-0.46738744
-0.41441624
-0.44459136
-0.47949703
-0.43921842
-0.4060859
-0.28886474
-0.39117832
-0.33623306
-0.42970071
-0.47865001
-0.44642966
-0.36122188
-0.40014543
-0.44875967
-0.42948915
-0.4220157
-0.38126447
-0.45975096
-0.31645977
-0.39385042
-0.45529899
-0.44420926
-0.43328919
-0.25944654
-0.36999352
-0.31666799
-0.44687929
-0.41414944
-0.36533243
-0.4562432
-0.42747712
-0.44327216
-0.44054316
-0.43775972
-0.36423256
-0.41546227
-0.42003018
-0.46896312
-0.43331078
-0.42996321
-0.081390942
-0.048165539
0.32043208
0.32410509
0.036282158
-0.15314122
0.084751709
-0.16793679
0.28862714
0.1686195
-0.2190583
0.11601585
0.30789019
0.25356148
-0.23898878
0.28027469
-0.26957503
0.18863203
0.3244801
0.29083359
0.28453513
0.25412871
0.24635993
0.21453658
0.22117328
0.18053085
0.18619881
0.14467181
0.13821692
0.10167557
0.10753522
0.064034127
0.094880412
0.20565397
0.069253227
0.025445501
0.019994272
-0.018560735
0.11255203
-0.024160035
-0.062446273
0.073869102
0.11667751
-0.056637094
-0.10044809
0.22545453
0.077896007
0.1204035
0.15825687
0.035628849
0.16125219
0.19839587
-0.10540104
-0.1431124
0.1989266
-0.094208801
0.23628081
0.23165921
0.23617506
0.19461266
0.29478387
0.16291409
0.15101105
0.18187589
0.13747792
0.10694588
0.014338891
-0.029791187
0.0086574165
0.16844145
-0.050184717
-0.087440351
0.038726382
0.21002705
0.23399429
-0.035333695
0.0032664288
-0.073320796
0.045303497
-0.14469904
-0.043870806
0.19009148
0.16162901
0.19628547
-0.18113058
-0.17702462
0.037894286
-0.0017992958
0.27246403
0.2654278
0.091246017
-0.2209476
-0.072851385
-0.076898245
-0.13115594
0.04303377
0.31252041
-0.0013674634
0.041561923
0.081690616
-0.2056838
0.12906837
0.32655289
0.30938687
-0.18699586
0.07758437
0.11773361
0.27204896
0.15236366
0.15760748
-0.12668578
0.2073389
0.2050978
0.24367551
0.2737441
0.27260247
0.30222508
0.27539142
-0.24881016
0.25936489
0.17258108
0.14992583
0.22429971
0.12039251
0.057982432
-0.067443954
-0.012822091
-0.039281548
0.051558987
-0.13698348
0.030897608
0.15431784
-0.14937991
-0.0071262239
-0.040597196
0.26433819
0.12972165
-0.11827505
0.25009157
-0.0021347736
0.19432355
-0.1715604
-0.27271915
0.22805398
0.24305192
0.087291332
0.12164487
-0.0039801135
0.22799528
-0.10948946
0.23397808
-0.11373899
0.26126998
-0.0023340097
0.078251853
0.30498501
-0.18296599
0.29639528
-0.20979983
0.18932778
0.035472772
0.07856018
0.12616142
-0.30045697
0.21581773
0.26984498
0.071927938
-0.035885098
-0.21230986
0.16784192
0.074000922
0.29524491
-0.090889517
-0.24305935
0.22183414
0.1952216
0.051867645
0.082412036
0.41359847
0.41365364
0.15394366
-0.016094477
0.19855131
-0.032211116
0.37789651
0.26623844
-0.083050894
0.2180863
0.39111673
0.33647352
-0.1061054
0.35611771
-0.13851088
0.27122053
0.41736665
0.39297836
0.38673497
0.36465895
0.3564752
0.33250302
0.33900413
0.30522739
0.31017472
0.27491247
0.26856211
0.23693591
0.24204952
0.20291705
0.22959635
0.3226543
0.20674898
0.16663595
0.16190317
0.12496177
0.24500307
0.11940287
0.082035139
0.2086487
0.24576865
0.087107363
0.043562852
0.34206795
0.20875972
0.24500171
0.28044066
0.17143992
0.27821952
0.31250248
0.038664736
-0.00022225256
0.30766278
0.048373014
0.34132066
0.3307082
0.34482817
0.30955512
0.39577231
0.28569185
0.27115562
0.29362181
0.25387113
0.23102097
0.15559976
0.11243652
0.14790776
0.27554176
0.091440222
0.052146595
0.17035256
0.31256511
0.34417132
0.10419566
0.13913499
0.068504651
0.18041259
-0.0022929413
0.094423843
0.31218908
0.27299884
0.29390657
-0.040487177
-0.036508345
0.16917686
0.12930116
0.37255216
0.37080126
0.21147563
-0.083791633
0.062746825
0.061383856
0.0086746621
0.16783748
0.40531359
0.12444514
0.16198714
0.20223472
-0.070938471
0.23480917
0.41794155
0.39884366
-0.049874794
0.18785127
0.22894682
0.35842048
0.24512141
0.25854562
0.0082921289
0.29580827
0.30248599
0.3311538
0.36105588
0.36728753
0.39360082
0.37668921
-0.11514768
0.36926603
0.29689935
0.27879054
0.330307
0.24754399
0.1969359
0.076402259
0.12927937
0.096044082
0.18925638
0.0051833694
0.17001504
0.28050079
-0.0089654153
0.13229383
0.088420504
0.36364057
0.25907546
0.017494236
0.3466887
0.12186199
0.31307205
-0.032488509
-0.14329311
0.30776068
0.32153109
0.22026545
0.24094428
0.12764272
0.34236914
0.033261029
0.32688036
0.02626293
0.36984223
0.1334582
0.20829557
0.38226976
-0.043387403
0.39529397
-0.072805949
0.28032961
0.16201792
0.20487823
0.23906245
-0.17499285
0.28894337
0.33861549
0.19810339
0.098693042
-0.074581975
0.27231316
0.19069743
0.39190348
0.040726938
-0.10916326
0.3107701
0.29951501
0.38502254
0.45079762
0.41512708
0.42361414
0.38229623
0.3600853
0.44946263
0.36427165
0.41484147
0.4282823
0.36340513
0.32718497
0.41312711
0.31868912
0.3724105
0.38727337
0.3347757
0.2847759
0.40199132
0.42754724
0.43661073
0.4486624
0.4558716
0.46575855
0.47070858
0.47831433
0.48096509
0.48627254
0.48666824
0.48955943
0.48753738
0.4881188
0.48372929
0.48080839
0.48201113
0.47466359
0.46946765
0.46105862
0.45358809
0.46405423
0.47165263
0.45974273
0.44165957
0.48685082
0.4840442
0.47559782
0.44818171
0.4491008
0.43332733
0.4193049
0.44564712
0.47549479
0.46469081
0.46265331
0.44936958
0.4450991
0.46217236
0.42966875
0.46155608
0.40968224
0.39373044
0.4710541
0.43096953
0.42955494
0.40133976
0.4449954
0.42802039
0.40761998
0.42735094
0.48193161
0.42335768
0.43069433
0.41004581
0.45805443
0.37194351
0.43665932
0.46260261
0.47272643
0.38455663
0.40502583
0.43673536
0.40810136
0.4233901
0.40522804
0.41317748
0.3987113
0.40061204
0.38422954
0.37767393
0.39865104
0.43954909
0.45237922
0.43422043
0.44551474
0.42045044
0.38639024
0.38377671
0.35184117
0.39593704
0.3771591
0.45471323
0.46682794
0.46844485
0.46155521
0.47813231
0.4794466
0.30749831
0.34058396
0.34411411
0.45408003
0.44117441
0.44933514
0.43019769
0.43871884
0.34194976
0.41179697
0.44168038
0.45701224
0.44269174
0.4261241
0.40680507
0.42563093
0.47532182
0.47336652
0.40892168
0.44302117
0.44744933
0.48797657
0.48125778
0.47183096
0.45581183
0.48231558
0.41639378
0.40550913
0.47124475
0.42153752
0.32116219
0.45616109
0.47927022
0.46599838
0.37353979
0.44837501
0.34740254
0.28837085
0.34269148
0.39123371
0.46730636
0.44509143
0.37197671
0.38155569
0.45853891
0.4246258
0.47223007
0.43331464
0.3621645
0.37674473
0.39870723
0.36830778
0.35723292
0.459653
0.31641049
0.26134965
0.36927378
0.41382423
0.46285253
0.38841207
0.42410982
0.41066019
0.48453858
0.38322469
0.35565706
0.38717405
0.36043674
0.44005871
0.34939191
0.47389157
-0.31960883
0.039287247
0.042495658
-0.083397937
0.1524029
-0.30060724
-0.32399573
0.16538859
-0.078025708
-0.30811035
0.2186556
-0.27012314
-0.1700945
-0.15371787
0.2377801
-0.24179395
0.27692928
-0.23150095
-0.00047525211
0.0015398588
0.043857713
0.0030957941
0.045234166
0.0042195272
-0.037936209
-0.03673096
-0.078706037
-0.077222533
-0.034971919
-0.075270304
-0.11707484
-0.11470881
-0.033511434
0.046238337
-0.15595505
-0.15275864
-0.11098789
-0.14840953
-0.1577375
-0.10579267
-0.14272945
-0.19580666
-0.19678873
-0.18919798
-0.07945334
-0.099475779
-0.062050905
-0.13582011
-0.17832963
-0.2328035
-0.23217253
-0.19569118
-0.2310319
-0.19253129
-0.1707354
-0.2269033
-0.055396042
-0.017687747
-0.18754435
-0.228453
0.08688012
0.087713903
-0.040553645
0.046596936
0.087747059
0.12844258
0.12795927
0.087204095
-0.23169918
0.16950113
-0.024379476
0.020243145
-0.26573448
-0.21242398
-0.21908528
-0.20330354
0.16697112
-0.15140629
0.013317428
-0.11907616
-0.16123165
-0.26283043
-0.26193105
0.20569136
-0.14538997
0.057474367
0.065065723
-0.11284504
0.12415596
-0.25392947
-0.25962671
-0.18814841
-0.29475019
-0.01085635
-0.047736907
0.10667962
0.084555013
0.077802205
-0.28518925
0.026796973
0.11488746
-0.32582494
-0.32646617
-0.29659988
0.20340949
-0.31773513
0.18673308
0.17248894
-0.042169049
-0.13183575
0.12581555
0.085736666
-0.25310195
-0.1158899
-0.29555153
-0.26982027
-0.25605591
-0.21353665
-0.18116267
0.24919218
0.20943755
-0.038925599
0.0050323761
-0.11832814
0.12808414
0.047152999
-0.072668739
-0.068195823
-0.19313132
-0.1277825
-0.1843178
-0.24392259
-0.092704007
-0.1581299
-0.22356815
0.00085899043
0.12658303
0.005962942
-0.22743123
0.16562244
-0.029969993
-0.15727006
-0.039296138
0.26917637
-0.18982564
-0.2816284
-0.26525735
-0.11755983
0.0079939097
-0.25931196
-0.084573481
0.2031407
-0.077234447
0.050134636
-0.19900765
-0.23064903
-0.11922756
-0.29451428
-0.2991714
-0.079187847
0.241474
-0.26637372
-0.29249247
0.30000635
-0.2143879
-0.27125035
0.08870649
-0.1494757
-0.28509006
0.15158746
-0.11097879
-0.28600999
-0.21919051
0.23203821
-0.32282744
-0.25379994
-0.41291362
-0.089760906
-0.087612116
-0.19743335
0.015485451
-0.39275148
-0.41347526
0.029952598
-0.18797206
-0.3915588
0.082560312
-0.35663705
-0.26732524
-0.24646975
0.10494518
-0.32154963
0.1470315
-0.30938668
-0.12633776
-0.13035943
-0.09175919
-0.13360916
-0.094548691
-0.13600519
-0.17441438
-0.17606167
-0.21362468
-0.21433212
-0.17582472
-0.21322485
-0.25062852
-0.24844096
-0.17449466
-0.096386962
-0.28464353
-0.28101895
-0.2436384
-0.27495852
-0.28560395
-0.23614287
-0.26634697
-0.31819571
-0.31774411
-0.31079493
-0.21092679
-0.22627491
-0.19496941
-0.25527351
-0.29403353
-0.34792555
-0.34541558
-0.31407871
-0.34091328
-0.30724364
-0.28168863
-0.33280316
-0.18412975
-0.15190954
-0.29754721
-0.32783405
-0.054635019
-0.05594379
-0.16741248
-0.097492248
-0.056679152
-0.014859349
-0.015424669
-0.056613769
-0.34748671
0.028030178
-0.1620922
-0.11815846
-0.37416134
-0.31906782
-0.32992411
-0.30502536
0.026097586
-0.2699911
-0.12787552
-0.24840675
-0.26698161
-0.37150741
-0.36311106
0.067265209
-0.25840689
-0.083663756
-0.072669791
-0.23374511
-0.017991945
-0.35488871
-0.36415195
-0.28346242
-0.39273166
-0.14025995
-0.17123088
-0.033470228
-0.048643874
-0.055185272
-0.37493427
-0.10745415
-0.020809852
-0.41834202
-0.41791607
-0.39527886
0.068734932
-0.40430019
0.049577508
0.032024311
-0.16248948
-0.23935047
-0.00910784
-0.052302115
-0.33526718
-0.2179109
-0.37506579
-0.36063688
-0.34228159
-0.30696957
-0.28514825
0.11560821
0.071221916
-0.17125981
-0.13735669
-0.2504167
-0.013760631
-0.09703954
-0.21013532
-0.20398
-0.3157454
-0.24231802
-0.30360843
-0.34078384
-0.21487072
-0.28393595
-0.33746874
-0.1229689
-0.012482707
-0.13720879
-0.34301843
0.026759508
-0.16992114
-0.27979707
-0.15664078
0.13894733
-0.27330423
-0.35619576
-0.369957
-0.24317536
-0.13470571
-0.36702351
-0.20119219
0.065803398
-0.20453505
-0.092999971
-0.28705622
-0.32269575
-0.22800679
-0.39571833
-0.39901183
-0.20018636
0.10668536
-0.37359097
-0.38848286
0.17447768
-0.28721389
-0.33988704
-0.053657766
-0.25022509
-0.37764836
0.011915672
-0.22638362
-0.38825269
-0.30567531
0.096976932
-0.41240002
-0.35214547
0.033659654
-0.036552095
0.37116311
0.33712406
0.16111061
-0.049719671
0.070873847
-0.13205201
0.37328174
0.13967624
-0.13157435
0.24042194
0.29385054
0.35670797
-0.1892591
0.24357082
-0.20258533
0.30825571
0.3627902
0.33952265
0.34551094
0.31271216
0.31697031
0.28246329
0.27676862
0.24517046
0.23821702
0.20545226
0.21131572
0.17059226
0.16382006
0.12815302
0.17565428
0.28527239
0.12047009
0.084216353
0.091372539
0.04712964
0.15565471
0.053832912
0.0095178825
0.11168287
0.14617537
0.0026996845
-0.035160609
0.2683174
0.10227656
0.1365159
0.17922987
0.068038643
0.16838927
0.21068866
-0.027955821
-0.072566941
0.19776249
-0.041849598
0.23987884
0.22001252
0.31812957
0.28517009
0.33065701
0.25073782
0.2493419
0.28248709
0.24538756
0.2119996
0.097651827
0.059747421
0.10308129
0.27822104
-0.0040171857
-0.049212238
0.058389778
0.31197842
0.25152517
0.064889726
0.10792092
0.021571025
0.14366972
-0.062357892
-0.01079189
0.22924568
0.15611476
0.30647597
-0.10613261
-0.11404335
0.14597417
0.11216489
0.28078265
0.2872287
0.20511206
-0.15262574
-0.047978956
0.028581903
-0.087169536
0.15985311
0.37530665
0.00090881617
0.035773717
0.080573058
-0.16279376
0.10699954
0.35207838
0.31031449
-0.090924185
0.20274969
0.23550981
0.36656956
0.27508481
0.27481114
-0.099882904
0.17165583
0.18323721
0.21486454
0.25381075
0.26709125
0.37629408
0.34809241
-0.170884
0.30542033
0.24918724
0.19788307
0.31676305
0.21542763
0.13437091
0.016273373
0.039961997
0.070892024
0.1393873
-0.079040339
0.076588837
0.18893498
-0.056138106
0.03267537
0.079219139
0.34785069
0.21422262
-0.0085746593
0.34367615
0.12070039
0.22010782
-0.12116643
-0.21759283
0.33984434
0.20066294
0.17886966
0.12463721
0.011553265
0.25847714
-0.020530397
0.33667577
-0.013982234
0.29561214
0.025017362
0.17996423
0.27889648
-0.096888523
0.31993435
-0.15394646
0.30526594
0.041985111
0.090249461
0.11655273
-0.24087251
0.33240569
0.2207862
0.18171863
-0.013823282
-0.13340501
0.15032982
0.19448803
0.30847836
-0.075482679
-0.18364064
0.33069455
0.18372546
