FiniteElementSpace
FiniteElementCollection: H1_2D_P1
VDim: 1
Ordering: 0

-0.23002288
-0.026204358
0.23002398
0.026053734
0.30546586
-0.30540022
-0.28783814
-0.33923398
-0.38001827
-0.40751771
-0.42014908
-0.4171877
-0.39915937
-0.36865743
-0.3263506
-0.27684196
-0.22435133
-0.17126725
-0.1220428
-0.08015699
-0.047719433
-0.014982964
-0.014877853
-0.023581288
-0.037883135
-0.054983641
-0.071618144
-0.083980834
-0.089030614
-0.084646102
-0.068317679
-0.040414682
-0.00095367206
0.048795096
0.10609121
0.1670682
0.28757969
0.33929925
0.38024278
0.40773111
0.42017738
0.41657814
0.39917834
0.36813474
0.32623707
0.27697773
0.22404569
0.1711619
0.12236476
0.080450114
0.047458017
0.015482159
0.014779096
0.023051066
0.037447796
0.055087649
0.071872641
0.083931362
0.089267375
0.084597561
0.068498133
0.040455807
0.00098050087
-0.048634891
-0.10587361
-0.16719008
-0.12827766
-0.20765458
-0.25842676
-0.27666982
-0.26168556
-0.21556631
-0.14340849
-0.052348905
0.048769945
0.15023171
0.24219502
0.31445916
0.36090466
0.37621334
0.35728776
0.22183956
0.11432471
-0.0089072845
-0.13879912
-0.26505984
-0.3776782
-0.46771452
-0.52805263
-0.55423189
-0.54452289
-0.50044559
-0.42453597
-0.32482884
-0.21042966
-0.09025523
0.12804817
0.20726892
0.25815502
0.27664671
0.26181643
0.21578368
0.14353285
0.052787672
-0.04885313
-0.15019518
-0.24172285
-0.31486306
-0.3615255
-0.37660888
-0.35747463
-0.22165337
-0.11460177
0.0088904066
0.13897763
0.26546136
0.37762609
0.46771523
0.52813203
0.55433536
0.54442402
0.49966776
0.42506947
0.32560843
0.21060326
0.089804441
-0.23866031
-0.22663677
-0.19598091
-0.15147501
-0.099454245
-0.046383555
0.001560012
0.038078955
0.058561558
0.059325826
0.038466616
-0.0031482807
-0.062549758
-0.13681083
-0.21962176
-0.38450289
-0.45358742
-0.50510764
-0.53485967
-0.53951972
-0.51751275
-0.47183779
-0.40369692
-0.31713764
-0.22062624
-0.11932015
-0.020553446
0.06860937
0.14253717
0.19730771
0.23918362
0.22636777
0.1955887
0.15138978
0.099811656
0.046684265
-0.0018561422
-0.038092925
-0.058545058
-0.059180016
-0.038476702
0.0028083026
0.06268145
0.13678006
0.21922652
0.38465375
0.45394873
0.50514811
0.53464891
0.5391992
0.51805831
0.47127742
0.40346514
0.31767403
0.22059699
0.11936765
0.020870415
-0.068724858
-0.14246195
-0.19727429
-0.11160819
-0.40832034
0.40409764
0.46221302
-0.53778972
-0.098407362
-0.046383214
-0.13256277
0.10231385
0.018711981
-0.020062
-0.49833788
0.3343024
0.037664821
-0.13654823
0.095566693
0.10153519
-0.37215223
0.4550322
0.32630175
0.2531351
0.17708309
0.090068699
0.019309659
0.098420751
-0.048152114
0.023587498
-0.10713449
-0.18335466
-0.22189526
-0.15241391
-0.24388222
-0.29438409
-0.073613143
-0.18158113
-0.24767369
-0.30695482
-0.28512296
-0.092525683
-0.33701737
-0.29034548
-0.12804261
-0.046068807
-0.23384344
0.15741241
-0.33133536
-0.38501653
-0.26254444
-0.22955354
-0.087169326
-0.015634432
0.04463335
0.060004688
0.13574918
-0.18391262
0.12880422
-0.36573989
-0.42533896
0.21848352
0.17599276
-0.011187769
-0.17313963
0.37355518
-0.22339568
-0.31432971
-0.27041408
-0.3965497
-0.42052225
-0.14577358
-0.35684265
-0.41904531
-0.46429949
-0.11049683
-0.15974306
-0.19469408
-0.10476104
-0.2202244
0.22108165
-0.43122167
0.077362373
-0.12003188
-0.14750649
0.054953893
-0.30634649
0.31581567
-0.48041421
-0.49769017
0.30411495
-0.48243141
-0.13254921
-0.1581418
-0.021785581
-0.12916814
-0.39030497
-0.31149997
-0.51747508
0.32185046
-0.47433404
-0.06510105
-0.45462395
-0.51848991
-0.097879093
-0.076008356
-0.048826633
-0.01233283
0.042999407
0.093780181
0.12886826
0.23188312
0.29053117
0.47685305
0.39735268
-0.53134669
-0.47506865
-0.021518142
-0.44503648
-0.41607355
-0.045410725
0.038690864
0.21980007
0.15761899
0.24285116
-0.13299306
-0.041673965
-0.11695414
-0.34337991
-0.30991793
-0.36547638
-0.24656515
-0.20866731
-0.19301562
-0.2918157
-0.089054181
0.0097966881
-0.18703943
-0.32486748
0.051050177
-0.26391106
-0.063583432
-0.37340534
0.11616422
-0.20356355
-0.22977509
0.099488588
-0.25510459
-0.0034223146
0.19337084
-0.36418304
-0.16546607
-0.22422988
-0.17342903
0.27872085
-0.13453043
-0.42872018
0.24779179
-0.029109653
-0.11988365
-0.089379638
0.39123027
-0.35397248
-0.062897062
-0.00063287418
0.16186795
-0.30632243
-0.47718795
-0.052932201
0.046241045
-0.51944896
0.17278578
0.38315098
-0.13794555
0.037453191
-0.24548343
0.048574444
-0.099116585
0.10428814
0.049193615
0.14505106
-0.26873695
0.46127019
0.039220087
0.29313474
-0.083333888
-0.49644395
0.35289705
-0.29050253
0.44985507
0.25263602
0.10862989
-0.52097509
0.31182096
-0.41256229
0.36736156
0.20023648
0.23340587
-0.44889905
0.27183626
0.33562595
0.35815624
0.39136604
0.38822197
0.43492579
0.41426989
0.461829
0.41916189
0.46944007
0.40292954
0.4564324
0.36604141
0.42281605
0.3113577
0.24145054
0.37077953
0.17085406
0.094747326
0.014645661
-0.061198449
0.091964623
0.35627797
0.019259001
-0.13092746
0.50455702
0.4653977
0.41612214
-0.068744457
0.0093439061
-0.21175104
-0.26907631
-0.050707448
0.4895675
0.44478635
0.35008274
0.38188639
0.27001479
0.49991694
0.30653893
0.093856529
-0.33994506
-0.37909177
0.46064019
-0.14984154
-0.071551783
-0.31010147
0.026098898
-0.22352722
-0.30151705
-0.11167117
0.51804921
0.18234615
0.39969606
0.32864644
0.15822215
-0.40092528
0.34714249
0.16563547
0.22791329
-0.43290561
-0.35265073
0.13341969
0.39829793
-0.034746167
-0.15917512
0.036767029
0.090823697
-0.11490336
-0.41561295
-0.32706941
-0.086181508
0.098032487
0.21862635
0.16931971
0.27521563
0.31492901
0.33670353
0.23663887
0.18153816
0.41653328
0.43544895
0.50112098
0.4811594
0.51147992
0.52036289
0.50740035
0.47273885
-0.38267739
-0.49484966
-0.49226471
-0.52356396
0.3974544
0.30318973
0.36419148
0.46917446
0.47928437
0.49596117
-0.36482208
0.20609173
0.45547786
0.21499727
0.33603048
0.22229383
-0.18937209
0.24271844
0.16722136
-0.2269377
-0.14305918
0.49247728
0.49217989
0.46892266
0.40771059
0.29867265
0.27378208
-0.23412123
0.3034983
-0.28407273
-0.46387775
0.22521277
0.33954048
-0.47186438
0.44903124
0.30940215
-0.41996729
0.16318279
-0.43178379
0.26977119
0.079179271
0.014867363
0.40352304
-0.19751275
-0.012178317
0.51782729
0.30810633
0.35275741
0.26578438
-0.21265485
-0.39194545
-0.45062851
-0.49521832
0.25571719
-0.39476913
0.11789753
0.12475456
0.42778668
0.44533824
-0.24680598
-0.14609755
0.51749184
-0.4380041
-0.38790753
0.14713274
-0.46945535
0.52144228
0.29726636
-0.4557746
0.34381699
0.12147702
0.57395312
-0.28525272
-0.13288551
-0.043535822
0.13373837
0.57255212
0.28943802
-0.35947634
0.3983468
0.056619608
-0.17633556
-0.02128866
-0.33868944
0.03660925
0.054842282
-0.072445608
-0.26443529
-0.23682494
-0.13870087
-0.19126383
-0.037472431
-0.09764062
0.059466894
0.12867108
0.22047159
0.29245747
0.37160317
0.29047527
0.42316526
0.49991564
0.52748916
0.33427126
-0.0096175742
0.594679
0.59415099
0.51933781
0.55698018
0.5576377
0.47696863
0.48644976
0.63887535
0.59215543
0.55194928
0.45459908
0.1924915
0.65662709
0.6000871
0.5101379
0.67399576
0.50996241
0.39907887
0.38986415
0.33467642
0.39835214
0.50412409
0.26925384
0.27973774
-0.15207124
-0.073612776
-0.084864706
0.066315309
-0.0062572805
-0.12892233
-0.069646229
0.043525981
0.42811563
0.3835027
0.32732833
-0.17478652
0.59685719
0.53254703
0.67579275
-0.23000267
0.25833782
0.28338689
0.22347633
0.31406077
0.24561214
0.28025505
0.61659047
0.35101373
0.49265651
-0.25112179
0.21221881
0.25457052
0.14631895
0.12327688
0.11452751
0.11158103
-0.019152279
0.098128576
0.55319909
0.21667662
0.41607715
0.037934731
-0.32193232
0.61312242
0.61185547
0.62219971
0.15852438
0.49491909
-0.18810997
-0.038212958
0.10562911
-0.11211833
-0.12158958
-0.35585232
-0.22888068
-0.20859878
0.41285493
0.28063465
0.33875774
0.20068984
0.11296605
0.12707074
-0.34834258
-0.23654897
-0.011732939
0.023739582
0.14387223
0.43857891
-0.1985697
0.12087102
0.44266252
0.40662309
0.61749959
0.18116736
0.34666018
0.38544143
0.64678812
0.48640175
0.2084966
0.65342335
0.077647789
-0.2725668
0.20633757
0.13871484
-0.29336136
0.022602825
0.38696006
0.2856083
-0.087596231
-0.30569507
0.15505545
0.24167803
0.58722671
0.64883639
0.24171999
0.31265826
-0.30079658
0.22679804
0.079378549
0.66387521
0.14877161
-0.017326898
0.16426428
-0.037778031
0.14867862
-0.2644518
0.6526234
0.65200037
0.54850204
-0.18351862
-0.27439272
0.049169859
0.06764972
0.6182527
0.10349869
0.44545419
-0.057911343
0.00039798104
0.48451254
0.024769439
-0.29873187
0.39285531
-0.064936133
0.030277965
-0.070420825
0.19155979
-0.077362892
-0.020660794
0.018737691
0.13651335
-0.23300712
0.10414423
0.058074531
-0.074114496
0.31359203
-0.20769542
0.19027291
0.31504546
0.16269087
-0.082608974
0.018347823
-0.0041112682
-0.079498962
-0.01950963
-0.082580204
-0.028524675
0.031268326
0.017666729
0.070312318
0.054078783
0.0084428751
0.042649105
0.08005844
0.068844444
0.0027282372
-0.080373921
0.095487572
0.087192378
0.061137513
0.082909052
0.10936427
0.055218015
0.080560585
0.10995186
0.12623538
0.10038716
0.10414248
0.091650327
0.10921842
0.12821802
0.15055822
0.10028496
0.15655341
0.1827163
0.078035785
0.10714275
0.19239803
0.11459245
0.22155023
0.23375608
-0.13167444
-0.11825135
0.076679373
-0.074392805
-0.10313416
-0.13779143
-0.11475
-0.089300822
0.027518272
0.020396114
-0.0084278382
-0.13633437
0.10433387
0.10498292
0.083910059
-0.16826898
0.18730901
-0.01624635
-0.041562834
0.011462677
-0.036340316
0.071897968
0.090919087
0.11778126
0.14591047
-0.15290844
0.10604819
0.13612245
-0.063214208
-0.066669309
0.22544991
0.17235499
-0.094535195
0.14094771
0.074801957
-0.02928515
0.12627583
-0.081101605
-0.14637808
0.0070007202
0.0039664757
0.061584685
0.16877006
0.054144918
0.10854056
0.25998773
0.0141464
-0.074409603
-0.10329511
-0.23431827
-0.074714527
-0.11470766
0.095472328
0.16721468
0.18798708
0.2495833
0.29312271
0.26696982
-0.20275093
-0.14148177
0.10875114
0.050328875
-0.032425589
0.096040705
-0.16187476
-0.067719972
0.034538194
0.049491308
0.098630647
-0.050219559
-0.002157513
0.12648868
0.10121225
0.12953227
0.028234437
0.099132815
-0.075996403
-0.1836956
-0.03343044
-0.046844062
-0.20091984
-0.078945793
0.15627091
0.14730442
0.2032518
-0.14820848
0.23488282
-0.033717663
0.11358729
0.055324496
0.14337901
0.040624463
-0.19219204
-0.00291666
0.11378977
0.084701968
-0.063174541
0.33994286
0.063326858
0.14981193
0.1642725
-0.12320942
0.046528574
0.091990154
0.089897508
0.20263408
-0.088872014
0.28910934
-0.080687307
0.066936656
0.098387387
0.13243296
-0.087146517
0.2039752
0.046448325
0.17534459
-0.16901283
0.18364078
-0.43787439
-0.13189716
0.28865731
0.49866422
-0.36197019
-0.46962137
0.19433549
-0.010897524
-0.31403701
0.36381943
-0.24853291
-0.41383397
0.5202991
-0.18723441
-0.2765927
0.44900004
-0.15768085
-0.30594807
0.49445278
0.48790606
0.48700438
0.43564296
0.40939138
0.34287284
0.29444431
0.21787683
0.15323126
0.072990107
-0.0032445487
-0.079900899
-0.15755219
-0.22274192
-0.29591426
-0.23236494
-0.34548479
-0.36132576
-0.2980139
-0.41434701
-0.35361321
-0.45729227
0.22736237
-0.22123928
-0.27955123
-0.0040021328
-0.2748363
-0.37801083
-0.49198158
-0.51117537
-0.39562028
-0.32496702
-0.13653168
-0.31131527
-0.39154682
-0.44507449
-0.43410419
-0.47014788
-0.32806697
-0.43350772
-0.068331914
-0.42088097
-0.35411564
0.2678228
-0.5241123
-0.517527
-0.24424705
0.027724579
-0.50850481
-0.51730521
-0.049994795
-0.1897722
-0.44939258
-0.40167809
-0.38031474
0.10369182
-0.27263441
0.44687329
-0.48052459
0.0044928011
-0.43141309
-0.50628477
-0.49123067
-0.35424446
0.1221007
0.034478933
-0.45205188
-0.38862326
-0.44603927
-0.49520735
-0.13591656
0.19526239
0.19973049
0.25316108
0.33539935
0.37252421
0.52185852
-0.31437251
-0.31558833
-0.20521561
-0.31348758
-0.46118809
-0.026734677
-0.10627016
0.0086131675
-0.21578016
-0.080386771
0.047332679
-0.36546323
-0.38013443
-0.44843369
0.085671038
0.29046876
0.33723699
-0.28290736
-0.34029873
-0.10348218
0.4096238
0.46315315
0.37018639
-0.22072878
0.44432155
-0.3916958
-0.19729311
-0.4074963
-0.15414385
-0.50653322
-0.4525814
-0.38580139
-0.14545004
0.13926819
0.19015849
0.37096346
-0.08005059
0.45969322
-0.1115846
-0.43605922
-0.47241431
-0.30359007
-0.48524637
0.077419226
0.13143418
-0.47245872
-0.28550082
-0.21072182
-0.23528549
-0.25495188
0.42048281
0.16483007
-0.51040368
-0.29482536
0.093826791
0.24456954
-0.49667721
-0.24090364
0.4109989
-0.24510971
-0.37893182
-0.47590361
-0.37413507
-0.43242406
0.28886425
-0.11723841
-0.25365232
0.39416192
0.39703873
0.2833498
-0.031717139
-0.35843666
-0.48991653
-0.075244373
-0.49161446
-0.18452872
-0.33608042
-0.45209035
0.43986892
-0.32182888
-0.16305301
0.28810931
-0.078447553
-0.58071259
-0.57416823
-0.13243397
0.34273168
0.13139302
-0.29588919
0.11489644
0.022198932
-0.058217475
0.35357388
-0.39351428
0.22903404
-0.040409689
-0.16460142
0.09830958
0.30622866
-0.61568395
-0.65306516
-0.61077791
-0.66440431
-0.61360882
-0.6481167
-0.66988643
-0.63422809
-0.6265569
-0.57339948
-0.57306188
-0.49740838
-0.47131346
-0.38509559
-0.4914457
-0.58988905
-0.33621557
-0.24737032
-0.28877464
-0.15244861
-0.41417122
-0.18940695
-0.059800164
-0.26145793
-0.33045817
-0.096028582
-0.65335356
-0.092784682
-0.2041194
0.024964948
0.070821558
-0.16902378
-0.23247221
-0.38426377
-0.2759446
-0.4190543
0.13796616
-0.30485707
-0.10593717
-0.19635056
-0.43196069
-0.29011202
-0.52933155
-0.5002912
-0.65673263
-0.54168311
-0.44974944
-0.38670977
-0.33763972
-0.38305865
-0.09560154
-0.25477665
-0.29793228
-0.26720439
-0.0055373002
0.19135871
0.12910321
0.23299758
-0.29137008
-0.53437645
-0.36663668
-0.58346571
0.18195768
0.060291339
-0.16372699
-0.15425074
-0.52659146
-0.30883247
-0.21397899
-0.6034559
-0.28008923
0.25549335
0.20065691
0.25436017
0.26319294
-0.099880661
-0.020968932
-0.23623735
-0.51230719
-0.11914981
0.35526514
-0.16811346
-0.13985247
0.24144442
0.18799936
0.034729049
-0.16587425
0.073225516
-0.10666328
-0.19462571
-0.61117961
-0.50771177
-0.4138915
-0.53380088
0.33793397
0.17601394
-0.020111922
-0.13409715
-0.16271248
-0.29909474
-0.42122136
0.01345271
-0.11968816
-0.67740265
-0.60464833
-0.53937942
-0.41757885
-0.47456817
-0.40517734
-0.30520698
-0.18140075
0.090931172
-0.0097199226
0.28829623
-0.0077209823
-0.47403853
0.054201913
-0.020974408
-0.42875434
-0.53853957
-0.023042818
-0.30596677
-0.39895394
-0.51182197
0.046776045
0.0726892
0.26760568
-0.046018781
-0.12176293
-0.60464007
-0.45665948
0.12493773
0.06123152
-0.17324201
-0.65544378
-0.3946422
-0.2897956
0.30042416
0.13990643
0.15074979
0.10186646
-0.62521837
-0.026576024
-0.066060535
-0.024104394
0.18235127
0.27232889
-0.045504465
-0.31879626
0.20287156
-0.073838168
-0.18937545
-0.57521746
0.17960752
0.29800494
-0.065604696
0.35287385
-0.20177573
0.078413672
0.07586909
-0.02714388
-0.017654015
0.022716291
0.19921952
-0.19420041
-0.13279397
0.073962998
-0.31233187
-0.058904685
0.23220618
-0.10621826
0.076131938
-0.19046886
-0.23404259
-0.15978046
0.14796829
-0.0090075097
-0.058616698
-0.073425514
-0.089527646
-0.098681295
-0.1009512
-0.1027158
-0.09939716
-0.10948595
-0.091362279
-0.080521059
-0.060889625
-0.074979909
-0.034172482
-0.050556068
-0.1038531
-0.048912904
-0.00028315931
0.0088001595
0.046042973
-0.094172939
0.047818662
0.083421032
-0.068962722
-0.11952341
0.040511592
-0.11145404
0.077491758
0.048307842
0.10673242
0.12087545
-0.094177313
-0.15055382
-0.15831894
-0.19413589
-0.17999072
0.13586367
-0.21742814
0.072608674
0.050004936
-0.18015513
-0.22912446
-0.11199389
-0.10837874
-0.054092397
-0.091023124
-0.0874749
-0.11144174
-0.080713797
-0.054694739
-0.031105612
-0.11082597
0.019438995
0.025040244
-0.054773426
0.15973473
0.13181935
0.16414141
-0.13619506
-0.1483045
-0.0093699833
-0.12577935
0.12880088
0.016690109
-0.23114656
-0.14182873
-0.12482501
-0.0012814341
0.03443875
-0.10786227
-0.039109647
0.18012217
0.13703488
0.13738005
0.12733866
0.071268862
0.082761807
0.00416082
-0.057871864
0.066169234
0.23163635
0.055123353
0.048091512
-0.017859053
-0.10821215
-0.15553814
-0.16688799
-0.26818679
-0.014435638
-0.063596013
-0.003792446
-0.070964147
-0.09454121
-0.095689559
0.20503099
0.073369292
-0.3291183
-0.28183519
-0.271514
-0.19608097
-0.15803519
-0.10672699
-0.10748822
-0.087908981
-0.094009465
-0.10708895
-0.12593982
-0.06545009
-0.023453405
0.01483648
-0.013245693
0.11160807
0.087162599
0.19788002
0.092881641
-0.12923948
0.086293323
0.079015607
-0.12066221
-0.072542134
0.030817656
-0.14427523
-0.015967133
-0.14948811
0.077371199
-0.19708362
0.090099396
-0.31775055
-0.1849744
-0.12741837
-0.042301941
0.0792633
0.091691602
-0.16203095
-0.095363643
-0.033786804
-0.14338242
0.18734727
0.098848218
0.00368489
-0.076361715
-0.061195232
-0.14789955
-0.12163133
-0.2254081
-0.20286207
0.084104422
-0.29241554
-0.02449683
0.10463303
-0.27192539
-0.017668199
-0.07702861
0.064093371
0.15703063
-0.17091621
0.15824006
-0.25012596
-0.45839918
0.096436285
0.4748472
0.23649646
-0.22645629
-0.45916028
0.094002659
0.0075083348
0.53157313
0.020634327
-0.33864845
0.027272373
0.039632111
0.44890041
-0.047298771
-0.096054065
-0.14201115
0.25158279
0.40933853
0.46113544
0.50234561
0.47034784
0.48377837
0.43506572
0.42563683
0.37685544
0.37216119
0.31369636
0.29103239
0.22301377
0.25066088
0.15986086
0.17633422
0.420092
0.19188423
0.105409
0.050803812
0.0066752103
0.25757221
-0.066859149
-0.095215886
0.20382674
0.24380484
-0.019603832
-0.10303933
0.39320876
0.19635509
0.21306452
0.25702326
0.15855025
0.20252529
0.24178534
-0.18951617
-0.17602085
0.17011803
-0.027765214
0.19898844
0.10296418
0.4721648
0.38167426
0.39793657
0.31632185
0.25402163
0.32360962
0.17626742
0.10335827
-0.018805148
-0.15139348
-0.098271232
0.25251173
0.039949208
0.032174463
0.15588031
0.38285713
0.28122484
-0.24109065
-0.18148553
-0.27529033
-0.03035339
-0.26758524
0.079163786
0.34601486
0.14266228
0.31888456
-0.2297903
-0.14006118
-0.11167946
-0.26274119
0.22539347
0.31188447
0.0090995545
-0.18044199
0.073144855
-0.36917086
-0.015030348
-0.15499612
0.51900538
0.11010412
0.10934603
0.1377339
-0.022025321
0.061881026
0.32618837
0.1547553
-0.41328283
-0.098269151
0.067961536
0.50012203
0.14388655
0.18695118
0.045534391
-0.033130505
0.048219218
-0.014199064
0.024417783
0.12836501
0.53807896
0.5188884
-0.2439772
0.43308199
0.3576028
0.31488417
0.43783564
0.18654684
0.108913
-0.18048142
0.064804662
-0.32792345
0.043514244
-0.089678601
0.14206752
0.29532813
-0.36434235
0.10360981
-0.40673884
0.51073105
0.2467831
-0.47476409
0.47794669
-0.32713547
0.3018143
-0.061044667
-0.055452907
0.37101843
-0.096498887
0.11508142
0.1685732
0.12110483
0.34453679
-0.28351964
0.42495815
-0.38087569
0.38069319
0.12259506
0.040022664
-0.048532181
-0.32242432
0.32280706
-0.094298418
0.27439097
0.13486615
0.17185871
0.11821452
-0.052687909
0.31817007
-0.15900115
-0.024763135
0.099081625
-0.26532122
0.081325821
-0.082905795
0.25244755
0.077012432
-0.10630646
0.3760629
0.11115051
