FiniteElementSpace
FiniteElementCollection: H1_2D_P1
VDim: 1
Ordering: 0

0.28463423
0.24251963
-0.28449778
-0.24249057
0.54415167
-0.54420862
0.26378924
0.2232825
0.16727465
0.10169995
0.033201855
-0.031214572
-0.085405846
-0.12321568
-0.1407575
-0.13639315
-0.10868644
-0.061128694
0.0034569124
0.080165658
0.16164966
0.31367905
0.36935043
0.40555616
0.41790514
0.40494315
0.36737287
0.30739682
0.22942743
0.13936057
0.043779167
-0.049347469
-0.13404035
-0.20380893
-0.25388906
-0.28104085
-0.26336183
-0.22288719
-0.16708088
-0.10170489
-0.033403102
0.031280672
0.085037782
0.12292419
0.14074539
0.1361248
0.10892797
0.061241354
-0.0036092716
-0.080088585
-0.16161873
-0.3130136
-0.36919607
-0.40522933
-0.41783205
-0.40544505
-0.36765255
-0.30731654
-0.22968397
-0.13949381
-0.04400035
0.049509663
0.13436946
0.20410492
0.25379884
0.28077122
0.20679247
0.15789984
0.10217873
0.04699369
-0.00068384382
-0.034467347
-0.049501087
-0.042520355
-0.01233833
0.040109418
0.11219138
0.19784339
0.29073591
0.38449974
0.47057676
0.59337382
0.61917092
0.61640516
0.58502357
0.52653928
0.44485548
0.34541711
0.23518391
0.12169583
0.012863898
-0.083956641
-0.16251915
-0.21921907
-0.25110808
-0.25814014
-0.20636042
-0.15756118
-0.10211145
-0.046997708
0.0006050817
0.034510461
0.04966559
0.042552818
0.011990266
-0.040421328
-0.11193822
-0.19752859
-0.2910235
-0.38473186
-0.47048777
-0.59322825
-0.61878341
-0.61605523
-0.58496943
-0.52705568
-0.44507886
-0.34518468
-0.23533704
-0.12179008
-0.013026571
0.083707613
0.16294139
0.21942866
0.25101231
0.25785854
0.41033919
0.51607243
0.59085719
0.62758955
0.62210815
0.57394122
0.48585581
0.36411754
0.21800587
0.058581345
-0.10188252
-0.25073709
-0.37725583
-0.47204298
-0.52855987
-0.51511664
-0.45014132
-0.35449909
-0.23740445
-0.11035572
0.014651538
0.12576256
0.21249111
0.26680689
0.28311827
0.25977801
0.19878251
0.10460239
-0.014335018
-0.14742047
-0.41018454
-0.51574789
-0.59043982
-0.62739997
-0.62241205
-0.57393278
-0.48574446
-0.36431299
-0.21813458
-0.058687759
0.10171076
0.25096833
0.37751696
0.47197979
0.52812747
0.51549997
0.45038402
0.35449808
0.2374165
0.11036707
-0.014621549
-0.12554604
-0.21258291
-0.26674373
-0.2833777
-0.25996954
-0.19871443
-0.10481055
0.014399329
0.14746537
0.24559141
0.21842717
-0.24961809
0.084801572
-0.081321953
0.091354032
0.42592359
0.21844535
-0.528968
0.43787651
-0.069734614
-0.34002742
0.25458137
0.041965987
-0.59772589
0.33780827
-0.16735922
-0.52882299
-0.1320577
-0.13132412
-0.24642027
-0.11834243
-0.22785521
-0.092574202
0.014928601
0.041134874
0.14076781
0.16118983
0.07171729
0.18192603
0.25715551
0.26282393
0.10682553
-0.19295733
0.32050989
0.30721339
0.26330415
0.28724786
0.32583432
0.25923577
0.26218106
0.36958616
0.38294922
0.31138614
0.12101694
0.25197991
0.22977662
0.23357114
0.22482193
0.40555704
0.42319993
0.38321472
0.42587099
0.36990776
0.17605912
0.411853
0.24139167
0.20078686
0.34406535
0.39293246
-0.32517205
-0.27919645
-0.01549547
-0.14267889
-0.21494805
-0.3464259
-0.26744711
-0.13865853
0.37339599
-0.39445538
0.16982602
0.1241213
0.39053627
0.15040902
0.21658794
0.088136712
-0.45941684
0.282638
0.07797873
0.23291604
0.1335183
0.3392187
0.44726888
-0.49283815
0.248319
0.021803264
0.083846076
0.1830038
-0.16916929
0.12620981
0.2070803
0.028378743
0.20717982
0.23145107
0.25057002
-0.046675725
-0.35932967
0.14335347
0.0017393115
0.17397398
0.040084517
0.32587126
0.38515446
0.43244893
0.44390681
0.41181284
0.42719299
0.38674447
0.33668451
0.301868
-0.019382611
0.19503845
-0.21525778
-0.29264628
-0.577679
-0.44655316
-0.42478333
0.14616578
-0.13202286
-0.45505333
-0.35189503
-0.0048307026
-0.055176445
0.24659428
-0.40530803
-0.084474607
0.20122844
0.21688874
0.270791
0.20544746
0.34481258
0.24240083
0.049371226
0.32252602
0.32939806
0.25836159
-0.44052701
-0.010401801
-0.50502814
0.13872348
0.31069253
0.27747881
0.25861245
-0.074967019
-0.58720262
0.44628043
0.21261707
0.036076751
0.28086893
0.23165058
-0.54402706
0.09700894
0.17936328
-0.027916575
0.28795341
-0.018228282
0.33635558
0.3907252
0.085855222
-0.51530033
0.42581549
0.45268
-0.19258421
-0.56722769
-0.077512787
0.10360249
0.44896928
-0.1664302
0.33582389
0.16144804
0.28519142
-0.074786929
-0.55792555
0.37166159
0.14395993
0.43104037
0.29582064
0.29924454
0.28941461
0.18251343
0.082477598
0.089078959
0.30215072
0.014414917
0.17494808
-0.12497135
0.035253228
0.067832144
0.16520017
-0.24306296
-0.0096801873
-0.31226934
-0.079000053
-0.11797632
-0.064757641
-0.42744846
-0.064916982
0.033019395
0.08231962
0.12882361
0.16728324
0.21775217
0.25764038
0.29639988
0.32375446
0.35731541
0.37718207
0.40133274
0.41236855
0.42698141
0.42985766
0.3963157
0.43429798
0.40508489
0.3515852
0.35219932
0.27987689
0.4001474
0.27646714
0.27700281
0.19119362
0.36691679
0.41182643
0.40659954
0.34214245
0.3838967
0.1853338
0.085295826
0.19034866
0.36709629
0.34806552
0.38647709
0.31656577
0.35491159
0.28925973
0.27609547
0.26381235
0.076292292
-0.030748706
0.25157881
0.32449444
0.35978947
-0.014571533
0.17925923
0.25990432
0.23954584
0.10111113
0.36826895
0.31706604
0.21169013
0.17004776
0.23389391
-0.13975057
0.072145078
0.41778319
0.31075055
-0.032573878
0.16330255
0.37109479
0.086861649
0.094819957
0.019020607
0.33610177
0.28181324
0.33070802
0.13915555
-0.10955913
0.024768646
0.15727708
0.20281106
0.13846775
0.16528466
0.038974724
0.044195443
0.13421637
0.062069793
-0.022969611
0.20189581
0.26419837
0.26421931
0.24818865
0.3236782
0.31578807
0.14553689
0.2107575
-0.34759002
-0.23695751
-0.12295898
0.19882225
0.13021898
0.1460657
0.095068502
0.17133457
0.19242894
-0.21897188
-0.0078847064
0.25227332
0.10031109
0.14561983
0.24018096
0.096515082
0.43092107
0.33818495
0.30110143
0.27409299
0.40027812
0.31686465
0.26306795
0.16459186
0.37126668
-0.011960722
0.005049885
0.42482934
0.17737778
-0.32378346
0.40213535
0.33061374
-0.016911888
0.24335061
-0.11871852
-0.40738763
-0.091036394
-0.24738049
0.27195057
0.39290027
0.24705736
0.19917655
-0.045827902
0.36243757
0.32118847
0.066910693
0.21796733
0.01239056
0.30058287
0.076929368
-0.13485484
-0.13591783
-0.17795052
-0.47552307
-0.16348875
0.083641603
0.20907198
0.1181996
-0.051271054
0.33295371
0.36260677
0.073283218
-0.19645983
0.21577374
0.099628055
0.31177665
0.2303289
-0.22146093
0.10180313
0.24499401
-0.3265865
-0.034798242
-0.083011232
0.57535548
-0.066437946
-0.0067176254
-0.56429212
0.1598745
0.13817106
-0.36045834
0.59116979
0.001511428
0.2933952
-0.613525
0.13043203
-0.55661594
0.45053376
-0.071682317
0.00082026216
0.056844461
0.072170387
0.14391706
0.1367567
0.065589176
0.10487658
0.037076307
0.050127285
0.13232759
0.051692261
-0.023686371
-0.046087147
0.14558102
0.22143894
-0.11052226
-0.15366128
-0.075297483
-0.19965424
-0.073039525
-0.10857356
-0.24476147
-0.14500571
-0.092631639
-0.31953794
-0.37195887
0.014299504
-0.14733281
-0.081745957
-0.048932133
-0.21722571
-0.025493602
-0.016205801
-0.28527328
-0.41319996
0.016068244
-0.42594846
0.002898668
0.052136336
0.22580141
0.31212902
-0.036605644
0.28321742
0.37974472
0.40014959
0.46942463
0.42350895
0.026582978
0.0036085869
0.14331311
0.47735079
-0.35978828
-0.44317263
-0.20416698
0.38669815
-0.017126319
0.12752739
0.26596195
-0.023910562
0.26125606
-0.3114223
-0.3639894
-0.0072461742
0.016326781
0.44603211
-0.43645721
-0.5135314
0.37305444
0.38480652
-0.021662972
-0.027939623
0.50814967
-0.52957175
-0.40755431
0.11303061
-0.51155529
0.4929553
0.021184505
-0.20941885
-0.10485684
-0.075980471
-0.60207533
0.079844926
-0.089485938
-0.042936765
-0.22009888
0.60469758
0.55512581
0.23176779
0.53928764
0.52725125
-0.49835802
0.17582624
0.10282501
0.12418125
0.061507458
0.010569763
0.087380605
0.12721356
-0.47410521
0.017363896
0.18921732
-0.010218553
0.30934207
0.32542193
0.042539719
-0.14346987
-0.2613916
0.25874236
0.14769305
-0.47911472
-0.20153211
-0.044189007
-0.19591732
-0.28871644
0.39516389
0.20275442
0.2261359
0.090630588
0.27966316
0.50248166
-0.025228477
-0.55634727
-0.60414444
0.35723981
0.19357925
0.24771056
-0.047329025
-0.2660871
-0.012588416
-0.17220571
0.34813758
-0.043222588
-0.01387146
-0.28504496
0.35309602
0.051441532
-0.3326561
-0.051269557
-0.58063435
0.46774079
-0.17161235
-0.12570038
0.0097747248
-0.57609671
0.35694331
0.20057565
0.44232005
-0.3370774
-0.43823609
0.074954316
0.56343164
-0.046878004
-0.40823321
-0.58635111
0.38633937
0.053869639
0.1017075
-0.46384949
-0.015574717
0.083827332
0.33806815
-0.094970506
-0.016664717
-0.63386109
0.071039992
0.2693264
-0.27131137
0.37420632
0.24998746
0.1822082
-0.5559213
0.41096765
-0.40011174
0.31385774
-0.003471145
0.0013918861
0.0086251152
0.0025418078
0.029112075
0.00049613136
-0.023792176
-0.04822997
-0.069364826
-0.11463332
-0.070927855
-0.15471139
-0.19425399
-0.24815083
-0.089161344
0.046435186
-0.28150479
-0.34472149
-0.286693
-0.38757175
-0.20265551
-0.30592528
-0.40635634
-0.28110657
-0.17867906
-0.47894843
-0.49356387
-0.023591107
-0.2476997
-0.12518618
-0.070828166
-0.35706689
0.00065477233
0.034166493
-0.39978097
-0.47776563
0.11247025
-0.55429402
0.12622925
0.22058672
0.074895978
0.10884534
0.017427826
0.060541903
0.13795893
0.18080367
0.22069626
0.16168389
-0.19963209
-0.1985107
-0.091326686
0.25560119
-0.51458282
-0.57665867
-0.31832264
0.19897755
0.052246638
-0.074341482
0.029484768
-0.18103399
0.0061205613
-0.36608476
-0.51206922
-0.063660555
0.080580425
0.26018918
-0.43511461
-0.53369371
0.11692961
0.15299749
0.12169319
0.056211963
0.24790948
-0.46565866
-0.54695042
-0.039388362
-0.60953058
0.23880105
-0.0045377185
-0.32196757
-0.17422383
-0.11455298
-0.61195541
0.14236693
0.030360156
0.15905
-0.18764341
0.36870251
0.31160436
0.12642888
0.3565484
0.31780237
-0.61382333
0.37316059
0.26652268
0.351834
0.298556
0.2031985
0.025512736
0.037182542
-0.33762376
-0.0010878675
-0.0035342906
-0.13044756
0.13415269
0.072985441
-0.18486032
-0.3049106
-0.43597368
0.060584326
-0.097609286
-0.56060733
-0.36813065
-0.11591665
-0.23646869
-0.44736177
0.20344622
0.081715527
-0.0068638846
0.0026747222
0.13765202
0.27971032
-0.028030199
-0.60084023
-0.47172956
0.24411809
0.44617099
-0.0060962267
-0.053177739
-0.39365655
0.00033352335
-0.27949174
0.19733221
-0.14168758
0.015959309
-0.42690013
0.089575544
0.32834572
-0.31661398
0.053848901
-0.55870487
0.29982745
-0.26515153
-0.1952616
0.040862964
-0.37753953
0.26582934
0.48772051
0.17878481
-0.47767875
-0.37385749
0.1788557
0.31298996
0.097849027
-0.54460671
-0.49866526
0.23908245
0.17696398
-0.2104049
-0.095412383
-0.27906646
-0.00047528618
-0.17985099
-0.098642668
0.042568029
-0.25402931
-0.039658486
0.21872088
-0.062001081
0.030422162
0.24216438
-0.066496629
0.059438935
0.42733975
0.092125872
0.13142281
0.34835963
0.22977877
0.12014284
0.10627177
-0.0044210803
-0.017299191
-0.12302129
-0.13184474
-0.22827091
-0.22987368
-0.31381406
-0.3063609
-0.37411573
-0.35572927
-0.4067404
-0.41917579
-0.37787479
-0.43213482
-0.43533299
-0.42753581
-0.41942088
-0.41848353
-0.22108336
-0.42301875
-0.39679461
-0.22298062
-0.32242333
-0.33234452
-0.39537542
-0.381967
-0.37030446
-0.337062
-0.39860459
-0.27609772
-0.27181153
-0.31798557
-0.24649442
-0.28293947
-0.21273804
-0.20410746
-0.39950675
-0.29273934
-0.25006839
-0.032460423
-0.34362725
-0.32646563
-0.29654999
-0.37182104
-0.34187457
-0.27406195
-0.36624784
-0.25121667
-0.23298836
-0.15721391
-0.11399426
-0.34400074
-0.19897912
0.20478629
-0.390993
-0.36814132
-0.1982671
-0.26491288
-0.30072854
-0.062453154
-0.3384077
-0.33013171
-0.24459713
-0.1791881
-0.23944986
-0.19277237
-0.25394974
-0.30761169
-0.31270084
-0.26505337
-0.23095057
-0.16430228
0.12176404
-0.017100471
-0.065048449
0.0091407118
0.005925159
-0.18131839
-0.071792872
-0.13838196
-0.099889976
-0.15830676
-0.17982178
-0.13853139
0.085734934
-0.040577352
-0.030541008
-0.02438482
0.12513605
0.12357353
-0.074925713
-0.12746028
-0.17308059
0.31572251
0.0055497055
-0.11335129
-0.096321994
-0.12095424
-0.15474313
-0.36403692
-0.41150466
-0.41579895
-0.27684065
-0.39095456
-0.19066664
-0.28849592
-0.13649932
-0.045912903
0.091276894
-0.37780836
0.31602166
-0.32551326
-0.37298198
-0.32602473
-0.0059421553
-0.34505176
-0.31012301
-0.039121404
-0.14616156
-0.13674118
0.10653055
0.062750464
-0.10769021
0.40763026
-0.29364589
-0.34893177
-0.12342833
-0.29790266
0.041303484
-0.29679814
-0.21822856
0.2267952
0.025318753
-0.18644973
-0.24427318
-0.15222318
-0.088397178
-0.2103858
0.16399985
0.16944108
0.47812141
-0.19986059
0.033767219
-0.29775783
-0.094841379
-0.27480765
-0.22225682
-0.18433069
-0.17815999
-0.11933625
-0.11472329
-0.07198346
-0.10145482
-0.19190736
0.029861989
-0.39601361
0.31288153
0.0093721613
0.059363894
-0.091431182
0.08187497
0.55996865
-0.60561129
0.00086754565
0.3617801
-0.2383982
-0.1403951
-0.53657994
0.61474915
-0.18771557
0.54782462
-0.34227484
0.20755857
0.2644254
0.35703955
0.28823599
0.3646821
0.27532784
0.21080165
0.18009127
0.13226221
0.087099778
0.11725842
0.012917159
0.0042967936
-0.076733348
0.026796828
0.33398117
-0.061535074
-0.14408599
-0.17448153
-0.23970404
0.0018611539
-0.28066413
-0.33893686
-0.038567381
0.0057166955
-0.18476605
0.14568239
-0.3868892
-0.30460497
-0.43334453
-0.36170572
-0.010280324
0.014662453
0.024777544
0.014663705
0.017554252
-0.44141324
-0.0083488962
-0.41437161
-0.31033504
-0.014535008
-0.055050009
0.43049566
0.382384
0.16861792
0.26623216
0.29791455
0.41778528
0.31861077
0.1868233
-0.057284161
0.44108076
-0.19321142
-0.1786871
-0.0080635349
-0.3481676
-0.27293284
-0.41211755
0.51389908
0.036081851
-0.060575893
0.087989183
-0.50174103
-0.055878088
0.010265819
0.53031602
-0.0067134245
-0.034540659
-0.15258121
0.062556638
0.18962875
-0.23481014
-0.16839703
-0.47119066
-0.061231048
-0.42065566
-0.50765439
0.027124549
0.41147288
-0.25836783
-0.17260628
-0.29826956
-0.10241182
0.074342877
0.089047288
0.051753421
0.60072646
0.049868173
0.22061304
0.32188076
0.10310486
-0.062477022
0.49558752
0.44013795
-0.29380249
-0.59068117
-0.063448356
-0.044370761
-0.10959935
-0.1256499
-0.069944079
0.47147641
0.45691149
0.20705597
0.22557867
0.060729426
0.48234855
0.17232459
-0.083184331
-0.19188874
-0.10431457
-0.50936436
-0.27326813
-0.30135894
-0.48033074
0.03977671
-0.19568279
-0.50499328
0.50769606
0.14537056
-0.12217596
0.5547533
-0.077534271
0.050033615
-0.57755563
0.60164461
-0.45225545
-0.1355052
0.026983294
0.087962745
0.045543111
-0.11338198
-0.55510093
0.57953103
0.13318013
0.067804568
-0.18959591
-0.36000705
-0.56464047
0.0056517706
0.042510071
0.081972735
0.54200925
0.019659063
0.03889558
0.57656564
-0.35835463
-0.19850971
0.090690835
-0.54088263
0.0033943774
0.17078861
0.015795615
-0.043149975
-0.39145112
0.58429084
0.0053562107
-0.020474271
0.015668221
-0.20292504
0.44822946
0.021567614
0.089160138
-0.027278577
-0.086656188
0.63431877
-0.37070115
-0.24620404
0.27377394
-0.13095945
-0.27444569
-0.3540032
0.56170727
-0.43716899
0.37391511
-0.23716614
0.3190046
0.39233108
0.49984277
0.43383883
0.5160282
0.43938221
0.35554978
0.35190265
0.27189399
0.26090856
0.31444882
0.2178858
0.17351146
0.12761223
0.24578728
0.49455276
0.096380303
0.05088976
0.058348492
-0.015625517
0.1169169
-0.02784346
-0.095685969
0.057236834
0.053122675
-0.007466891
0.25080355
-0.12396437
-0.044153924
-0.18196724
-0.14010427
0.015512414
-0.010239585
0.023752271
-0.061709513
-0.028667798
-0.21481121
-0.12703482
-0.15258472
-0.064259895
-0.099446937
-0.22079878
0.56463264
0.51677452
0.26049585
0.43619269
0.43377493
0.50529601
0.40144312
0.32468887
0.016687247
0.46252892
0.051350795
0.037959126
-0.002548352
-0.15902346
-0.097032566
-0.22065699
0.55246677
0.024704484
0.15629735
0.17763477
-0.28032373
-0.0023167713
-0.1327681
0.49825219
-0.051827105
0.14217185
0.015364665
0.08298328
0.27381294
-0.098204051
-0.0529848
-0.28820006
-0.010774085
-0.18076004
-0.25372244
0.13682838
0.54843409
-0.11029103
-0.078640343
-0.087463
-0.0089647751
0.0042204833
-0.030534598
-0.057594455
0.61602832
-0.16449773
0.18867195
0.32598568
0.17170517
-0.12187894
0.61157004
0.57505938
-0.18450524
-0.37407781
-0.33403277
-0.26284032
-0.34775823
-0.31184027
-0.18681653
0.3336213
0.40139983
0.32487617
0.40783059
0.19091852
0.57721207
0.35016406
0.14771312
0.058050564
0.035986456
-0.26063022
-0.06835768
-0.15220568
-0.21774619
0.10972432
-0.043500279
-0.2815968
0.61264724
0.34384514
-0.0037644939
0.61068161
0.15757777
0.075298718
-0.33942692
0.47136036
-0.31198798
-0.41906754
-0.068725095
0.14024413
0.25645927
-0.021611806
-0.3022659
0.57123438
0.20915343
0.24885158
-0.37957522
-0.20878345
-0.32795125
-0.0013864528
-0.018074969
0.12423462
0.43838751
-0.023313164
-0.12071944
0.3792385
-0.26768888
-0.48680726
0.22672652
-0.33085197
-0.19724827
0.2058658
0.008550484
-0.0050057919
-0.25071799
0.51847989
0.016849541
-0.19197422
0.12381301
-0.33619273
-0.14214928
-0.26045197
0.45526595
-0.091543869
-0.081277552
-0.44596455
0.2121356
0.07023838
-0.25146254
0.57728427
-0.14136356
0.4408798
-0.40863893
0.065332337
-0.3319146
0.5889597
-0.21765163
-0.16505374
-0.071057729
-0.11199896
-0.0031469167
-0.062160469
-0.15890019
-0.12729629
-0.20871032
-0.19458635
-0.099034905
-0.1818562
-0.26000157
-0.26069473
-0.07612038
0.057795348
-0.31884807
-0.33041363
-0.25816075
-0.3353848
-0.30194163
-0.25143791
-0.33231704
-0.3384561
-0.30369877
-0.39601254
-0.39410982
-0.22326979
-0.31834299
-0.2666739
-0.26562024
-0.36349864
-0.21071866
-0.22717583
-0.3207849
-0.37921707
-0.1600684
-0.4364685
-0.19259802
-0.099349387
0.12359809
0.18994347
-0.22722346
0.10724837
0.2404859
0.3220924
0.36778466
0.27238639
-0.15643248
-0.14266701
-0.034837276
0.44463774
-0.42407221
-0.44183292
-0.32694512
0.38118473
-0.23996553
-0.019260686
0.096445024
-0.12884569
0.07226238
-0.29813886
-0.41481622
-0.25398643
-0.13157168
0.48677559
-0.35259809
-0.41373859
0.20272733
0.22636758
-0.22237199
-0.24658868
0.38447166
-0.37286386
-0.40686794
-0.00094924682
-0.4544428
0.34678063
-0.037762347
-0.25232943
-0.16873604
-0.18576056
-0.43688943
0.0049798985
-0.2582959
-0.21864896
-0.18031061
0.52986972
0.48963986
0.33664942
0.59811508
0.53857028
-0.42832674
0.12160179
-0.0053134669
0.033099632
-0.065944124
-0.16077956
0.083729344
0.046506714
-0.29899639
-0.19250665
-0.018811835
-0.25723026
0.25664216
0.14381146
-0.16998074
-0.2409567
-0.3861358
0.11261472
-0.05573763
-0.43316762
-0.3661851
-0.28173862
-0.20015081
-0.39907151
0.25072928
0.17450542
0.016580951
0.010774351
0.30289231
0.35913894
-0.25996405
-0.4469613
-0.36173445
0.52984338
0.15880422
0.044580921
-0.19819527
-0.33331914
-0.24958167
-0.22241011
0.41927805
-0.10819861
-0.23561971
-0.377995
0.17371321
-0.054232536
-0.27127868
-0.25093413
-0.42158294
0.55529031
-0.2605579
-0.26729561
-0.10539409
-0.30790135
0.56182309
0.18958605
0.28699903
-0.37886834
-0.31666754
-0.03514296
0.45688165
-0.24369335
-0.37240892
-0.385607
0.49287665
-0.087943449
