FiniteElementSpace
FiniteElementCollection: H1_2D_P1
VDim: 1
Ordering: 0

0.35603683
0.24232565
-0.35585655
-0.24246996
-0.50333533
0.50332772
0.38653751
0.36725827
0.29743613
0.18822233
0.057553941
-0.072183637
-0.18037535
-0.24863721
-0.26728158
-0.23838608
-0.16878206
-0.073397371
0.029797482
0.12294913
0.19572911
0.25935842
0.25657821
0.24596339
0.23522691
0.23240116
0.23831583
0.24911655
0.25675516
0.24871632
0.21762388
0.15624938
0.064169669
-0.049230595
-0.16901603
-0.27549862
-0.38558487
-0.36651874
-0.29707887
-0.18814311
-0.057749475
0.072401114
0.17968488
0.24837788
0.26800757
0.23848723
0.16845516
0.073016334
-0.030102355
-0.12382492
-0.19560139
-0.2591181
-0.2563122
-0.24526292
-0.23541086
-0.23412006
-0.23936147
-0.24861016
-0.25684686
-0.24916584
-0.21720192
-0.15468207
-0.063126008
0.048981239
0.16791303
0.27519383
0.19891417
0.13057412
0.056352254
-0.0040587234
-0.035411564
-0.031122344
0.0036185137
0.053999498
0.099518598
0.11851161
0.093886764
0.022209019
-0.093567473
-0.23633287
-0.38056915
-0.56682524
-0.56996685
-0.50207391
-0.37656772
-0.21582834
-0.0487581
0.094476043
0.18910495
0.22210075
0.19198215
0.11060226
0.003963993
-0.10621503
-0.19395977
-0.24093317
-0.19836138
-0.13043112
-0.056548975
0.0041485763
0.03503835
0.030322883
-0.0030310106
-0.055179288
-0.09905156
-0.11795359
-0.094730091
-0.022599094
0.093808864
0.23653809
0.38000077
0.56773777
0.56833459
0.5018155
0.37748487
0.2180571
0.050310141
-0.09341496
-0.18848205
-0.22136836
-0.19193345
-0.11296604
-0.0033555602
0.10621123
0.19274197
0.23972961
0.44829638
0.45795124
0.37083364
0.19692151
-0.033938168
-0.27824778
-0.48734078
-0.61885139
-0.64623021
-0.56311167
-0.38638953
-0.15167112
0.097040992
0.31013334
0.45081604
0.45603921
0.34322384
0.19412702
0.047875839
-0.058537507
-0.10401031
-0.081252112
-0.0065390012
0.090409074
0.17858904
0.2214687
0.20044597
0.10995679
-0.03438706
-0.20192303
-0.44914279
-0.45856384
-0.37141414
-0.19770179
0.033565406
0.27736061
0.48566458
0.61864077
0.64590658
0.56254157
0.38576389
0.15068981
-0.096460972
-0.30914555
-0.45056957
-0.45733527
-0.34358374
-0.19437277
-0.048525902
0.058417794
0.10332293
0.081908654
0.0070165563
-0.090519965
-0.17766638
-0.22074686
-0.20008297
-0.10978152
0.035075101
0.20214425
0.43394167
-0.0088142853
-0.33151281
-0.20536539
-0.19143185
0.3812714
0.37144034
0.26096999
0.088415255
0.33284844
0.1699091
0.039053699
0.087750725
0.11922182
0.39414526
0.28800831
-0.092577212
0.39866611
-0.35640895
-0.4972884
-0.48087238
-0.62029248
-0.60369426
-0.7009325
-0.62890367
-0.65495112
-0.50463097
-0.47791757
-0.6182544
-0.3959594
-0.21076486
-0.10583738
-0.52081007
-0.67942903
0.08705426
0.18582385
0.014996382
0.27833879
-0.00020129087
0.12984843
0.34530962
0.26850143
0.19602092
0.41525905
-0.47746561
0.22210816
-0.00020302188
0.3730346
0.46298535
0.39964133
0.33604582
0.13982386
0.28819825
0.10486557
0.41858131
0.25158253
0.11479229
-0.090664811
0.092056836
0.25429375
-0.5013446
-0.57033773
-0.4313387
-0.69248437
-0.58045928
-0.39526683
-0.40941527
-0.53083183
0.46475257
-0.17960898
-0.23939151
-0.28646625
0.51127689
0.46117384
0.52400216
0.35673231
-0.13058931
-0.097016528
-0.4400002
-0.30137925
0.33764527
0.54749319
0.36355712
0.075769492
-0.073489757
-0.41638444
-0.26971135
-0.24853832
-0.38116296
0.46379649
0.53583921
0.20439393
0.4892007
0.039292332
0.18993993
-0.34011694
-0.23878119
-0.1280142
0.28603653
-0.13154522
-0.19956418
0.41861771
0.39803466
0.44972764
0.34697906
0.31927072
0.33776425
0.3084056
0.21142486
0.086457851
-0.30555253
-0.06425352
-0.10896271
-0.19497484
0.26091128
0.2232213
0.033852983
0.2273951
0.031109585
-0.087285347
-0.38484462
-0.54852865
-0.71996585
-0.27978549
-0.32943235
-0.64084881
-0.27258665
-0.13372043
0.45899596
0.35595995
0.34699211
0.27582619
0.35234644
-0.059695753
0.51162493
0.12135298
-0.22450221
-0.67211413
-0.037347459
-0.38976911
-0.085117919
0.53773375
0.22254559
-0.023730207
0.46349273
0.40948104
-0.28794103
-0.57022668
0.56068693
0.2858792
0.15005111
-0.41858666
0.30186426
-0.54020798
0.19326204
0.21289943
0.52086714
0.48760555
-0.31014397
0.25812801
0.46320342
0.40579293
-0.19691589
0.50644443
-0.4509878
0.24477786
0.36742015
-0.25256016
0.26208031
-0.18465354
0.53406762
0.06912184
0.28333168
0.29899312
0.35977053
0.32378158
0.26698144
0.25361289
0.096197869
0.20639686
-0.15571671
-0.10252244
0.1915965
-0.021671107
0.15761309
-0.037050514
-0.069353223
-0.02121974
0.10538678
0.15313505
-0.10547296
0.20500723
-0.24254928
-0.17748082
-0.16429979
0.36812921
-0.14268295
-0.15602995
-0.15515907
-0.16699507
-0.19093348
-0.16526151
-0.20650871
-0.1452462
-0.19200868
-0.11000758
-0.15428588
-0.062966208
-0.099918561
-0.01027055
-0.036849609
-0.11542064
0.041090432
-0.04475636
-0.1092461
-0.037292966
-0.081499793
0.022459453
-0.23408356
-0.15202382
-0.10083939
-0.0080172548
0.069062324
0.09611236
0.024010125
0.076170591
-0.036531444
-0.029886886
-0.16622469
0.11586833
0.11017401
0.11322231
0.096952437
0.12469957
0.11642168
0.0850315
-0.2111468
0.017290743
0.051445096
-0.088370992
0.064964142
0.11370226
-0.006324064
-0.21248238
0.024789373
0.038793593
-0.1553297
0.10681589
0.13644779
0.027298406
-8.9786429e-05
-0.24220427
0.098715615
-0.14908481
0.08049811
-0.22847557
0.070682372
0.020414538
0.14529047
-0.082518877
-0.18466795
-0.13165219
0.16700119
0.15632685
0.15828682
0.00012495189
0.011724073
-0.14540891
-0.21620438
-0.23244928
-0.17913232
-0.19261345
-0.082238803
-0.11888662
0.0060192013
-0.014140807
-0.16895715
0.23371418
0.19031939
0.17589228
0.16289284
0.13195747
0.071075826
0.1371424
0.010859205
0.27282993
0.19529189
0.046319632
0.2151283
0.071977646
-0.029741643
0.038939175
0.042852151
0.10347559
0.072111976
-0.10919989
0.069807181
-0.10513086
-0.17474295
0.089140843
-0.096161953
0.026529383
-0.17817772
0.082889691
-0.017548272
0.028593225
-0.049408251
0.015822168
-0.11245137
-0.17870587
-0.1598818
-0.077153903
0.085593179
0.0066705616
0.27144513
0.1196766
-0.22025337
0.044011256
0.12351361
-0.26803975
0.33036294
-0.17157212
0.18111876
-0.24697571
0.12197093
0.18100658
0.055000247
-0.10939884
0.14689635
0.14111202
-0.10196314
-0.22174443
-0.1165965
0.14703174
0.029948455
0.12747321
0.11301955
-0.28659632
0.41583679
-0.2023472
-0.1023723
-0.031064242
-0.034113802
-0.070911274
0.12439588
0.0662709
0.013562489
0.10261219
0.10789768
-0.049162389
0.15433368
-0.23605156
0.18277135
-0.14665133
-0.52560619
0.038795497
-0.21991689
-0.2412565
-0.13783343
-0.31151516
-0.10994701
0.48456892
0.15473551
0.022342719
0.14632822
0.29117156
-0.054336364
0.38356592
0.62680414
0.12650337
0.53592226
0.47359592
-0.27608992
-0.24344039
-0.16050628
-0.18232152
-0.089165609
-0.11159167
-0.1719354
-0.095837489
-0.12493617
-0.038475399
-0.033136806
0.034308117
0.052295362
0.13845861
-0.0025224824
-0.028819527
0.15943184
0.25927663
0.19252796
0.32810734
0.045443925
0.20260007
0.35450117
0.13419283
0.017029404
0.45149851
0.49406767
-0.20350447
0.073924002
-0.021235496
-0.074216084
0.19438171
-0.077288953
-0.12756913
0.33601818
0.49006352
-0.089710956
0.53428463
-0.13860239
-0.05276517
0.028261805
0.067312683
-0.28026379
-0.0018414064
0.056380497
0.16659477
0.11642072
-0.010298619
0.069855394
0.017426373
-0.081532433
0.26379398
0.43875478
0.44399288
0.097507145
0.27313174
-0.18972702
-0.18854888
-0.22673681
-0.073139082
-0.11290729
0.27234616
0.33135455
-0.1393558
-0.063665352
0.37156661
0.44315853
0.59814865
-0.19122714
-0.33019595
-0.19332127
-0.24036862
0.00095698584
0.55246063
0.25603124
-0.32597965
0.54775433
-0.18025615
-0.11815106
-0.076497344
-0.11950749
-0.065409208
0.58167889
-0.052477471
-0.28115798
-0.16853584
-0.097563854
0.096135923
0.17374863
0.28619445
0.42488751
0.35011554
0.32264915
0.099227779
0.0092740385
0.065886869
-0.0014378657
-0.1085363
0.013236436
-0.041204896
0.36809088
-0.23956864
-0.053558335
-0.047595298
0.1555213
-0.020140672
0.074911914
0.16866681
0.36847861
-0.37163823
-0.016611956
0.58994524
0.25721495
-0.060940469
-0.010552662
0.32214838
-0.48102786
0.095853476
-0.02807416
-0.46233941
0.23238583
-0.3407313
-0.1420069
0.61895994
0.61275831
0.44954265
0.1627361
-0.046029609
-0.053145831
0.088516078
-0.20634196
0.090021497
0.34929238
-0.19598442
-0.25524107
0.21658676
-0.084263604
0.043250304
0.19205015
-0.2706306
0.64094821
0.44191385
-0.018596471
0.005066333
-0.06768759
0.5560454
0.443896
0.20342561
-0.096185731
0.18966177
0.36243332
-0.030250735
-0.0024240687
-0.23211093
0.10303954
0.619057
0.41562916
-0.047117252
0.039037919
0.58093444
-0.0779378
0.12567349
0.048720154
-0.0018629445
0.60842489
-0.11018851
-0.14886123
0.1819606
-0.14298764
0.091845337
0.037165832
0.018074464
-0.40685657
-0.20576774
-0.35385658
0.17998224
0.0071578583
-0.12064858
-0.23392594
-0.26829373
-0.38787935
-0.41340914
-0.236239
-0.36803633
-0.13770362
-0.2587997
-0.4765678
-0.36514722
-0.10484528
-0.21969879
-0.53892174
-0.51498421
0.063622283
-0.071281502
-0.3121691
-0.19281778
0.18589542
-0.36166665
-0.27856018
0.3530146
0.44375655
-0.10332703
-0.22855073
-0.026130156
0.58095384
0.60617997
0.46602293
0.47384732
0.54968279
0.41864937
-0.3117337
-0.30077627
0.42414779
-0.059366161
0.31833648
0.25110519
-0.43282173
-0.51809323
0.0083958448
-0.59011998
-0.53786828
-0.4225156
-0.38659961
-0.48491415
-0.45884393
-0.41846691
-0.48377418
-0.2456284
0.13127598
0.16370501
0.65590015
-0.27356385
0.28053111
-0.35542084
-0.3891059
-0.31822688
-0.52759388
-0.28893083
0.36127577
0.10513393
0.51788457
-0.10676779
-0.30923647
-0.31966857
-0.39663775
-0.20210882
0.21601617
0.17076675
-0.29286078
-0.35325104
0.38404359
-0.17645149
-0.056798067
-0.20266412
-0.14641241
0.70946407
0.7134834
0.71391592
-0.29944544
0.40623674
0.084572105
0.12989593
-0.058452406
0.059066108
-0.14104186
-0.078748741
0.13945377
-0.04109786
0.154119
-0.04694767
0.19939679
-0.013614296
0.041077795
0.17870288
-0.17178558
-0.30110619
-0.24434472
-0.10467872
-0.52986964
0.0094622745
-0.38944931
-0.59697113
-0.43658233
-0.35521065
0.052400909
-0.19282148
-0.54391649
-0.21841846
0.2116516
0.27155344
-0.18380681
0.31251323
0.041780744
-0.30044211
-0.5945333
0.029092718
-0.23656703
0.037956725
0.3078709
-0.24486822
-0.43398081
0.12306242
-0.24163107
-0.59531176
0.6545063
0.65480798
0.15923993
-0.29305578
-0.11930034
-0.17090242
0.048748788
0.52568455
-0.53158194
-0.090346599
-0.21906004
0.10946008
-0.36094601
0.05534128
0.73977244
0.70424777
0.57865588
-0.38988313
0.20809321
-0.37227215
-0.39140159
0.52393703
-0.26642814
0.37391104
-0.098972517
0.15820719
0.40124491
-0.40014235
-0.0052497748
0.36152634
-0.23030372
0.12361849
-0.078657137
0.01519915
-0.15153472
-0.051399809
0.11091608
-0.18225916
0.081411183
-0.071894045
0.029119535
0.17696156
-0.15573019
0.015282787
0.14077097
-0.36831333
0.17097803
0.27833451
-0.27527496
-0.19255319
-0.10871861
-0.10822091
-0.053858402
-0.021442282
0.0020612422
0.057264001
0.053720724
0.12101561
0.093423853
0.16370792
0.11339895
0.18015494
0.1107297
0.042339247
0.17028085
0.026497901
-0.03224476
-0.051714408
-0.089333333
-0.0065088025
0.0036596434
-0.083476162
-0.11765368
0.18454227
0.2278154
0.2096427
-0.084600738
-0.054740518
-0.11043692
-0.11101147
-0.12330476
0.2438377
0.22158789
0.16952902
0.1835245
0.11312938
0.2246098
0.13686557
-0.078374634
-0.085744244
-0.058974388
0.040477029
-0.12927685
-0.11293585
-0.11166436
-0.11715634
-0.12684334
-0.16226609
-0.15219878
0.24559677
0.049215992
0.17796353
0.15086237
-0.068349573
-0.041452304
-0.16805462
0.041783438
-0.022483793
-0.022322234
-0.12215439
0.013322929
0.15805565
-0.13884997
-0.17312446
-0.061763227
-0.016582166
-0.16445919
-0.13702477
-0.12938432
-0.14919818
-0.086359848
-0.043720232
-0.032919267
-0.017573192
-0.050758347
0.15939826
0.11495157
0.1091648
0.1046921
-0.2081147
0.14530621
0.19806601
0.18740553
0.19331073
0.22477864
0.18619954
0.24948882
0.12822189
0.073907837
0.1447796
0.03664233
-0.02583519
0.07887971
0.16168275
-0.1123204
-0.20481925
-0.044474493
-0.024128492
0.097398687
0.019108961
0.086548366
-0.13818328
0.085887275
-0.02392782
-0.18198489
-0.10260545
0.20131632
0.21734025
0.12290841
0.1072393
-0.057956017
0.040756325
-0.26263909
-0.15603818
0.13608313
-0.11069092
0.14515727
0.082825315
0.026522355
0.14579375
-0.01737973
0.15920945
0.17581018
0.16468579
0.025190864
-0.33193884
-0.023547466
-0.01954869
-0.066561246
-0.19221335
0.072438393
-0.088847093
0.23717609
-0.14551903
0.15451015
-0.22494391
-0.077785917
0.023281117
0.068135607
-0.021582958
0.20291042
0.27742563
-0.42000216
0.0023622847
0.031959887
-0.17324564
0.15526031
-0.1654723
0.22073511
-0.082570221
-0.066071521
0.038884143
-0.13601244
-0.013383851
0.058820984
0.23026557
0.21316336
0.47544522
-0.023567311
0.11175908
0.32245583
-0.010572189
0.23936522
-0.46163492
-0.10143234
0.058424927
-0.15074819
-0.29296026
-0.026618028
-0.42572323
-0.62266424
-0.15402413
-0.5097795
-0.4421506
0.073094735
-0.095745104
-0.23124373
-0.24414025
-0.38247464
-0.33433801
-0.20534293
-0.24540233
-0.12721587
-0.13559828
-0.22261801
-0.10301319
-0.026920274
-0.007491281
-0.14178824
-0.44347859
0.060715876
0.049181847
0.017665827
0.026330635
0.066331633
0.03707603
-0.012833523
0.14368995
0.15336282
0.063772336
-0.081290878
0.039645845
0.10307509
-0.070461712
-0.096842952
0.21611578
0.21088477
0.14424024
0.1775717
0.11897782
-0.19716689
0.12225053
0.14790942
0.21775893
0.081929506
0.049630602
-0.50286148
-0.51134722
0.0081507992
-0.39801712
-0.39860486
-0.52468225
-0.34073654
-0.19440139
0.1889862
-0.4834553
0.099684933
0.20612198
0.24938133
-0.18827671
-0.064917964
-0.30286998
-0.60834919
0.069339029
0.02583967
-0.014404772
-0.28601138
0.19788785
0.17009841
-0.58067169
0.063868855
0.11846062
0.33840933
0.046030357
-0.073067032
-0.12191766
0.012131061
-0.40800461
0.11116505
0.29593031
0.15463369
0.19963762
-0.16361817
0.52512857
-0.16810041
0.36236451
0.46715309
0.27672068
0.2817128
0.26881375
-0.57016702
0.15469388
0.09496455
-0.20145348
0.12092754
0.054438597
-0.3167676
-0.37825473
-0.38826537
-0.29146794
-0.0434401
0.040174236
-0.057315026
-0.042207599
0.030475465
-0.35919476
-0.41462735
-0.11318145
-0.3421235
-0.030646721
-0.58340922
-0.26402586
-0.040435196
0.03394613
0.11374997
-0.13734414
-0.0070262464
-0.25552846
0.017106244
0.070040388
0.044274408
0.33388243
-0.50748744
-0.26773782
0.12883625
-0.60062369
-0.029306046
0.073142607
0.12222066
-0.6161986
-0.47529422
-0.13602851
0.23174411
0.012790681
-0.13502529
0.11705475
-0.027951756
-0.63861017
-0.018130989
-0.08102227
-0.10763078
-0.36905357
-0.20888631
0.24717635
0.28285123
0.062910883
-0.54234007
0.26030391
0.2093281
-0.5566562
-0.44376202
-0.2029631
0.001110064
-0.34535822
0.12080251
0.075937673
0.072825409
0.18105721
-0.43577022
-0.62543895
0.12211378
0.101701
0.086167121
-0.03535941
-0.60077444
-0.61353434
-0.0040669001
0.18205723
-0.12464729
0.085787821
-0.065998463
-0.042350306
0.14743757
0.078175458
-0.17107246
-0.13326544
0.40299793
0.21723479
0.33326783
-0.13441654
-0.711906
-0.65342993
-0.47767809
-0.48519205
-0.27588035
-0.24077779
-0.42218226
-0.14468613
-0.30059695
-0.0063561114
0.13871145
0.27305638
0.1433943
0.39761834
0.36752435
-0.039198055
0.27420044
0.48234604
0.56177443
0.59327698
0.0083667239
0.60712385
0.58666026
0.1362095
-0.1048688
0.50826734
-0.54607576
0.53040253
0.54040906
0.46980636
0.50793362
0.014340091
-0.17528903
-0.31248451
-0.30497022
-0.44026012
0.36293432
-0.34391917
0.39634125
0.39937867
-0.45982842
-0.25575584
-0.048056227
0.14223573
-0.73779901
0.17908461
0.28061207
0.26801664
0.30830553
0.33346175
0.21327238
0.31671268
0.5075783
0.3747672
0.081844408
0.3803052
0.46869621
0.23142929
0.29206043
-0.57520754
0.44789068
-0.40892662
0.1792266
0.23255588
-0.24227766
0.35145094
-0.5630129
0.33690738
0.19066317
-0.67186783
0.26344704
0.32476866
0.35915633
0.024843443
0.21878658
0.20259458
0.18305455
0.1864619
-0.40252214
-0.037975586
0.15406813
0.20433964
-0.026049929
-0.010868744
-0.083505148
-0.11574202
0.28502659
-0.11040435
0.061865886
0.2382875
-0.71277114
-0.45485277
-0.15814417
-0.24446069
-0.029611691
-0.092320224
0.076074544
-0.10797659
0.022362447
-0.099324516
-0.35980084
0.23753451
0.29235883
-0.6341143
0.027788895
-0.14612537
0.15364097
0.3282544
0.47892159
0.57245096
0.3569082
0.28751679
0.56167782
0.23016747
0.3623753
-0.25503965
0.46847201
-0.037241503
-0.0036671981
0.25864888
0.37833395
0.2041075
0.49663707
-0.46092429
-0.044494947
0.42684376
-0.16855844
0.22781732
-0.19130205
-0.59263941
0.40697357
0.33531349
0.14599504
0.34192198
-0.69119788
0.3833445
0.069773374
0.093115585
0.081639621
0.10805007
-0.015097175
-0.71821062
0.35124295
-0.066450957
-0.17108385
0.39108585
-0.21198912
0.37158866
0.30526729
0.0073582692
-0.15462171
0.14641531
-0.62919202
0.21047186
-0.043857401
0.39039549
0.10151566
-0.23198824
0.35459752
-0.42193643
0.12927049
-0.21791558
0.081766068
0.19829078
-0.3620718
-0.35386728
0.11004777
-0.1698089
-0.081431516
-0.25594374
-0.22109525
-0.2143518
-0.31812695
0.012542282
-0.27618429
-0.47821193
0.010952465
0.14635221
0.27509236
0.30225764
0.42534383
0.45896394
0.26545931
0.4135109
0.16161703
0.2910641
0.53629938
0.39505575
0.10925322
0.19342127
0.61318237
0.56006393
-0.098482348
-0.030801292
0.24564248
0.012355884
-0.1787137
0.25888567
0.026978674
-0.35280793
-0.40670114
-0.19628965
-0.17556802
0.030234086
-0.51378851
-0.52551915
-0.43598212
-0.47437418
-0.50270649
-0.43111034
0.014938988
-0.17054874
-0.44189897
-0.34263232
-0.39224666
-0.34235687
0.44815924
0.54062107
-0.020095709
0.65797606
0.5912178
0.39914194
0.40277543
0.59096021
0.47748279
0.44675516
0.61219752
0.15306543
-0.38164251
-0.44590592
-0.5544136
0.17379548
-0.32865598
0.53331495
0.61979084
0.3759103
0.69538073
-0.0056740813
-0.4841942
-0.098649927
-0.4593446
-0.07013956
-0.17158232
-0.29088332
0.61555858
0.49504786
-0.3178122
-0.22997768
0.3790164
-0.26948609
-0.45737566
0.42601759
-0.40280921
0.39954059
0.19997281
-0.42733812
-0.41172188
-0.50298585
-0.33286956
-0.27338991
-0.11874878
-0.27338254
0.061518321
-0.089267357
0.095342379
-0.039618877
-0.39837977
-0.1337745
-0.37703809
-0.048299381
-0.25545016
-0.12919506
-0.20981556
-0.31698417
0.19393813
0.32870938
-0.19989512
0.11483126
0.59283037
0.0068512808
0.35638463
0.70211386
0.45861126
0.23318097
-0.23531441
0.50008346
0.63835652
-0.31313269
-0.28880048
-0.25489703
0.12482577
-0.42452108
0.3281425
0.28522452
0.68229666
0.30273554
0.15526211
0.23534709
-0.31236931
-0.3640076
-0.29856477
-0.38920641
0.07795761
0.71645239
-0.5299521
-0.52293696
-0.18024693
0.18586109
-0.039798751
0.29135421
-0.070512556
-0.52173096
0.68704178
-0.10943995
-0.038637594
-0.16675334
-0.33474682
-0.30417259
-0.52172685
-0.56080418
-0.43577394
-0.2744218
-0.49892828
0.19058177
0.54987103
-0.49992057
-0.16430954
-0.33462879
0.16253179
-0.25379705
-0.3551971
-0.31109495
-0.21262384
-0.37957708
