FiniteElementSpace
FiniteElementCollection: H1_2D_P1
VDim: 1
Ordering: 0

-0.2380352
0.22586943
0.23829358
-0.22541394
0.19456464
-0.19472685
-0.33364845
-0.39481735
-0.41687491
-0.39887406
-0.34340684
-0.25620365
-0.14619946
-0.023494599
0.10014965
0.2125059
0.30314413
0.36343451
0.3868692
0.37026803
0.3158329
0.10622693
-0.031298836
-0.17580498
-0.3158703
-0.43949355
-0.53638441
-0.59841552
-0.61998859
-0.59926414
-0.53808185
-0.44145528
-0.3169247
-0.17516996
-0.027696793
0.11412486
0.33430066
0.39520497
0.41683539
0.39880446
0.34336904
0.25627948
0.14588119
0.023344335
-0.1001229
-0.2125827
-0.30326555
-0.36356361
-0.38697136
-0.37069591
-0.31550286
-0.10643303
0.031324367
0.17594642
0.31594732
0.43956946
0.53606069
0.59829037
0.6200587
0.59955325
0.5383133
0.44147824
0.31710391
0.17524707
0.027711174
-0.11369712
0.22240097
0.22365097
0.22852933
0.23752814
0.25005566
0.26523359
0.28142833
0.29667613
0.30903657
0.31639528
0.31717443
0.31080711
0.29459905
0.26918681
0.23569899
0.14577569
0.093563766
0.038940207
-0.015259673
-0.066910021
-0.11398459
-0.15458559
-0.1875963
-0.21240599
-0.22901361
-0.23816245
-0.24191861
-0.23990826
-0.23525966
-0.22942532
-0.22187039
-0.223328
-0.22850946
-0.2375788
-0.25083498
-0.26589802
-0.28089567
-0.29734508
-0.30928687
-0.31646439
-0.31739766
-0.31025016
-0.29460498
-0.26955565
-0.23558933
-0.1460985
-0.093618083
-0.039135967
0.015076212
0.066842973
0.1139277
0.15424848
0.18760627
0.21237013
0.22922101
0.23906011
0.241352
0.2394324
0.23496999
0.22950213
-0.1846723
-0.1372016
-0.098148267
-0.070705886
-0.056464525
-0.055969684
-0.06820953
-0.091073058
-0.12109127
-0.15432217
-0.18621525
-0.21349925
-0.23017084
-0.2337488
-0.22214743
-0.1501264
-0.091931251
-0.022568994
0.054024857
0.13326093
0.21011421
0.27944693
0.33773344
0.38070231
0.40581392
0.41377231
0.40314387
0.3769947
0.33808034
0.28958996
0.18489923
0.1375642
0.098331141
0.070700162
0.056738348
0.056363326
0.068069806
0.091276616
0.12122436
0.15443782
0.18667449
0.21308102
0.22966841
0.23350135
0.22198985
0.15007451
0.091832064
0.022574712
-0.054033827
-0.13317489
-0.20987727
-0.27956412
-0.33705263
-0.38080443
-0.40633989
-0.41419465
-0.40336315
-0.37695483
-0.33853562
-0.28968253
-0.52501779
0.36730978
0.19372497
0.21371793
0.21384072
-0.40368577
-0.42615385
0.36796289
0.088340984
-0.19956346
-0.16400256
0.068334871
0.18794789
0.28420423
-0.015137365
0.11110864
0.09792985
-0.073043847
0.2096903
0.20854154
0.20175927
0.2103511
0.21196742
0.21654514
0.19158558
0.19452323
0.14527602
0.14656767
0.2056556
0.15878267
0.075337996
0.090911482
0.22401855
0.22556313
-0.014602827
0.0073586397
0.12134388
0.046549484
-0.017795285
0.16474925
0.099876229
-0.12518493
-0.11191157
-0.084530417
0.15421824
0.21695379
0.25891062
0.16311002
0.027219585
-0.22846465
-0.19384062
-0.07668477
-0.13975013
-0.023244397
0.10248827
-0.068647428
0.30461629
0.32143979
0.04152806
0.00068141399
0.19867797
0.21675265
0.2043412
0.24287342
0.23719255
0.18938886
0.210623
0.25871586
-0.2382864
0.14164829
0.28467067
0.32077348
-0.34229665
-0.047599828
-0.12266449
0.040508346
0.12679832
0.077069424
0.29208352
0.086918035
0.17958603
-0.33966204
-0.18654752
0.069546409
0.13243177
0.30284917
0.32162463
0.14796874
0.23415322
-0.21406303
-0.28379092
0.15443331
-0.42647595
0.35672555
0.34867573
0.27304873
0.16798949
0.33101667
-0.28409021
0.34779969
0.279741
-0.53436793
-0.49836462
-0.38390667
-0.31874171
-0.08061651
-0.084958921
0.026373771
0.10854884
0.11979831
0.215981
0.19281835
0.14109972
0.15961169
0.037545125
-0.0056291782
0.07640102
0.33228992
-0.034710701
0.13216259
0.18272945
0.19551654
0.22804293
0.074771998
0.16930062
0.26267692
0.18185958
0.21629616
-0.035925668
0.22763739
-0.11552293
0.27078257
-0.11773121
-0.00285723
-0.21674618
0.38611199
0.15101415
0.2448171
0.10893061
0.25064347
0.027745268
-0.17969911
0.38665101
0.22280544
-0.066916787
-0.26282797
0.11201067
0.26636537
-0.31447118
0.32406736
0.056973707
0.17225039
0.29093369
0.28319774
0.18276919
-0.006002289
-0.4433994
-0.43767508
0.19290448
0.0015717064
-0.31708076
-0.30068841
0.19513159
-0.12592226
0.27365888
0.25076279
-0.19568715
0.20514608
0.12148643
0.17918358
-0.41305477
0.089590295
0.0089452633
0.022818042
-0.51492461
-0.1031928
0.16744813
0.17844124
0.34394509
0.060663466
-0.3752917
-0.36609604
0.41735867
0.13062748
-0.28907014
-0.33466156
0.36895703
-0.4014031
0.42704792
-0.040316335
-0.33004387
-0.27378868
0.4284084
-0.30984845
0.37751049
-0.17061436
-0.32074832
-0.39374094
-0.40305121
-0.43562462
-0.43876102
-0.44129286
-0.44075142
-0.40880076
-0.40322995
-0.3429981
-0.33050329
-0.24857347
-0.23181258
-0.1335336
-0.11509466
-0.21165289
-0.0072083398
-0.094025435
-0.19073238
-0.073127645
-0.16742386
0.030252322
-0.43253504
-0.27170135
-0.24593314
-0.25962356
-0.02455631
0.10285427
0.048835477
0.14921693
-0.14195804
-0.21855704
-0.33044464
0.084496735
0.20528892
0.22045382
0.3088838
0.31983156
0.18886352
0.38678145
-0.35406027
-0.11723069
-0.19205803
-0.40756382
0.1638553
0.25628354
-0.27597398
-0.38921466
0.065136019
0.17569273
-0.36301
-0.053644153
0.39076491
0.37940452
0.42784633
-0.41006332
-0.25160347
-0.42273219
0.13361674
-0.37400453
-0.092684717
0.077162807
0.32425467
0.42110341
-0.39154573
-0.36863904
0.38727037
0.42634414
0.37149763
0.16402163
-0.31840065
-0.3624862
-0.41166217
-0.4279247
-0.40101811
-0.42011939
-0.33888206
0.43816995
0.44153788
0.41079516
0.41652085
-0.068095715
-0.036798565
-0.15938517
0.096031831
-0.12322575
-0.2510053
0.18385437
0.27535351
-0.11284641
-0.1310841
0.040227592
-0.18887691
-0.36346829
-0.40713194
0.28915775
0.30475079
0.22088397
-0.30830213
-0.40023088
0.30190143
-0.36218298
-0.41737489
0.4284433
-0.30331869
0.011375192
-0.2941834
0.26284663
-0.050683274
-0.15334334
-0.34833897
-0.34633908
-0.43294196
-0.31431728
-0.39252418
-0.33628138
0.11934429
-0.03138072
-0.20449386
0.23308941
-0.39008762
0.018598221
-0.27258267
0.40376048
-0.23390591
-0.35654501
-0.24887782
-0.42048554
0.24432611
0.43102294
-0.35474852
-0.35012168
0.32344982
0.057054311
-0.42053107
-0.44180101
0.42252519
0.38816048
-0.014493558
-0.16161859
-0.059872607
0.33725179
-0.20244919
-0.29299565
-0.34780253
-0.39578072
0.37820266
-0.34739093
0.31522099
-0.17357641
0.084363222
-0.2890786
0.43780517
0.21703434
-0.018718795
-0.43616147
-0.20251619
-0.39755905
-0.17166114
0.13613494
-0.10805436
0.22763764
-0.14666017
-0.20568596
0.24152785
-0.013925437
-0.37299701
0.27665289
-0.22593718
-0.18709114
0.35606582
-0.39186596
-0.11170292
0.34212958
-0.19974977
-0.25350515
0.011775187
-0.069736662
-0.18061975
-0.14176665
-0.23853441
-0.20071113
-0.10354678
-0.1631413
-0.066923029
-0.12680179
-0.20928812
-0.17473105
-0.091640289
-0.14093335
-0.23986708
-0.27907919
-0.058211725
-0.10826101
-0.17949761
-0.14913093
-0.00028500282
-0.20661523
-0.1805761
0.029231923
0.089429081
-0.11817808
-0.15331455
0.0012975942
0.10986559
0.16539026
0.15024481
0.054195051
0.22063861
0.20939151
-0.20251397
-0.18110083
0.26716005
-0.086260382
0.26462922
0.31261736
-0.31299372
-0.33012058
0.046622208
-0.30027425
-0.32626092
-0.34797184
-0.31710579
-0.30377086
-0.23181463
-0.24073874
-0.258357
-0.3295391
-0.043325799
-0.0063474806
0.12354663
-0.36653923
0.18865773
-0.24619637
-0.25490178
-0.23774784
-0.2751099
-0.21657536
0.032106256
0.032490993
0.2626343
-0.34193663
-0.20143692
-0.15612731
-0.26328406
-0.2188974
0.25158872
0.16397185
-0.26898624
-0.18834404
0.068659038
-0.2222055
-0.048584356
-0.22584447
-0.21947402
0.18129933
0.21443627
0.21798419
-0.063656726
0.26255875
0.12830353
0.30033954
-0.21921788
-0.16280163
-0.26013196
-0.40096872
-0.2149176
-0.28061605
0.045760388
0.28781077
0.30486407
0.32704973
0.3477623
0.31498199
-0.31043831
-0.27557407
-0.22197102
-0.033136135
-0.24373419
-0.033206861
-0.35750757
-0.30317002
-0.20961192
-0.22206224
-0.07589673
-0.21999349
-0.25605574
-0.12385423
-0.0270057
0.062590268
-0.22606633
0.0019588402
-0.15482737
-0.34420646
-0.26974461
-0.18894106
-0.38070785
-0.14774664
0.12815475
-0.093502753
-0.15253597
-0.34001213
0.29393217
-0.27955953
0.22100246
0.1306544
0.098568294
-0.22833602
-0.38119947
-0.22508096
0.066845779
0.073201329
-0.2904534
0.36968172
-0.22325959
0.15012637
-0.13233969
-0.29965158
0.17830784
0.17218254
0.25430879
-0.18559637
-0.2813805
0.28848683
-0.27447999
0.091616402
-0.21550293
0.28266122
-0.21243388
0.22468111
0.10938714
-0.1598065
-0.3577496
0.29079983
-0.67918164
-0.017257706
0.19151053
0.2628702
-0.54076718
-0.56002656
0.12539069
-0.060642489
0.12710549
0.20972309
-0.31285587
-0.28062126
0.27973705
0.11303698
-0.0033907835
0.26302878
-0.029577199
0.022032494
0.21716987
0.095602662
0.056707393
-0.048510407
-0.094354572
-0.20489552
-0.14355004
-0.2973915
-0.21955909
-0.36431444
-0.44237089
-0.4940335
-0.39926898
-0.50914968
-0.56580265
-0.25188889
-0.40001569
-0.48695173
-0.59018412
-0.54257188
-0.28920382
-0.63556329
-0.56242206
-0.27856521
-0.17255721
-0.45866776
-0.45459865
-0.073536761
-0.15705798
-0.061995692
-0.059798129
-0.24147234
0.038180064
0.050356556
-0.54447037
-0.41638764
0.12452701
-0.34543224
0.14816232
0.20179626
-0.12775765
-0.28075203
0.13898029
-0.40269346
-0.42288234
-0.28792181
-0.41790094
-0.53919939
-0.66813856
-0.69967658
-0.71451077
-0.26775655
-0.33896108
-0.21875583
-0.12441022
-0.1442712
0.077810226
-0.73002064
-0.72570931
-0.68887126
-0.68626616
-0.4978471
-0.21660846
-0.13321839
0.11331939
-0.11996312
-0.35516723
-0.27384809
-0.68145587
-0.70042718
0.18450042
0.11836174
-0.52592041
-0.1931251
-0.11044648
-0.70413721
-0.20426918
-0.62189532
0.16468225
0.028876494
0.075410733
0.046459953
-0.035713652
0.17406219
0.24441486
0.26185996
-0.44907001
-0.4201811
-0.39045409
0.11673774
-0.12917281
-0.21561475
-0.055584318
0.23563033
0.20965856
0.2464417
0.25681594
0.2272339
0.14391101
0.02401386
-0.16325064
0.0055982575
-0.36039457
-0.27001747
-0.14327542
-0.52935055
-0.5977191
-0.64090182
-0.42829347
-0.72412897
-0.65827771
-0.32172018
-0.36715873
-0.16563574
-0.54365402
-0.30540429
-0.67490165
0.0034959835
-0.49919574
-0.63786279
-0.0090462627
-0.6281986
-0.039351686
-0.17926362
0.055204168
0.10225534
0.24647444
-0.60938335
0.03452588
-0.07854697
-0.0025704317
-0.6095035
-0.0079333286
-0.6421266
0.056299131
-0.1871416
-0.62460854
0.27915454
-0.41911048
0.17981513
-0.12966448
-0.061107107
-0.013507115
-0.050330327
0.11448523
0.11321821
0.13956459
0.2385141
-0.60647534
-0.11832702
-0.2884867
0.17320752
-0.50308354
0.20832219
-0.0066698041
-0.062114132
0.0084150916
0.16772613
0.093586928
0.36364693
-0.32687564
-0.11871776
0.29359921
-0.27946641
0.35161108
-0.43111161
0.33895317
0.30890786
0.4027394
-0.41837421
0.043012378
-0.41522807
0.32400718
0.17125128
0.35689085
-0.39657126
0.11457899
0.13975938
0.06711744
0.16680518
0.092904332
0.19547233
0.11974486
0.224203
0.14673527
0.25213746
0.17412043
0.27833082
0.19804071
0.30102127
0.21863889
0.10075734
0.31984569
0.11982727
-0.0069580463
0.011597001
-0.11574823
0.1376673
0.037534079
-0.13208818
-0.23273988
0.33716744
0.38045595
0.39500551
0.028965304
0.15262506
-0.21728155
-0.31907391
-0.24391585
0.42740903
0.43735874
0.40278864
0.4398687
0.40340771
0.44038485
0.43612926
-0.14443978
-0.30178856
-0.38302189
0.28219102
0.045323108
0.16666259
-0.39315098
-0.25158992
-0.080859884
-0.066475251
-0.3330656
0.4110168
0.3971752
0.44048027
0.43375501
-0.15754611
-0.43304842
0.21168775
0.25147319
-0.040704792
-0.36126169
-0.17908146
0.33809833
0.40458966
-0.33543728
-0.39200914
0.32611955
0.38234921
0.22555907
-0.17434585
-0.43509217
-0.38519923
-0.25164657
-0.15021166
-0.22643743
-0.12385748
-0.036038116
0.39745059
0.42182704
0.39922297
0.33148055
-0.061561602
0.3658602
0.40497638
0.39382342
0.41340656
0.40701369
0.37812441
-0.42722763
-0.43204512
-0.37088104
0.36184068
0.33461624
0.31378038
0.34770339
0.41027862
-0.42904584
0.27437264
-0.01266036
-0.0056890805
0.35781172
-0.19177283
0.42588082
-0.32812464
0.23701169
-0.024638866
0.057519312
-0.09732513
0.44248848
0.35671573
0.31057804
0.34469735
0.26113172
0.079427959
0.21405655
-0.39464828
0.33404386
-0.19690661
-0.4323563
0.34169417
0.059241885
0.37420654
-0.32609245
0.40249009
0.32071656
-0.38074875
-0.43918346
0.23289371
-0.056038542
0.25918617
0.36713765
-0.41774589
0.34738119
0.25201142
0.43012884
0.27320348
0.3882021
0.18101731
-0.275377
-0.41622134
-0.39702339
-0.060544823
0.29333191
-0.33928172
0.20013792
-0.28162559
0.31719808
-0.42043424
0.40541185
0.15612008
0.38252433
-0.25110763
-0.44007439
0.41033811
-0.19019869
-0.08664533
-0.43759351
0.42028143
0.1193849
0.15690013
-0.14141639
-0.24047239
0.20425489
0.30908276
-0.23053396
0.0050903145
0.16127218
-0.35502439
0.22590634
0.40113891
-0.2771391
0.21940038
0.1060248
-0.29891663
0.20611678
0.34148017
-0.18119758
-0.12785218
-0.077077172
-0.058196656
-0.0025841731
0.020498991
-0.037761184
0.045064251
-0.015420359
0.071536365
0.12532503
0.15331781
0.099393017
0.18246572
0.19339616
0.07443382
0.12890233
0.21199326
0.24831065
0.27615688
0.034441154
0.28975766
0.31391121
0.062332916
-0.038542815
0.24154316
-0.097373429
0.30154139
0.28306006
0.32085155
0.33788597
-0.01141996
-0.11356805
-0.13286312
-0.20415392
-0.21113889
0.34095968
-0.26803731
0.2688842
0.2587552
-0.26479173
-0.31104908
0.050687433
0.12203075
-0.17542547
0.14487686
0.18117623
0.16143654
0.20655607
0.21987328
0.092862174
0.19169735
0.26533896
0.24993368
0.019090826
0.36139364
0.32897917
0.36141668
0.14131585
-0.21202808
0.24767461
-0.078811529
0.31253989
0.12605891
-0.26301866
0.17459984
-0.2562048
0.24127633
0.22306934
-0.21069637
0.22786317
0.35254907
0.29197258
0.31907562
0.22609389
0.21991919
0.22309984
0.22668433
-0.095409451
0.17079433
0.37661015
0.22099786
0.18863892
-0.013667916
-0.12775772
-0.15821785
0.056911844
-0.31238492
0.21975261
0.22305851
-0.21490442
-0.26500141
-0.046487153
-0.024287539
0.39054927
0.1862748
-0.36425921
-0.33742039
-0.33683336
-0.30861579
-0.28916274
0.22214028
0.21030664
-0.1137335
0.099350418
0.0090914918
0.098928095
0.19906038
0.22055902
0.26581046
0.15916079
0.29690666
0.30314011
0.38265137
0.28229567
-0.060215861
0.26945056
0.14795785
0.026821529
0.16802016
0.18993505
0.076790177
0.24155974
-0.14602424
0.1495683
0.15851883
0.26248011
-0.33880026
-0.18445522
-0.15374888
0.2191722
0.21692152
0.23322246
0.12239224
-0.1617942
0.2321448
-0.27509922
0.37784483
0.24644424
0.063573881
-0.051731214
-0.21532358
0.19390335
-0.083305681
-0.25296535
0.18474186
0.27637855
-0.29008017
0.23309136
0.26120189
-0.31634077
0.22366627
-0.24307247
0.15715605
0.34593612
0.15201597
0.21411469
-0.30432023
-0.18847882
0.67570675
0.013331471
-0.12383241
0.56232598
-0.13673526
-0.26360822
0.053160606
0.41557038
-0.27958661
0.31433617
-0.11203765
-0.21130167
0.12822288
5.0230343e-05
-0.24850272
0.011865104
-0.12112815
-0.026668936
0.086837027
0.13632028
0.21341391
0.26671084
0.34453274
0.26866125
0.39418428
0.2959812
0.41111038
0.5086766
0.51146777
0.3925309
0.47596071
0.60183649
0.39667183
0.33981139
0.40502075
0.53607144
0.44685071
0.25639774
0.5690646
0.46214252
0.19181196
0.11434844
0.30468047
0.17666293
0.57176265
0.66022322
0.44942444
0.32776977
0.048088562
-0.016972611
0.032729984
-0.086081033
-0.046378359
0.30322009
-0.14265017
0.64730612
0.7126819
-0.11677242
-0.20018091
0.29686506
0.4203645
0.02372872
0.51579777
0.52991777
0.41220762
0.50949372
0.61440434
0.10569514
0.36756257
0.70720784
0.73364149
-0.030724909
0.17618489
0.18911591
0.14959294
0.27543006
-0.021037189
0.70999032
0.18482668
0.26478447
0.013507474
-0.17710132
0.21876386
-0.10409873
0.70982107
0.71567888
-0.01627427
0.58562492
0.033238124
0.03728528
0.10892422
-0.096299821
0.68285284
0.60396444
0.65630282
0.043441633
0.68132129
-0.11703776
0.72224916
0.64406836
-0.22163566
-0.24418542
-0.18335903
0.032630724
-0.27677551
0.44994252
0.44875715
-0.076460439
-0.16138961
0.05606882
0.16866425
-0.11794727
0.28019683
-0.27479108
-0.24458257
-0.25250898
-0.22680737
-0.17424592
0.16388225
0.28412434
0.14241255
0.46969555
0.29287686
0.29845732
0.61108241
0.58867264
0.63944288
0.25755603
0.414268
0.32875679
0.024197252
0.54429451
0.1627614
0.18382657
0.62602091
0.1778248
0.57653467
0.15631628
0.16773322
0.66840567
0.066005081
0.53547318
-0.033975425
-0.01487038
-0.26098533
-0.13038459
0.080816625
0.657606
0.042528286
0.49269203
0.13494491
0.069154309
0.67607431
-0.23408434
0.0063491599
0.35919711
-0.10942686
-0.15303487
-0.041702346
0.12826325
-0.077528249
-0.2164822
-0.11173353
-0.13966998
-0.23909946
0.6565348
0.22479044
-0.24029181
0.54537437
-0.094256347
-0.06482645
-0.026734331
0.0889378
-0.2032623
-0.20286321
-0.2103934
0.52980128
-0.33013072
-0.38674985
-0.13136177
-0.21309317
0.40946886
0.30921842
-0.14267011
0.16830163
-0.18803367
-0.038672964
-0.33222096
0.0026243897
0.069003223
-0.22901716
-0.13037858
0.074638535
-0.36682209
-0.34651289
-0.31677344
-0.32125599
-0.29843756
-0.29348566
-0.29068708
-0.2559691
-0.22680296
-0.18867069
-0.22569071
-0.15909847
-0.096967696
-0.072508232
-0.20231588
-0.2776604
0.012140188
0.026629713
-0.064163951
0.021596848
-0.021503407
-0.072036909
-0.0021869704
0.10592777
0.060944212
0.10825098
0.065932883
-0.26998424
0.19874391
0.13857233
-0.0032964174
0.23133634
0.062315318
-0.081527422
-0.041264512
0.00666346
-0.026226886
0.18861843
-0.16562234
-0.10352018
-0.25894174
-0.24419841
-0.35907115
-0.25691347
-0.22912657
-0.19535391
-0.18526649
-0.21559864
-0.13669433
-0.14415797
-0.18576855
-0.13219812
0.22835745
0.3232514
0.32728687
-0.14155653
-0.20696883
-0.19038004
-0.20864915
-0.16154483
-0.21310653
-0.091720179
0.34487568
-0.18272412
0.12049409
-0.070449637
-0.059860878
0.048424185
-0.21288119
-0.20414183
-0.28149575
-0.2966497
-0.17792757
-0.053890577
0.43900885
-0.20216471
0.26326344
-0.18495852
-0.27823991
0.53136085
0.48880583
0.3568863
0.19201123
0.29443448
-0.38610765
-0.35500096
-0.20378447
-0.087582931
-0.12178261
-0.067696777
0.017241548
-0.061091649
0.42413461
0.032139371
0.017400433
-0.11041082
-0.22616677
-0.25106265
-0.21404411
-0.27105792
-0.16868885
-0.32614495
-0.26596796
-0.13545139
-0.2047878
-0.23863846
-0.14104169
-0.093263872
0.12956041
-0.20858444
-0.18874325
0.12637185
0.12776011
-0.071002669
-0.1666122
0.24018097
-0.19340055
-0.21250871
-0.24194263
-0.2158637
-0.14565081
-0.16778272
-0.13191921
0.1709462
-0.050408611
0.064611993
-0.097345235
-0.22385776
0.21248568
0.44157514
-0.23708637
-0.12745469
-0.073875913
-0.1870388
-0.31436164
0.34253835
-0.22357112
-0.31141985
-0.14430755
-0.35567073
0.069377035
0.0015651367
0.42953745
0.28681563
0.25967139
-0.14927236
0.12596371
-0.19270195
-0.2054747
0.43215656
-0.1241823
0.14288503
-0.13990928
-0.34130807
0.52173264
-0.020170497
-0.015255897
0.024132185
