FiniteElementSpace
FiniteElementCollection: H1_2D_P1
VDim: 1
Ordering: 0

-0.16972107
-0.22009059
-0.16937499
-0.21949367
-0.012421733
-0.012468154
0.064604961
0.29013023
0.47303121
0.58514676
0.6088584
0.54023566
0.38864075
0.17717946
-0.062605459
-0.29531927
-0.48495065
-0.60426495
-0.63421992
-0.57077696
-0.4264146
0.018545106
0.24966426
0.43957258
0.55987152
0.59241296
0.53394582
0.39293777
0.19114839
-0.039263742
-0.26345527
-0.44601101
-0.55918578
-0.58532535
-0.52072325
-0.37461128
0.065287659
0.2905929
0.47305752
0.58527792
0.60911143
0.54010778
0.38878884
0.17735613
-0.062651011
-0.295071
-0.48493181
-0.60429991
-0.63464497
-0.57184745
-0.42586984
0.018666841
0.24966836
0.439305
0.55979643
0.59295031
0.53387388
0.39303926
0.19163962
-0.038989307
-0.26295278
-0.44553887
-0.55927491
-0.58571509
-0.52068985
-0.37464766
-0.18423088
-0.14175137
-0.095069416
-0.049514603
-0.0096987521
0.020871233
0.040315337
0.048397067
0.046155493
0.036435089
0.022718469
0.0068530615
-0.0058714862
-0.013511288
-0.015916206
-0.0049429917
0.0039725022
0.0108154
0.012293667
0.0057890604
-0.010297782
-0.036167656
-0.070507843
-0.11032867
-0.15177602
-0.19059371
-0.22335137
-0.24309434
-0.24944085
-0.24101839
-0.18365183
-0.14146309
-0.09498963
-0.04947516
-0.010534495
0.019874282
0.040780408
0.04703021
0.04621946
0.036421281
0.021944837
0.0068348494
-0.0059166184
-0.013790239
-0.016015897
-0.0047760356
0.0039594351
0.010797248
0.01226586
0.0056434912
-0.010390954
-0.0357821
-0.070664482
-0.11051816
-0.15235686
-0.19180666
-0.22216557
-0.24249198
-0.24950431
-0.24137261
-0.16000459
-0.15043066
-0.14268088
-0.1402441
-0.14337533
-0.15159092
-0.16367675
-0.17659304
-0.18670951
-0.19080968
-0.1863154
-0.16975289
-0.14203381
-0.10484142
-0.060388336
0.03374183
0.07320891
0.10189146
0.11646567
0.11543746
0.099300872
0.069207127
0.029956836
-0.014220287
-0.060321259
-0.10079915
-0.13430687
-0.15778938
-0.1706338
-0.17357792
-0.15904066
-0.14946937
-0.14249012
-0.14029153
-0.14371177
-0.15146174
-0.16366491
-0.17680098
-0.18717202
-0.19140529
-0.18608265
-0.1698469
-0.14253818
-0.1049976
-0.060189003
0.033933456
0.073441017
0.10210706
0.11666021
0.11561696
0.099103768
0.069718349
0.029592617
-0.014120628
-0.059249312
-0.10044032
-0.13473807
-0.15753623
-0.16960369
-0.17324256
0.032643441
-0.048932037
-0.0084607092
-0.077790714
0.09571573
-0.36089664
0.52629689
-0.23283071
0.03728381
0.456798
-0.57583694
0.11020036
-0.095032582
-0.31846175
0.039394157
0.0070859165
-0.45271911
0.058830488
-0.031887572
0.034353034
0.044418888
0.080823732
0.079687176
0.10141063
0.11693197
0.11389707
0.14616941
0.1123313
0.079409658
0.046201192
0.093679809
-0.0054174331
0.022469045
0.093816494
0.056265136
-0.073089456
-0.11543732
-0.20348017
0.16271589
-0.21532107
-0.31166094
0.14289913
0.24774466
-0.15282434
0.14023156
-0.28667124
-0.19079995
-0.3786146
-0.40316702
0.24433489
0.33667166
0.29685872
0.3650538
0.28195668
-0.45844144
0.32318739
-0.22777654
-0.13829694
0.20504018
0.23285238
0.081461146
0.092759049
0.02424996
0.086551335
0.088203736
0.095796997
0.095847819
0.071914554
0.10198553
0.099994306
-0.10029886
-0.055099687
0.21519514
-0.48220503
-0.37986171
-0.51815619
0.086984561
0.18654851
-0.021907265
0.18878444
-0.44804584
0.040270932
0.41950057
0.086203947
0.083273846
0.012976575
0.000249226
0.098160936
0.08625382
-0.45240296
-0.3045769
-0.46851497
-0.17264332
-0.14697054
-0.2230234
0.061093137
0.012715454
0.010898906
-0.51588146
-0.06997475
0.059868606
0.26672779
0.42934894
0.44186964
0.53504439
0.31961955
0.33148216
0.16816236
0.047612673
0.064413957
-0.058118366
-0.059199911
0.11199347
0.10681983
0.040811497
0.091724453
0.10058169
-0.28223779
-0.55497276
0.027788407
0.05397951
0.085994706
0.094254653
0.16228595
0.084333459
0.063201189
-0.038374893
-0.12346809
-0.29488668
-0.39038076
0.00051876362
-0.31489893
-0.53997517
0.22631958
-0.067948967
-0.11202943
0.061075914
0.063800119
0.065838202
-0.041742427
0.23713338
-0.23325317
-0.17500178
-0.35151086
0.038713407
0.42033969
0.16770174
0.020240139
-0.13622454
-0.29407229
0.066698905
0.095491875
-0.34803356
0.034468169
-0.11659202
-0.54966349
0.14373403
0.32259295
0.015423795
0.077748154
0.34391843
0.48780712
-0.31528489
0.023613256
0.056683598
-0.3847799
0.4440364
0.097555599
-0.0011271402
0.010565452
-0.026546517
-0.49211518
0.062988244
0.16227267
-0.1637008
0.35478545
-0.10552836
-0.12596128
0.065928455
0.23350214
-0.040115598
-0.17631536
0.029011676
0.11729275
-0.42736721
0.013352314
0.56046301
-0.63750326
-0.0026017384
0.10765174
-0.25563429
0.020457366
0.36501581
-0.34532393
-0.0021876673
0.049863247
-0.3086121
-0.43626719
-0.37548385
-0.50800659
-0.41667927
-0.51349354
-0.4293259
-0.45516251
-0.37509317
-0.34693677
-0.271628
-0.20592702
-0.14506921
-0.056072762
-0.017274229
-0.085323999
0.079651426
0.019478352
-0.03161656
0.051030003
0.015541988
0.10208424
-0.3433215
-0.058106187
-0.0030337643
-0.26216828
0.065492296
0.19382332
0.10996018
0.14806018
0.053766825
0.038875046
-0.060639103
0.20257427
0.30887939
0.26877916
0.34843098
0.28017499
0.34532202
0.31652948
-0.12874329
0.080610616
0.065896458
-0.52218916
0.13410967
0.15055374
0.030239295
-0.10653055
0.11528624
0.12218464
-0.044211613
0.031612602
0.22719766
0.40840886
0.32637794
-0.18209894
0.049838993
-0.54784169
0.16322563
-0.206735
0.096946806
0.11798856
0.21469964
0.42936025
-0.059789668
-0.017421882
0.14897318
0.12364609
0.092819199
0.11550513
0.021303418
-0.0050108243
-0.1258182
-0.21166842
-0.12871598
-0.22912923
-0.19774775
0.30329822
0.1681445
0.0022396467
0.50349173
0.0066118514
0.061964131
-0.15333129
0.26731573
-0.078010374
-0.28936552
0.41627835
0.088138718
0.083860301
0.088273362
0.11901009
-0.22661432
-0.5738957
-0.60807305
0.52892269
0.48318034
0.42677738
0.016563734
-0.60949991
0.41821938
-0.098753433
-0.29795616
0.22160945
-0.0069581791
0.091971836
-0.1233115
0.11881802
0.077569397
-0.099614332
-0.41371923
-0.46299261
-0.58484556
-0.1958536
-0.51850759
-0.00077200523
0.17942316
0.096357254
0.056182338
0.22682664
-0.28982658
0.11677404
-0.36349745
0.17779429
0.01978046
-0.49071624
0.045521627
-0.26118415
0.18644014
-0.00042947111
-0.52035086
0.009131072
0.15914864
0.18858719
-0.61672031
-0.34619254
0.13456522
0.023910242
0.10799437
0.081262262
0.10680278
-0.017416869
0.015992278
-0.34756065
-0.033458813
-0.55588665
0.49447068
0.004625004
0.11929186
-0.14515571
0.11886626
0.031476103
0.11247993
0.099630857
0.085540275
-0.28542609
0.065959585
-0.30228423
-0.091572531
-0.077581102
0.33667845
-0.34730796
0.0017834826
-0.13661389
-0.24621864
-0.012934264
0.63992207
-0.35163291
-0.13137328
0.049826715
-0.60612325
0.41893964
-0.023507129
-0.52502757
-0.070971876
0.040245478
0.10770595
0.26298184
0.46553724
0.38851469
0.55063176
0.46996705
0.29461663
0.37098941
0.19399045
0.26481974
0.39827606
0.28967922
0.16177239
0.18534975
0.37524708
0.58217782
0.072241818
0.09530233
0.17039002
0.085356907
0.013904086
0.12311174
0.049333733
-0.048555805
-0.12959359
0.022899557
-0.0016241985
0.08529014
-0.15357723
-0.24234116
-0.23006506
-0.082925802
-0.34291309
-0.33984249
-0.0022751088
-0.037368119
-0.43457402
-0.013950768
-0.4471882
-0.51923942
0.63719906
0.61356015
0.025833151
0.55649663
0.53530194
0.5593227
0.43677849
0.41572793
0.21423788
0.12965342
0.21678061
0.42499886
-0.015694853
-0.033685926
-0.14905255
0.54705851
-0.29989755
0.1001872
0.17525988
0.032379423
0.30231034
-0.055537526
-0.053865804
-6.1097174e-05
-0.39230115
0.38998265
-0.072718441
-0.047595697
0.239261
0.092251586
-0.42036106
-0.23915294
0.28672
-0.073164438
-0.052358567
-0.015846703
-0.02505769
0.15655836
0.51829668
-0.12996914
-0.18642559
-0.25438553
-0.014354776
-0.30475202
-0.13388066
-0.50701063
-0.14165037
0.032414755
0.2441415
0.565139
0.046920556
0.24420699
-0.022311391
-0.38776353
-0.46134674
-0.50891389
-0.58230683
-0.54148078
0.6235467
0.60395095
-0.10691411
0.17651132
0.49815706
0.098741275
0.63544321
0.4826432
0.2701608
0.05512456
0.027055155
0.037921492
0.31133001
-0.026983588
0.0049210326
-0.075247353
-0.090090781
-0.036443615
-0.058160815
0.6570184
0.47330304
-0.11915448
0.61995985
-0.024419183
-0.18714352
-0.029305438
-0.031841461
0.20983861
-0.40180355
0.40447401
-0.3088668
-0.12018444
-0.11604807
-0.02034128
0.49906332
-0.059955527
-0.033061107
-0.08994685
0.37212654
-0.6077546
-0.10305538
-0.19549976
-0.040448229
0.21505874
-0.17906196
-0.22137796
-0.33158695
-0.037995767
0.012524295
-0.37787497
0.30006349
-0.081086366
-0.10020881
-0.39940811
0.14179782
-0.35599005
-0.03936437
-0.04936216
0.35901243
-0.4550897
0.080564125
-0.26222915
0.14870599
0.049876901
0.60640955
-0.35341456
-0.22425808
-0.30019126
0.14758381
-0.16927722
-0.57701172
0.5489899
-0.01986914
0.08137923
-0.32222712
-0.055971691
-0.4567379
0.17523565
0.12252454
0.21278952
0.26400413
0.30518228
0.37599608
0.38520398
0.28470354
0.32731774
0.20792006
0.21389404
0.34034039
0.19020165
0.065033085
0.014267183
0.31694192
0.47005047
-0.093071155
-0.15832132
-0.059009716
-0.23769093
-0.045213381
-0.14997458
-0.32475675
-0.17574522
-0.13162758
-0.36860424
-0.43915259
0.17950242
-0.22727876
-0.18641519
-0.098379364
-0.27238881
-0.15318616
-0.073718827
-0.41084278
-0.50028649
-0.12329717
-0.43057894
-0.05571422
-0.10438497
0.42662501
0.53066034
0.15111944
0.53034771
0.59608768
0.5602497
0.62888667
0.61169318
0.058018936
-0.042694601
0.18160566
0.55245345
-0.37829132
-0.38569113
-0.28566503
0.44550413
0.0081509828
0.07355107
0.30111849
-0.15548803
0.37964664
-0.48115296
-0.35668056
0.094730462
-0.18012937
0.40432151
-0.54355107
-0.50331568
0.47652666
0.40541597
0.0072385343
0.068131705
0.64254644
-0.52180405
-0.31958352
-0.035513875
-0.40594535
0.58182791
0.16453086
-0.25124723
-0.24089502
-0.24690202
-0.30824957
-0.19925852
0.086223497
0.011834088
-0.50357334
0.62457291
0.62868943
0.1185852
0.39222941
0.49987078
-0.28028035
-0.131664
-0.14327614
-0.1012648
-0.063431479
-0.039417448
0.16285136
0.29964277
-0.55827899
0.22231131
0.43803956
0.091685304
0.4493648
0.54727451
0.13618203
-0.25039411
-0.29699797
0.19639721
0.26136457
-0.47341231
-0.23038856
-0.015672758
-0.43248053
-0.32368432
0.32341476
0.31232625
0.45363818
-0.15131457
0.30634413
0.50055322
-0.0018395138
-0.42592789
-0.31609761
0.061880827
-0.089117697
0.43098886
-0.21457853
-0.30098821
0.085054799
-0.34671894
0.27737601
-0.25664036
0.14350829
-0.321767
0.52519778
-0.031265967
-0.53818216
0.091425055
-0.43422641
0.31427094
-0.2739381
-0.2514286
-0.21476946
-0.30683248
-0.03089342
-0.049909159
0.58785249
-0.31966786
-0.56511356
-0.17927896
0.64085762
0.045316913
-0.23477822
-0.42155911
0.23071241
-0.14762263
-0.040295771
-0.055837997
0.076238921
0.11850527
-0.43423037
0.52433201
0.0083638772
0.0071380293
-0.19573765
0.016497747
-0.6384407
0.50099061
0.10755918
0.016555004
-0.3116962
0.049854988
-0.49405862
0.1625972
0.083622374
0.086655931
0.10573049
0.079410786
0.094984677
0.059845678
0.074110719
0.0263053
0.041996308
-0.02116538
-0.0012756971
-0.081700483
-0.052195893
-0.15070502
-0.10817971
0.0062077122
-0.22561322
-0.030104687
0.089762805
0.076972833
0.18800595
-0.069033629
0.089542437
0.17167022
0.24632801
-0.083788641
-0.2390102
-0.32543718
0.061878965
-0.10773569
0.28911581
0.31297016
0.20242038
-0.29831996
-0.38899227
-0.40818086
-0.47398759
-0.48142167
-0.31454998
-0.54720472
0.15403192
0.37728471
0.35918053
0.019760784
0.043588254
-0.14856119
0.26866805
0.1611528
0.21017231
0.21725875
0.17910029
-0.20244253
-0.53793494
-0.48175971
-0.55004534
0.13802804
0.26079232
0.063871048
-0.22628835
0.10688282
0.44046206
0.35051899
-0.4199095
-0.42830153
0.118101
0.10780062
-0.44916842
-0.56831858
-0.28189641
0.38442754
0.1411774
0.041376994
0.12636054
0.12488841
0.11121936
0.11989115
0.11907242
-0.4871887
-0.60764756
-0.60675072
-0.25405044
0.23563335
-0.025714521
-0.11084844
-0.064387006
-0.17495567
-0.13018074
-0.071611236
0.35920345
0.39754698
0.56237978
-0.0041834457
0.013928309
0.023237082
-0.1429407
-0.29902632
0.0013391196
0.01862766
0.11623108
0.11063914
-0.097050488
0.10960829
-0.60005155
0.24362955
-0.16793065
0.099479817
0.025998664
0.2005415
-0.40401942
-0.15364227
-0.024055928
-0.014764092
0.044851899
0.040002229
0.05367358
0.1820412
-0.30122576
0.32239973
0.21560612
-0.369752
0.067545385
-0.025490941
0.50024233
-0.21525186
-0.36544407
0.0056844771
0.18210966
0.020678018
0.1125348
-0.2775514
-0.58211996
0.015375295
0.0038140333
-0.30043859
-0.23456811
0.037267331
-0.53160001
-0.21485593
0.4213645
0.38567112
0.48841625
0.1147572
-0.3485975
-0.019163171
0.016846982
0.079849536
0.014549121
0.0966488
-0.35771713
-0.14467685
-0.13021776
0.45295933
0.12783602
-0.62014025
0.43572139
0.11936604
0.29478778
-0.17360407
0.35763592
-0.054204257
-0.083356122
-0.24357727
-0.13803261
0.62589288
-0.35328426
-0.012062512
0.028746119
-0.60488487
-0.13108076
0.5599867
-0.35294842
0.054707375
-0.021325483
-0.41517736
-0.073048708
0.19648115
-0.13246429
-0.12086035
-0.071720918
-0.079808848
-0.03956279
-0.017112276
-0.065775609
0.029413775
-0.027720195
0.098739023
0.12665403
0.21849753
0.18513033
0.32076946
0.20787742
0.004221144
0.2813385
0.42241901
0.41415858
0.5101551
0.10738573
0.4487922
0.52864774
0.19298732
-0.0082356429
0.51338152
-0.13850119
0.41733314
0.34072115
0.47341548
0.58416987
0.068827227
-0.14540363
-0.19585363
-0.33112875
-0.34164336
0.50233862
-0.45067841
0.27078915
0.20365047
-0.42286258
-0.51368449
-0.02166515
0.00014930181
-0.18377181
0.048571732
0.017294119
-0.023692978
-0.030642481
0.021502689
0.28095162
-0.059541737
0.25365162
0.13029227
0.15070005
0.60960028
0.6373867
0.50365031
-0.040258465
-0.32439563
0.16563842
-0.11253234
0.36195223
0.36249413
-0.4445583
-0.062643555
-0.36603756
0.060081445
0.0030703705
-0.28922414
-0.045199492
0.65734331
0.62283901
0.29901581
0.53500347
0.10981384
0.15325118
-0.048700612
-0.046232911
-0.088378963
0.63920441
0.05850133
-0.11605914
0.10447101
-0.13257854
-0.21272818
-0.012843375
-0.52575713
-0.14091024
-0.093390044
-0.18674702
-0.32486008
-0.022414118
-0.039762188
0.40354752
0.048784777
-0.60021437
-0.57224249
-0.53714429
-0.46076987
-0.43003636
-0.10869287
-0.092732847
-0.14098378
0.054670299
0.032263368
-0.023953518
0.080259351
0.30991356
0.35404496
0.37641217
0.35849319
0.58675942
0.60362074
0.32688009
-0.0693168
0.58292478
-0.022801715
-0.025549474
0.11898046
0.46058749
-0.026220253
0.25366509
-0.22266347
0.0073401262
-0.037993975
0.065511916
-0.51356918
-0.28245718
-0.22496409
0.16074035
0.52093278
0.18868004
-0.037270946
-0.21029104
0.087151084
-0.3494859
0.46780278
0.20285148
0.25155267
0.016951592
-0.24979344
-0.07593167
-0.065613398
-0.41658286
-0.037964471
0.0011012651
-0.38172453
0.008361352
0.19718082
-0.54334081
-0.10082561
-0.30443431
0.42425932
0.29613679
-0.04781418
0.50368063
-0.51894966
0.15095954
0.3275351
-0.26162425
-0.22399638
-0.34664574
0.17408464
0.048916949
-0.28935478
0.62277983
-0.019364377
-0.57711157
0.12340025
-0.16788345
0.39042325
-0.31348717
-0.092798839
-0.45338705
0.026171517
-0.25310558
-0.3025747
-0.3301118
-0.32481243
-0.36773452
-0.31085834
-0.26024903
-0.19888119
-0.15068841
-0.052128454
-0.10418256
0.071810309
0.10315162
0.23889622
0.017178347
-0.36674433
0.24009792
0.36786611
0.37234211
0.48284893
0.11109947
0.48982034
0.57115245
0.2159587
0.099770849
0.43798658
-0.21666467
0.58039857
0.4540122
0.62362198
0.56774015
0.17551917
0.076046756
-0.0039814707
-0.010627279
-0.086361419
0.5756494
-0.074729054
0.54387963
0.37669577
-0.14096298
-0.10889296
-0.41177788
-0.42476738
-0.27471727
-0.32278973
-0.39205645
-0.48052454
-0.45896214
-0.31809753
0.27593774
-0.5302359
0.26713188
0.15963336
0.20920628
0.47808261
0.4754977
0.44748864
-0.49016758
-0.16377929
0.048969957
-0.11565128
0.54927929
0.28326716
-0.014965836
-0.51254894
-0.19779708
-0.066890236
0.030015601
-0.22107352
-0.38499525
0.34814149
0.35403528
0.38387838
0.23280569
0.46440228
0.59648174
-0.22932678
-0.27082692
0.10236737
0.15837459
0.26490818
-0.13297977
0.11890521
0.086620745
0.086635085
-0.30055873
0.010488292
-0.50350286
-0.52468117
-0.23982352
-0.20443252
-0.27879955
-0.35805497
0.069768348
0.54839677
-0.041857238
-0.061393104
-0.087220039
-0.13392667
-0.16731893
-0.56047973
-0.5616274
-0.28479966
-0.25665108
-0.019084345
-0.45383065
-0.24397029
0.20804337
0.33967777
0.33308961
0.63493863
0.51975092
0.31980009
0.63324371
-0.004159355
0.43711711
0.50517146
-0.38388016
-0.16778052
0.36754903
-0.40889157
0.14321247
-0.096191233
0.6110837
-0.34643132
0.18960033
-0.052669983
0.051745968
-0.1831281
-0.058549645
0.33830132
0.64661111
-0.42846145
-0.25007125
-0.15123341
-0.13420677
0.26920787
0.6095505
0.20357612
0.14465353
-0.24841899
-0.5049966
0.13238073
0.025958151
-0.30707779
-0.031908365
-0.048716028
-0.24418505
0.50441832
-0.023880587
-0.42056229
-0.22499849
0.25219767
0.19407132
-0.43051564
0.11948263
-0.060596286
-0.033993427
0.2894904
0.011758077
-0.17089878
0.026146523
-0.077230458
-0.36389081
0.52871512
0.11206532
-0.57588229
-0.09402737
0.041992776
-0.28167394
0.093187038
0.30398575
-0.34750338
-0.024366874
0.034824184
-0.048268573
-0.057338097
0.009795648
-0.043890121
0.023336484
-0.012471067
-0.090038477
-0.035582626
-0.11787022
-0.037493233
0.026358892
0.044793439
-0.013255284
0.086844469
0.081255441
0.046440358
0.039574826
0.15220926
0.16198441
0.22810926
-0.090424121
0.19683538
0.2533928
-0.028593351
-0.18152066
0.30456663
0.31439513
-0.17935853
-0.1114303
-0.27696111
-0.31290815
0.060328502
-0.40852846
-0.4008833
0.22249269
0.25970163
-0.47872785
0.38481344
-0.42896614
-0.49633048
0.071353371
0.083240619
-0.13255003
0.07131734
0.091655608
0.097410595
0.091056169
0.090848238
0.1498393
0.14846205
0.12124947
0.090860267
0.32637886
0.42304962
-0.0078343944
0.10184267
-0.35205942
0.091699594
0.083427586
0.10518503
0.10359406
0.1407941
0.31553225
-0.2101202
-0.48184171
0.088013002
0.15492192
0.29542752
0.079460562
0.044056433
-0.34119911
-0.28056126
0.075658718
0.13616444
0.39869978
0.028741078
0.46566452
0.05519958
0.060868793
0.059323975
-0.16254309
-0.27827802
0.44910362
-0.51422856
-0.10941815
-0.26049365
-0.091507117
0.037763776
0.069683997
0.1105403
0.039727166
0.069527654
0.52791996
-0.55546901
-0.54965681
-0.48844538
-0.40567016
-0.39119041
0.095372343
0.062163989
-0.083410904
-0.12478713
0.028708971
-0.11881426
0.097575888
0.089514812
0.11216533
0.18412378
0.23463172
0.03598085
0.1163617
0.37355636
0.11730133
-0.21316867
0.023290801
0.21309064
-0.0096857321
0.095354713
0.068732512
-0.057487465
0.10795417
0.011023852
-0.30818808
0.42160016
0.11642461
0.061389057
-0.4570721
0.09659606
-0.3640349
0.13205677
-0.26821901
0.12212042
0.10114172
0.024662043
-0.20482003
0.16973197
0.094302254
-0.27467213
0.024985749
-0.20340083
0.31050117
0.064196486
-0.06654157
-0.18939691
-0.44819994
-0.069296378
0.026356597
-0.32072163
0.080692969
0.27196782
0.02863524
-0.54227065
0.053353364
-0.25860102
0.4434017
0.17363508
0.084319364
-0.5234965
