FiniteElementSpace
FiniteElementCollection: H1_2D_P1
VDim: 1
Ordering: 0

0.13666823
0.045733789
-0.13655002
-0.04573132
0.16359931
-0.16322901
0.16016512
0.17572913
0.18246751
0.18029205
0.17007607
0.15286928
0.13167194
0.10741461
0.08177971
0.060114295
0.040944912
0.029431287
0.023282403
0.023888467
0.032206835
0.06303591
0.08247831
0.10200798
0.11895961
0.13121663
0.13694799
0.1350715
0.12476791
0.10565825
0.079938037
0.046589427
0.0089305571
-0.030624091
-0.069553798
-0.1047123
-0.16008849
-0.17595524
-0.18254565
-0.18022563
-0.16999371
-0.15312169
-0.1308758
-0.10699095
-0.082318571
-0.05983309
-0.041506654
-0.028702202
-0.022893833
-0.02421987
-0.031846044
-0.063194677
-0.082584878
-0.10218128
-0.11929929
-0.13162429
-0.13700466
-0.13529289
-0.12464888
-0.10588734
-0.079479255
-0.046395006
-0.0092153303
0.029900222
0.069121713
0.1053577
-0.087728931
-0.22019777
-0.34165318
-0.44370682
-0.51877641
-0.56145407
-0.56919779
-0.54216349
-0.48347446
-0.39893847
-0.29664906
-0.18475937
-0.073803552
0.025870323
0.10775695
0.1888638
0.18278311
0.14642215
0.083541942
0.00098844868
-0.093100816
-0.18954681
-0.27854338
-0.35107118
-0.39927267
-0.41723214
-0.40255514
-0.35407275
-0.27451978
-0.16935461
0.087429489
0.21978708
0.34149387
0.44392412
0.51962571
0.56194393
0.56893577
0.54223609
0.48387855
0.39901955
0.2961645
0.18467099
0.074041814
-0.025934569
-0.10752094
-0.18896309
-0.18244152
-0.14637227
-0.083601525
-0.0010985976
0.09297858
0.18944213
0.27853322
0.35100763
0.3992672
0.41769705
0.402333
0.35353728
0.27410357
0.16927163
0.050541541
-0.038469471
-0.12645687
-0.20797919
-0.27828197
-0.33380023
-0.37216175
-0.39208314
-0.39389241
-0.3793682
-0.35169433
-0.31468489
-0.27234571
-0.23032058
-0.19219699
-0.14416543
-0.13966141
-0.1480308
-0.16842811
-0.19915267
-0.23640155
-0.2760213
-0.31396895
-0.34400515
-0.36328713
-0.36801648
-0.3553998
-0.3248392
-0.27676344
-0.21315307
-0.051047068
0.038650726
0.1264429
0.20778617
0.27794428
0.33320963
0.37185999
0.39200441
0.3940027
0.37961834
0.35187562
0.31460537
0.2724807
0.23036703
0.19230075
0.14448751
0.13962311
0.14791164
0.16852088
0.19910576
0.2363133
0.27613545
0.313312
0.34433804
0.36334091
0.36801933
0.35594266
0.3254705
0.27696056
0.21330029
0.1916351
-0.25412048
0.31539307
0.47959839
-0.16827879
0.10477881
0.25161371
-0.29192321
0.023562368
0.23924596
-0.01827422
-0.1313284
0.43168685
-0.2433759
-0.1182679
0.217506
-0.12657918
-0.14368121
0.39692244
0.42321713
0.33434925
0.42671562
0.32888408
0.40463654
0.4932116
0.45430883
0.52992337
0.475601
0.38788706
0.39477247
0.46926889
0.37757433
0.29964296
0.29871644
0.43716639
0.339952
0.26717583
0.2273994
0.513229
0.14504281
0.10729567
0.46411144
0.5214372
0.2867336
0.55498661
0.018463579
0.049020884
-0.013261479
0.067662247
0.45559319
0.49414864
0.55280575
0.50559127
0.55756401
-0.041418803
0.49564355
-0.077582313
-0.050493862
0.53738718
0.45147792
0.22041315
0.18580118
0.48873661
0.24512039
0.13040088
0.076479123
0.023546969
0.058957589
0.394668
-0.020744717
0.074043425
-0.026727336
0.37420679
0.031265491
0.13021832
-0.059822117
0.014216067
0.57805263
0.090242784
0.57398813
-0.13430167
0.31647019
0.43041379
-0.065143797
0.54392476
-0.012548789
-0.11900707
0.56443868
-0.038880109
0.085078905
0.16788033
-0.15423381
0.1822227
-0.17086521
-0.19343245
-0.095366373
0.22029383
-0.22516801
0.039910621
-0.1432734
-0.19382864
0.22292504
0.24317425
0.34405022
0.24804241
0.22007882
0.34933115
0.31748295
0.40859903
0.49294839
0.45137999
0.49090118
-0.14333038
-0.077118269
-0.058924794
-0.13147472
-0.091361196
-0.27433015
-0.074626227
0.11902876
0.23201336
0.50380523
0.35616213
0.53571031
0.11109226
0.17241979
0.29277594
0.17499124
0.17904429
-0.12011802
0.38366215
-0.09983729
0.0036745985
0.56259502
0.31723767
-0.27874363
0.12678524
0.28439024
0.029702204
0.19432433
0.58370631
0.22762771
-0.29290506
-0.19906831
-0.14916719
0.43261397
0.5831883
0.1942494
0.24770608
-0.20626591
-0.05209583
0.55004231
-0.21293978
0.084842769
0.35002632
-0.071613912
0.28261705
0.31542969
0.52219782
-0.1159052
0.41268235
0.35164102
-0.16055542
-0.16308019
-0.0088017613
-0.20739461
0.34402956
-0.10793385
0.31369196
0.52756753
0.24764678
-0.1274008
-0.1021241
0.18148243
0.13283703
0.42287699
0.14005267
0.24626786
-0.39584921
-0.17087518
0.44704053
0.47528745
-0.43105366
-0.25235344
-0.043049571
0.19843864
-0.25983663
0.024572674
-0.39113813
-0.16090728
0.35844212
0.0023041569
-0.27006034
0.14628825
-0.28211837
-0.11667331
0.25651018
0.26464718
0.34075493
0.24038877
0.31263271
0.18821797
0.21836052
0.1076162
0.12059905
0.012050471
0.0071738007
-0.09390014
-0.10925174
-0.2013144
-0.22103941
-0.12421108
-0.30076883
-0.23605842
-0.13588636
-0.2436993
-0.146157
-0.32995192
0.22769959
-0.027658535
-0.045432765
-0.080680331
-0.27212728
-0.35582828
-0.32865624
-0.39741904
-0.15499438
-0.064870801
0.079053808
-0.31574447
-0.38200053
-0.42037832
-0.42884746
-0.4609967
-0.32779892
-0.45155206
0.099879626
-0.16028096
-0.083619706
0.085130337
-0.38345481
-0.43475617
0.017967338
0.21450804
-0.31562995
-0.35338216
0.17530368
-0.22792998
-0.47311103
-0.40534785
-0.41446533
0.23722526
-0.013979036
0.18620975
-0.39694449
0.11330152
-0.16397912
-0.29227891
-0.47153586
-0.35473003
0.31646013
0.255067
-0.47033737
-0.45712184
-0.44372217
-0.30640166
0.10544541
0.3859917
0.34891943
0.34312924
0.44022535
0.41405382
0.43775309
-0.3526734
-0.40280243
-0.34769867
-0.27127408
-0.12831897
-0.17921354
-0.12029047
-0.23929146
-0.16361366
-0.08177329
-0.20963642
-0.34487191
-0.13234418
-0.12330462
-0.20024669
-0.084262508
-0.0058012318
0.054959554
-0.24030662
-0.31728089
-0.27389967
0.098312925
0.04815936
-0.37774265
0.5054083
0.3947793
-0.45035397
0.049972627
-0.32042666
-0.013495537
-0.4034748
-0.24560047
-0.17488749
0.0088961645
0.0001519875
0.13395938
-0.0011546494
0.15347395
0.13296286
-0.3836179
-0.23906228
-0.078516657
-0.44182739
0.11943199
-0.22205249
-0.056419066
-0.25853625
-0.072270206
0.062320558
-0.021083724
0.22604925
-0.44628438
-0.4163732
0.00087246591
0.2993021
-0.46119018
-0.26765182
0.098545845
0.31511357
-0.33572861
-0.40131491
-0.2276966
-0.10619724
-0.16859347
-0.21394389
-0.11833141
0.048608329
0.51270571
0.053314133
-0.33592266
0.19711136
-0.43410128
-0.14649517
-0.26618817
0.046246092
-0.43205241
-0.28417969
-0.21717147
0.31018869
-0.069772113
0.3959725
-0.46154551
0.13338835
0.058453519
0.049352429
-0.35185864
-0.43382289
0.33364392
-0.13100122
0.083270625
0.32067672
-0.35277793
-0.19062897
0.068383597
0.08901078
-0.22385157
0.11285299
-0.26139607
0.0074953386
0.051234298
-0.0045310109
-0.013882382
-0.080304788
-0.10092513
-0.16964802
-0.12963761
-0.21902394
-0.15831768
-0.24643594
-0.30972234
-0.33322574
-0.25040942
-0.33286834
-0.39224329
-0.19612844
-0.23231076
-0.31071115
-0.40416566
-0.37630509
-0.14915168
-0.45664841
-0.42247884
-0.11454964
-0.036305266
-0.32991535
-0.37174201
-0.078519594
0.0093522508
0.075826357
0.029814537
-0.068269273
0.12834685
0.077431539
-0.44338416
-0.38915377
0.15361024
-0.27043253
0.10173544
0.16596297
-0.11173731
-0.20830014
0.011065263
-0.29035953
-0.29900857
-0.2056596
-0.28959086
-0.37306562
-0.46948265
-0.50509451
-0.50304414
-0.18617033
-0.21239489
-0.13987313
0.056934127
-0.10360971
0.040228234
-0.51966589
-0.50408482
-0.51124985
-0.47735098
-0.43913514
-0.083125148
-0.085867565
0.21163121
-0.082953357
-0.38181136
-0.32811888
-0.4676096
-0.47411075
0.065179877
0.023829482
-0.35745023
-0.32082244
-0.0053792824
-0.50415597
-0.19718032
-0.41722806
0.066057403
0.2282339
0.29271833
0.23645816
-0.188221
0.34382435
0.048996843
0.059574086
-0.39802665
-0.2776644
-0.26485445
0.088145024
-0.093818769
-0.14877405
-0.03886997
0.26933596
0.23759853
0.1879624
0.12340087
0.09979334
0.075714737
-0.017987553
-0.3033593
-0.050587311
-0.26386463
-0.16528765
-0.11113766
-0.37127103
-0.40994824
-0.48343663
-0.26898052
-0.50042973
-0.45873516
-0.30999062
-0.19562311
-0.070665748
-0.45324963
-0.14572417
-0.44439636
-0.01544485
-0.35200884
-0.45581567
-0.01129894
-0.40889724
-0.0039613007
-0.24640554
-0.22814836
0.074336856
0.19529929
-0.42487681
0.18142922
0.098916128
-0.021806876
-0.4830412
-0.0034235768
-0.48741014
-0.017547558
-0.020487356
-0.43258557
0.068599996
-0.40704256
0.030460265
-0.27016219
-0.043774287
0.18409501
0.12586301
0.27048972
-0.21028536
0.090322151
0.11771129
-0.41470489
0.029825297
-0.35713088
0.27262747
-0.33552111
0.048076732
0.08309508
-0.26631442
0.0090965173
0.20907168
0.035002164
0.30268763
-0.59955755
-0.38377148
0.015186406
0.025559595
0.27920917
0.19185053
-0.51391561
0.2112568
-0.0033193265
-0.026754275
-0.13811042
-0.30267438
0.068951086
0.064558677
-0.02726762
-0.051856063
-0.55547362
-0.59622338
-0.62301381
-0.60478097
-0.61168631
-0.58089003
-0.55370181
-0.51973203
-0.47284407
-0.43232655
-0.46127405
-0.37246901
-0.32479945
-0.26826207
-0.38435239
-0.56742276
-0.20424934
-0.15592831
-0.20529162
-0.10682986
-0.24665212
-0.14180656
-0.062238937
-0.11504311
-0.14565129
-0.012906077
0.010048634
-0.48980525
-0.012243831
-0.037088377
-0.16892435
0.011452165
-0.051533504
-0.18174753
-0.027021083
0.02033913
-0.061814662
0.070752641
-0.18112998
-0.03800341
-0.5779618
-0.51346448
-0.53322068
-0.49472645
-0.42292572
-0.42302096
-0.31768903
-0.31675018
-0.22300095
-0.1451268
-0.20703686
-0.30108378
0.058693208
0.15410282
0.10970665
-0.40181984
-0.30282436
-0.11624152
-0.15862244
-0.074379009
-0.26143284
-0.0060553463
0.14226074
-0.39417253
0.057125411
-0.2758653
0.016655544
0.05433815
-0.19168129
-0.080469668
-0.28741132
-0.39424964
-0.20272266
0.020476094
0.23276185
-0.035299635
0.14350869
-0.11107544
-0.60795191
0.31116697
0.30116606
0.19265649
0.13361345
0.2470065
-0.47979873
-0.27006365
0.013123487
-0.0069317342
-0.16361432
-0.41775892
-0.038700784
-0.16825682
0.24931215
0.1765099
0.093294924
0.070450703
-0.044094109
-0.16424192
-0.5784051
-0.61051366
-0.021535342
-0.55900661
-0.52711738
-0.36897429
-0.5057751
-0.40372797
-0.30017995
-0.084029246
-0.044566487
-0.057906923
-0.29753067
0.069527125
-0.081197119
-0.27772989
-0.0037754536
0.035730838
0.033554464
-0.55971328
-0.45049584
0.032973321
-0.47435121
0.024862825
-0.29363405
0.11186931
0.00027471387
-0.16591522
0.14992897
-0.3602298
0.074294649
0.21765504
-0.40236835
-0.037056261
-0.36070518
-0.016915797
-0.4870702
0.12272827
-0.30019935
-0.038598969
0.0027560963
-0.44718197
0.07023431
-0.15768959
0.22139349
0.094765272
0.16626147
-0.062661759
-0.048776219
0.13999231
-0.22543438
0.2127434
0.0031053328
0.13751103
-0.089684123
-0.36066483
0.30833698
0.026883732
-0.25862264
0.03375289
0.12328989
-0.49700979
0.38981059
0.24651564
0.041744349
0.23532088
-0.30081539
0.4208155
-0.44001021
-0.099164479
-0.026148397
0.26813846
0.16048277
0.35329122
-0.26213533
0.11623859
-0.055933083
0.2499497
0.13191735
0.11819162
0.16718988
0.10286656
0.16836975
0.083440966
0.16499864
0.063465196
0.15703079
0.043588907
0.14520613
0.025192092
0.13286638
0.01052661
0.11992504
0.23229424
-0.00024155784
0.21601966
0.31562185
0.29166231
0.37515307
0.193964
0.24334941
0.39538034
0.43660965
-0.083324416
-0.11516573
-0.11767853
0.25923688
0.16849523
0.40626213
0.4492141
0.44808037
-0.23008846
-0.22132891
-0.10869064
-0.19524696
-0.088662472
-0.33547479
-0.15554647
0.39930896
0.40737904
0.43352947
-0.023997922
0.21980893
0.13905217
0.46561243
0.43961492
0.29613004
0.24105487
0.46964988
-0.2255494
-0.060472103
-0.26125397
-0.19696413
0.38784917
0.4333272
0.060613032
0.090658715
0.32970093
0.38220203
0.30303213
0.0042956599
-0.29211227
0.44342367
0.45846137
0.019440794
-0.025210097
0.080617108
0.24316118
0.45176469
0.41317024
0.40761092
0.35473962
0.35768598
0.30859675
0.20015742
-0.20932247
-0.11273162
-0.0486889
-0.36308464
0.17036593
-0.45450992
-0.39672879
-0.34460033
-0.42188399
-0.28074578
-0.20079279
0.26643605
0.33797283
0.25755184
-0.3878039
-0.19922016
-0.096013317
-0.48878523
-0.40155327
0.39504753
-0.0034244845
0.22246688
0.24695899
-0.50831822
0.29993084
-0.10492268
0.470353
0.10521998
0.32858511
0.17635286
0.34063449
-0.30824939
-0.095766444
-0.055384925
-0.14376862
0.00072542818
0.24319306
0.069614733
0.47382187
-0.0066154089
0.36030589
0.33562311
-0.0065317138
0.24603859
-0.26932524
0.31398209
-0.4403457
-0.15285307
0.28429964
0.38853244
0.073132214
0.31961817
0.079164097
0.0038080883
0.42315851
-0.18833412
0.076575964
-0.32080051
-0.01425243
-0.11906314
0.082111154
0.35283254
0.39474932
0.33138457
0.29824559
-0.047179864
0.21916738
0.1204221
0.33312014
-0.095099797
0.45441579
-0.35926442
0.12537446
-0.17669693
0.28808967
0.41833041
-0.057577121
0.18627786
0.26662784
0.38335052
-0.33049626
-0.058504403
0.44515867
-0.14438698
-0.33288503
0.4335435
-0.069322339
-0.049345728
0.11816475
0.27424699
-0.067937402
0.35432919
-0.084869986
-0.31966396
0.093085165
0.21943248
-0.20016133
0.25242878
-0.088433306
-0.22630973
-0.090918233
-0.0025327037
0.048652271
0.13607564
0.18347622
0.096347516
0.22176543
0.13421666
0.24578588
0.32990201
0.33808203
0.25068864
0.32444289
0.41267093
0.26379467
0.23449021
0.28799709
0.37398866
0.3190736
0.16087219
0.39811579
0.32711773
0.14479994
0.077645717
0.23011433
0.012183277
0.39653851
0.45815059
0.3133052
0.23639716
0.06645812
0.011163412
-0.00010992978
-0.05281719
-0.083539731
0.21316433
-0.11506821
0.44281748
0.49217383
-0.16733251
-0.17194984
0.21543621
0.32873044
-0.17151506
0.3714401
0.41825381
0.37035477
0.43713889
0.47690443
0.10957185
0.38158436
0.49485598
0.51677844
0.038318882
0.13082137
0.14916839
0.10550931
0.31582657
-0.12493372
0.50628421
0.051050811
0.18287671
0.061317467
-0.077786607
0.32324386
-0.22811334
0.51696441
0.50664986
-0.17116834
0.47394444
0.038750668
0.056133453
0.075171288
-0.020282044
0.46023047
0.4042991
0.4937745
-0.051803333
0.46144083
-0.076741313
0.49551477
0.45825816
-0.053112224
-0.048795802
-0.031966899
0.18076345
-0.055745456
0.39882885
0.42092614
-0.29392449
-0.32249019
0.037619146
0.08625947
-0.092807596
0.19021941
-0.086968187
-0.12102609
-0.16296236
-0.23927428
-0.24674891
0.30264615
0.35705971
-0.037293507
0.30389305
0.15743063
0.27698226
0.44997236
0.40505107
0.44535531
0.19680066
0.28415269
0.24317753
0.020458647
0.37190065
0.072611842
0.15433705
0.40717582
0.16350313
0.39991407
0.14150965
0.2256367
0.4674727
-0.024779443
0.34864783
0.23646155
-0.0040453006
-0.10729912
-0.033424483
-0.058700114
0.46733695
0.07132767
0.33057666
0.26352762
-0.10552273
0.49790316
-0.288929
0.0016218003
0.24327102
-0.0021446353
-0.016736225
-0.23226797
0.29753046
0.0078368009
-0.05653478
0.21126548
-0.08953671
-0.11444466
0.49944735
0.1547497
-0.085531939
0.44914342
-0.26497957
0.012319151
-0.021410136
0.2708246
-0.092397105
-0.11743428
0.60308408
-0.030627231
-0.30387153
-0.27956452
-0.027071702
0.58303461
0.38058276
-0.20085026
0.0038898122
0.14291112
0.0029267792
0.41272877
-0.21046903
0.043921725
-0.074665282
-0.14549686
0.041091434
0.15837331
-0.30733215
-0.20780839
-0.20451754
-0.10285154
-0.10619842
-0.0020053588
0.016297576
0.11489345
0.14412763
0.23612999
0.19200152
0.30194173
0.35261528
0.40358316
0.24150396
-0.016872494
0.45625067
0.48877251
0.4168398
0.48266621
0.38739425
0.39093737
0.43744468
0.48718965
0.40217339
0.5518604
0.035279769
0.32800761
0.28507432
0.35623402
0.46427556
0.49329429
0.39386697
0.29071553
0.27325846
0.16278271
0.3673882
0.14758685
0.2084031
0.17426281
0.0313011
0.029185311
-0.10145593
-0.025983832
-0.20272709
0.054654689
0.029243972
-0.028091457
0.0099775345
0.057704037
0.56178291
-0.022236232
0.2317178
0.13440407
0.5561958
0.46955906
0.54799607
0.36303181
-0.065793215
0.039984411
0.17210468
0.16638322
0.25228091
0.60515605
0.24608884
-0.036159938
-0.094759651
0.092280917
0.044898255
-0.077394483
0.023916788
0.54575035
0.60186724
0.21063226
0.61848861
0.087942661
0.10610562
0.023293873
-0.28334791
-0.034445767
0.50860749
0.067851677
-0.032034416
0.55419361
0.48057133
0.43974152
-0.14079033
0.25849254
-0.012380939
-0.001860757
-0.30107533
-0.22057015
-0.24943707
-0.1897306
0.29183405
0.025743474
0.029077503
0.081239268
-0.03981568
-0.11013402
-0.096071325
0.021338734
-0.0079895338
-0.09312295
0.084464635
0.27023198
-0.088680419
0.099146375
0.33454685
0.32865829
0.53842505
0.25216213
0.52697421
0.45468634
0.2371569
0.28987243
0.58883359
-0.024246948
-0.1648396
0.14611979
0.59303331
-0.12754288
0.25491625
0.17277179
-0.011350718
-0.0010037296
0.066255763
-0.070327349
0.3693114
0.049291672
0.17679823
0.61875423
0.12433663
-0.081500985
-0.078343056
0.11212015
-0.20176017
0.33597179
0.13364029
0.5940227
0.53185139
-0.19278538
-0.0031467495
0.47904977
0.319421
0.061616938
0.041192091
-0.13707923
0.058026402
0.1345219
0.19133691
-0.00081817928
-0.17891232
0.6187796
0.2166839
-0.041618393
0.59679047
0.13671434
-0.40145269
-0.22899002
0.224978
0.29187675
-0.11764064
-0.48131969
-0.099800788
-0.25904792
0.14462818
0.016365346
-0.43474978
0.058199626
0.27481358
0.13131308
-0.22197118
0.20388413
-0.2686131
0.15364443
0.25354864
0.14877356
0.12315176
0.034027622
0.016394722
-0.084135615
-0.066055678
-0.18889232
-0.16631964
-0.28745518
-0.30101713
-0.39365218
-0.36910405
-0.46374706
-0.39499008
-0.089862508
-0.42552426
-0.50384602
-0.53362059
-0.55563238
-0.32482676
-0.57505009
-0.57881754
-0.36756959
-0.26653232
-0.53925211
-0.54343533
-0.039458357
-0.29818782
-0.2025421
-0.15396819
-0.37859396
-0.097141749
-0.036703028
-0.57340568
-0.52144405
0.0034354005
-0.48399983
0.076957264
0.096426542
0.0088480326
-0.080832428
0.17649457
-0.18854728
-0.1615295
-0.055235441
-0.11575474
-0.22613061
-0.5343226
-0.56231903
-0.50384708
-0.010160637
-0.47314316
-0.39630117
-0.30287658
0.033305949
0.038433591
-0.51661173
-0.44216163
-0.56078871
-0.42134557
-0.54494704
-0.39057251
-0.13261003
-0.052054222
0.067278918
-0.48197077
-0.43777784
-0.35306686
-0.35131995
0.16102454
0.11599964
-0.16765925
-0.38278806
-0.30836676
-0.49797269
-0.38574974
-0.23718303
0.19335776
-0.19224295
-0.1509429
-0.16173849
-0.24096259
-0.040187747
0.27957728
0.26892266
-0.47488477
-0.022066098
-0.047147033
0.13247322
0.12027949
0.050915145
-0.25498801
0.074841255
0.059418592
0.13636841
0.19729405
0.18244738
0.16615329
0.10195601
-0.36080057
0.058292859
-0.19760286
-0.25572142
0.015220899
-0.26935821
-0.4776586
-0.58672577
-0.50749754
-0.43630313
-0.46390267
-0.47027549
-0.44952889
-0.20946575
-0.53025463
-0.43880511
-0.31369384
0.090262427
-0.29623164
-0.4559512
0.086998494
-0.21981992
-0.086597116
-0.3673151
-0.18427934
0.14237281
0.12792715
-0.37252223
-0.14236258
-0.28183034
-0.0082995774
-0.57017666
0.09608823
-0.53098957
0.080810009
-0.36088709
-0.32649927
0.26510345
-0.49602011
0.20088759
-0.33169879
0.11225078
-0.22394424
-0.23119511
-0.085113923
-0.1498107
0.16046739
0.160803
-0.26210756
-0.31509993
-0.43644633
-0.0076758301
-0.11196314
0.21443488
-0.21056842
-0.28283805
0.11265411
0.022669111
