FiniteElementSpace
FiniteElementCollection: H1_2D_P1
VDim: 1
Ordering: 0

0.091082043
-0.023469557
0.0910244
-0.023530753
-0.06756539
-0.06753554
0.0077132341
-0.074459772
-0.15248464
-0.22337097
-0.28437694
-0.33319315
-0.36779317
-0.38711985
-0.39025904
-0.37690107
-0.34811553
-0.30420969
-0.24748317
-0.18014048
-0.10442824
0.059642925
0.1418574
0.22002341
0.2908596
0.35179764
0.40067597
0.43537638
0.45456915
0.45766659
0.44427401
0.41546486
0.37176712
0.31507138
0.24761392
0.17181976
0.0076728058
-0.074462973
-0.15248941
-0.22342415
-0.28445759
-0.33313791
-0.3678782
-0.38711079
-0.39020133
-0.37695298
-0.34791217
-0.30431711
-0.24765176
-0.18016745
-0.10456694
0.059837923
0.14181337
0.21981892
0.29076665
0.35199023
0.4007349
0.43526559
0.45463777
0.45765092
0.44433176
0.41532109
0.37168867
0.31501547
0.24759357
0.17193914
0.00030076539
0.022327501
0.041910417
0.058055643
0.070174547
0.077825334
0.080745224
0.078832443
0.072120256
0.060989111
0.045864301
0.026717404
0.0051879357
-0.018094932
-0.042821454
-0.091198868
-0.11339872
-0.13279269
-0.14883942
-0.1609754
-0.16870864
-0.17165736
-0.16975038
-0.16306154
-0.1518748
-0.13669417
-0.11783424
-0.096145856
-0.072679642
-0.048214565
0.00029498042
0.02233627
0.041919517
0.058045568
0.069913814
0.077614121
0.08096523
0.078500478
0.072291087
0.061088182
0.04571624
0.027014961
0.005403665
-0.01807859
-0.042679814
-0.09132669
-0.11323576
-0.13278162
-0.14894452
-0.16122514
-0.1688573
-0.17166995
-0.16982981
-0.16311274
-0.15188208
-0.13655479
-0.11785575
-0.096320535
-0.072791743
-0.048127163
0.027129117
-0.037254146
-0.099807402
-0.15801527
-0.2096996
-0.2529289
-0.28596267
-0.30751137
-0.31684189
-0.31349753
-0.29753082
-0.27001907
-0.23149092
-0.18357027
-0.12816434
-0.0036109493
0.060705875
0.12316516
0.18149933
0.23323893
0.27626778
0.30957376
0.33118728
0.34015321
0.337043
0.32111306
0.29341066
0.25487062
0.2070449
0.15176296
0.027079035
-0.037323288
-0.099765731
-0.15796153
-0.20968872
-0.25287596
-0.28588966
-0.30753144
-0.31682172
-0.31342979
-0.29762424
-0.26994121
-0.23134977
-0.18353229
-0.12823858
-0.0036716964
0.060782181
0.1231722
0.18139511
0.23310899
0.2764214
0.30925394
0.33114641
0.34026641
0.336909
0.32108464
0.29357315
0.25496864
0.20693947
0.15175154
0.48141087
0.37366159
-0.081581136
-0.057692724
0.27236968
0.46664002
0.3843177
0.35884211
-0.076283807
0.25169501
0.38380293
0.15589989
-0.021737152
0.29401155
-0.056703501
0.050111235
0.25499276
0.019410588
-0.075471647
0.012410832
0.008304605
0.09903557
0.093821501
0.18126513
0.18764755
0.26395934
0.27020049
0.33867304
0.32897057
0.39433787
0.40224148
0.4469992
0.38052538
0.1733199
0.45256937
0.48476476
0.47459898
0.49935239
0.40367288
0.48421735
0.49572696
0.45085176
0.3983891
0.50627127
0.19222399
0.47585681
0.4614587
0.47395291
0.49064554
0.44196983
0.38629336
0.33206988
0.31758765
0.25427073
0.45573794
0.24231193
0.44878135
0.43197612
0.1688291
0.16467686
0.088513062
0.16410529
0.016464834
0.24360197
0.23001235
0.15324499
0.21430656
0.28209327
0.48197683
0.13873317
0.43175499
0.40023128
0.46949335
0.46925985
0.4992581
0.42384746
0.076770208
0.18022671
0.38802926
0.27242292
0.40838185
0.49632034
0.30203788
0.067328469
0.084556581
0.35605274
0.36389474
0.10375312
0.26468631
0.47462992
0.49907021
0.35439426
0.49168366
0.41546866
0.4196337
0.31243907
-0.082388364
0.35202008
0.43061752
0.39699696
0.31848227
0.46325586
0.43174411
0.40926208
0.32041494
0.17940264
0.20280232
0.11858485
0.062757814
0.070906988
-0.070006767
-0.017465112
0.21738296
0.19832449
-0.067691611
0.089480127
0.11830672
0.33291731
0.32249217
-0.081593414
0.0058165269
0.10397431
0.25530812
0.34285861
0.081844512
0.29916135
0.43439683
0.45685742
0.50747686
0.43747584
0.48734063
0.45099193
0.43392807
0.34089779
0.50503979
0.38148907
0.0033719742
0.31626574
0.0044459786
0.41440124
0.26670326
0.51094682
0.37623624
0.25338942
-0.034861497
0.37084341
0.19337781
0.36124182
0.50629809
0.41092297
0.0059885478
0.10968434
0.38808348
0.33691013
-0.017595474
0.37823434
0.48358085
0.45424465
0.019821561
0.04746312
0.42919554
0.34672728
0.18764463
-0.038428163
0.31045783
0.35646655
0.27400425
0.25356019
0.042534793
0.024426955
0.49646701
0.31572944
0.0040559029
0.11183673
0.47152556
0.23620958
0.010312591
-0.00789285
0.29213692
-0.32307289
0.066927399
0.03381562
0.27346054
0.24067873
-0.3174036
0.05537986
-0.19911844
-0.23952114
0.21160669
0.14827546
0.0018642551
0.032262065
-0.058486485
-0.046518232
0.11722713
0.038958134
-0.022550259
-0.060518162
-0.030696369
-0.088788693
-0.043336013
-0.10559788
-0.061774748
-0.11210583
-0.06385034
-0.10645562
-0.052893672
-0.089304288
-0.030643144
-0.061214286
0.0012472465
0.023397698
-0.023301312
0.057893157
0.070270738
0.10627032
0.10845971
0.099170558
-0.023824131
0.078018718
0.10552996
-0.15044291
-0.093048218
-0.049166234
0.14821016
0.14565996
0.13662162
0.1226106
0.080898986
-0.12353911
-0.074545875
0.0033631895
-0.016462895
0.063377026
-0.15709304
0.047742581
0.054765103
0.15321751
0.1282251
-0.16138911
0.1943621
0.1964289
0.10324811
0.063393299
0.18605617
0.23220523
0.079066863
-0.16673161
0.12756866
-0.038667053
0.030879186
0.03966511
0.095534007
-0.11563216
0.087431926
0.020670542
0.15926088
0.21036549
0.13502881
-0.057421335
0.067888622
0.072557806
0.19817815
0.19333523
0.25377093
0.24784935
0.075018264
0.06827735
0.05425573
0.030556131
0.050507969
0.024019026
0.023832012
0.013312405
0.11457329
0.16614212
-0.13386762
-0.33654277
-0.27548341
-0.28258689
-0.24894408
-0.22470916
-0.2166216
-0.29368567
0.28780934
0.094776709
0.1188166
0.19656457
-0.3347803
-0.28464421
-0.21917507
-0.25122959
-0.17259403
-0.22593938
0.043619938
-0.18091912
-0.099669689
0.054453782
0.00063988092
0.11575041
0.097448927
0.041384459
0.041355042
0.24413086
0.14501756
-0.12430673
-0.16232126
-0.21613496
-0.15629271
-0.0028001903
-0.1071543
0.084575029
0.022796056
0.17159155
0.067117378
0.07523234
-0.019657866
0.19712778
-0.27421605
0.019609121
0.01210194
-0.11407581
0.070669193
0.0097085523
0.1403906
0.25136497
-0.25626433
0.063237346
0.19527707
-0.1895866
-0.17519825
-0.016284548
0.086923884
0.30350207
0.186023
0.12669999
0.16036317
0.077364267
-0.0098077517
-0.060109547
0.067533964
-0.20534586
-0.12319077
0.071024802
0.23957421
-0.1767918
0.22097447
0.066170009
0.17317472
0.27666325
-0.22313544
0.005242621
0.096252735
-0.0035921287
-0.37533847
-0.25711165
-0.43137151
-0.40786587
-0.29997852
-0.35833737
-0.22911442
-0.23507671
-0.31124335
-0.18953018
-0.29334703
-0.20301981
-0.30994202
-0.17369393
-0.19153154
-0.18294875
-0.19580906
-0.076206958
-0.44052455
-0.48268428
-0.46849806
-0.51614994
-0.49550756
-0.53959631
-0.54845149
-0.56726692
-0.56382643
-0.57750537
-0.57378996
-0.57865801
-0.56987067
-0.56565821
-0.56796831
-0.51213663
-0.54451823
-0.53522703
-0.54930702
-0.51435818
-0.54179845
-0.52143557
-0.48277097
-0.50482923
-0.49557549
-0.46422671
-0.4294972
-0.53852147
-0.44979964
-0.43592505
-0.47573859
-0.45443123
-0.40938226
-0.44609517
-0.44203324
-0.38671755
-0.37779379
-0.40047831
-0.40816498
-0.32709659
-0.45730695
-0.46716488
-0.47840289
-0.51783953
-0.46668662
-0.40614665
-0.40038788
-0.45582317
-0.54420697
-0.50961653
-0.52021115
-0.32845943
-0.42866209
-0.35217689
-0.39437938
-0.33502013
-0.46853633
-0.47950639
-0.47819263
-0.46536779
-0.51454496
-0.39695861
-0.37910094
-0.54171623
-0.33749008
-0.25462746
-0.34193295
-0.32405463
-0.46166281
-0.41911374
-0.4232089
-0.4732104
-0.3888717
-0.27287466
-0.30336275
-0.42982238
-0.32166241
-0.39009947
-0.40654189
-0.25160208
-0.24330357
-0.31007457
-0.21314207
-0.20925793
-0.43090994
-0.37802021
-0.33146895
-0.2554635
-0.3114222
-0.24524016
-0.14098179
-0.24011089
-0.24562892
-0.16556734
-0.25610999
-0.22525886
-0.2833064
-0.36107957
-0.36532722
-0.43705544
-0.24477341
-0.51841906
-0.55173156
-0.56177766
-0.40218068
-0.5119025
-0.56735923
-0.4836451
-0.48889094
-0.43178316
-0.54997304
-0.364493
-0.50303279
-0.52723614
-0.38571207
-0.44765901
-0.36166252
-0.38937461
-0.55155834
-0.37293692
-0.32914242
-0.33760176
-0.50144254
-0.29183534
-0.15959109
-0.098914838
-0.13624444
-0.53942413
-0.36478434
-0.32960506
-0.51212428
-0.43747698
-0.25702482
-0.41440477
-0.5050971
-0.39514241
-0.49322736
-0.24569274
-0.34597594
-0.45778606
-0.25608002
-0.16846298
-0.3158918
-0.38400721
-0.29019026
-0.1301423
-0.01479763
-0.10099158
-0.43873051
-0.33116773
-0.30060372
-0.2654986
-0.32697695
-0.42991014
-0.22718463
-0.21715867
-0.19205252
-0.3164175
0.42831069
-0.22661003
0.096954336
0.045451702
0.36667251
0.39258521
-0.2523833
-0.10191211
0.10526413
-0.20679901
0.29907484
0.2558487
-0.010716922
0.087005939
0.0056104513
-0.070726018
0.15054707
0.11320453
0.083946871
0.1027647
0.12214562
0.12798258
0.15304876
0.15884684
0.12260916
0.15301975
0.10603398
0.13583382
0.18773267
0.16964754
0.10757954
0.1405039
0.22490835
0.18888066
0.069310705
0.10156038
0.17684282
0.13695394
0.041619847
0.21524783
0.17440789
-0.0044086541
-0.025566558
0.087974161
0.12463424
0.081842629
-0.075930888
-0.088439594
-0.03905576
-0.054816491
-0.095102232
-0.044468697
0.21187129
0.16217711
-0.091517339
0.031553088
-0.0419313
-0.089195925
0.17174246
0.21165311
0.078431711
0.22808288
0.25431581
0.22602023
0.27156457
0.297029
0.24552447
0.28537428
0.30475327
0.22983217
-0.0015239169
-0.067789459
-0.12680381
0.18651949
0.00015081532
0.3448129
0.35236847
0.32368544
0.3114046
0.24936864
-0.087682481
0.055989448
-0.14319557
0.17954634
0.19831801
0.10508318
0.34789243
0.38649659
0.001150441
0.032856032
0.31741012
0.15099224
-0.15415153
0.38344613
-0.036481107
0.36191596
0.1052027
-0.25020611
-0.25711134
-0.20075983
-0.050648091
-0.23463926
0.066355488
0.01471015
0.35331916
0.31512129
0.28284487
0.097991237
0.18806393
0.21913164
-0.15954394
-0.17011555
-0.14463607
-0.11069545
-0.058576071
-0.031444387
0.10765094
0.13602217
0.23269378
0.097608351
0.19413271
0.079258444
0.18267989
0.26780853
0.20635289
0.25301379
0.05370298
0.39168965
0.26402397
0.06732826
0.023142293
0.019853435
0.32648126
-0.028787466
0.42325173
0.14310238
0.23202689
0.41763538
0.14471858
0.40206829
0.0045003201
0.0076701669
0.055668078
0.078901736
-0.12809132
0.27080645
-0.14706216
-0.17717774
0.040435674
0.29153525
0.13960537
0.36108109
0.066244634
-0.10516806
0.30793307
-0.028179164
0.28166198
0.0523294
0.051020947
0.15553214
-0.20079331
-0.1415595
-0.19425708
0.10041023
0.047073324
-0.090459799
0.32983327
-0.15511436
0.23263004
-0.1766023
0.3311599
0.028970837
-0.22321572
0.083776844
0.12827254
-0.12788888
-0.3320609
0.063964447
0.28844555
0.23519644
-0.31243025
-0.25940644
0.063627241
0.25097018
0.024471887
0.043231094
-0.23477314
-0.13283035
0.14750477
0.16178922
-0.023022173
0.038749797
-0.11669267
0.020958194
0.093902444
0.11741483
0.15995817
0.12891023
0.16092284
0.12950121
0.14993882
0.11847346
0.12779138
0.096666784
0.09433136
0.064582859
0.051872857
0.024360468
0.0019732783
0.035178648
-0.022889861
-0.023744182
0.016084125
-0.051453864
-0.0058953178
-0.087530826
0.16245039
0.063802919
0.047001386
0.072579879
0.005322677
-0.038367014
-0.12238813
-0.15343733
-0.030025419
0.027815347
0.1172013
-0.0047300131
-0.043686971
-0.086231915
-0.086702019
-0.13742738
-0.0034057301
-0.13203404
0.12520279
-0.054422833
0.0082750132
0.10356916
-0.19457827
-0.22050706
0.091176151
0.18052836
-0.15661398
-0.23570962
0.17383539
0.032257789
-0.18923403
-0.07476408
-0.11482013
0.18051788
0.080613965
0.096678859
-0.11304703
0.12961513
-0.07870628
-0.18722212
-0.18716016
-0.053394511
0.23936706
0.2318326
-0.24486093
-0.24000578
-0.29341725
-0.25868041
0.17260831
0.29299858
0.23284225
0.21480546
0.25716201
0.22771677
0.1950767
-0.08600126
-0.1630622
-0.17986876
0.0028193798
-0.32485606
0.068313705
0.055846764
0.066003025
0.039664512
0.055146689
0.072469614
-0.057664813
-0.043677297
-0.19974952
0.068173035
0.05530496
0.073098241
0.041578542
-0.00050548608
0.2135744
0.029247058
0.19548282
0.1907856
0.05454979
0.26239715
-0.17777101
0.10491137
-0.054134021
0.077191741
-0.26658842
-0.080668299
-0.038680574
0.043139015
0.093090294
0.084408393
0.10020809
0.087685557
0.065538616
0.166065
-0.075248334
-0.10838437
0.047297646
-0.12995387
0.13012532
0.072442164
-0.16966321
0.02597852
-0.05212767
0.11517187
0.097860525
0.012636668
0.1720375
-0.17497118
-0.28299442
0.28037907
0.073547687
-0.23371162
0.022964192
0.065808957
-0.12088177
-0.34566072
-0.13317218
-0.016560746
-0.11126263
0.19631677
-0.060428534
0.081654107
-0.0099301684
0.29490225
0.087048132
0.21956621
-0.022958231
-0.27183972
0.056343468
-0.20980206
0.15121342
-0.21692123
-0.31547619
0.22174795
0.033687161
0.041816449
-0.43048933
-0.36305454
-0.25730186
-0.22962726
-0.35784493
-0.37078418
-0.40680498
-0.23148592
-0.25233578
-0.31270594
-0.29408954
-0.24355919
-0.18792739
-0.14278827
-0.18972709
-0.14529124
-0.18642137
-0.085715085
-0.25472256
-0.33684458
-0.33644456
-0.40819867
-0.40195143
-0.46598504
-0.46901676
-0.51715142
-0.51612325
-0.5534387
-0.54696732
-0.57164045
-0.57329091
-0.57927528
-0.55773689
-0.45267054
-0.57600091
-0.56969907
-0.5651107
-0.54351491
-0.56226383
-0.53161723
-0.49865918
-0.56006323
-0.53892498
-0.54356067
-0.46178666
-0.47988344
-0.50824643
-0.43642233
-0.45097513
-0.53299795
-0.50539905
-0.49905548
-0.45842809
-0.44201926
-0.37949823
-0.39951324
-0.45056182
-0.47432494
-0.37066535
-0.32424936
-0.38658267
-0.42957545
-0.328105
-0.48654382
-0.45576785
-0.39712778
-0.41586899
-0.46366215
-0.54118789
-0.35444671
-0.52052317
-0.48234143
-0.51201159
-0.39016036
-0.45508515
-0.3145054
-0.33054016
-0.41163748
-0.5167622
-0.50382942
-0.30222702
-0.50901919
-0.41453766
-0.28960901
-0.32703367
-0.47399304
-0.4344889
-0.36998817
-0.41986406
-0.3905111
-0.44738747
-0.21596875
-0.43438766
-0.41171297
-0.3795252
-0.42174292
-0.25539223
-0.37522643
-0.31003715
-0.4312493
-0.37472844
-0.43857624
-0.43117548
-0.45553695
-0.21179096
-0.36411729
-0.33210847
-0.361055
-0.24276423
-0.23445415
-0.2457604
-0.32820368
-0.16513205
-0.20254258
-0.24825141
-0.31285935
-0.23672096
-0.22886398
-0.28491777
-0.24434415
-0.30308222
-0.4051414
-0.50731757
-0.54753032
-0.36157199
-0.50125902
-0.56989717
-0.54836248
-0.56154506
-0.36460959
-0.50642836
-0.32151203
-0.41431518
-0.52925199
-0.50283512
-0.33685009
-0.31130017
-0.52965305
-0.53159054
-0.28916949
-0.54878789
-0.47849139
-0.29914734
-0.17026386
-0.087283344
-0.17416718
-0.46424395
-0.44500534
-0.53266764
-0.48895174
-0.3375782
-0.26047655
-0.39559431
-0.49663138
-0.14600275
-0.24174685
-0.28462004
-0.47817996
-0.47312131
-0.31178147
-0.24152469
-0.49807094
-0.41659638
-0.13057571
-0.010690357
-0.10244537
-0.45495071
-0.22802251
-0.3630226
-0.37910568
-0.29457237
-0.47235372
-0.16094169
-0.23126222
-0.38853681
-0.36457108
0.098021668
0.42221351
-0.22931399
-0.25281208
0.39474443
0.10992772
0.044823952
-0.11237847
0.31405133
-0.0096311871
0.29809499
0.099096461
-0.20579873
0.18684847
-0.002155476
-0.12919352
0.16180143
0.068142239
-0.24781845
-0.17113103
-0.14285772
-0.088376458
-0.05314445
-0.0024787185
-0.036377595
0.043708572
0.010733528
0.083562824
0.12115861
0.15242131
0.11502851
0.17412861
0.19223877
0.037755836
0.13718808
0.1851134
0.22520576
0.22475725
0.082355479
0.26680324
0.25424401
0.10494771
0.055551989
0.1852042
-0.062477265
0.29751497
0.30950662
0.27254123
0.22949383
0.079353186
0.035739001
0.0027310819
-0.010509944
-0.051498447
0.23544187
-0.055119448
0.34046064
0.35118256
-0.10483207
-0.093746167
-0.011204306
0.082809103
-0.19056612
0.1259484
0.17275803
0.13028473
0.22046399
0.25314797
0.11785944
0.17746856
0.3080131
0.34757834
0.093622944
0.193361
0.18871628
0.18904834
0.083790491
-0.098468096
0.29321555
-0.01521921
0.23212374
0.12148999
-0.014039417
0.129142
-0.16047079
0.33141302
0.38491878
-0.14632084
0.30016665
0.15270316
0.15012775
0.17589431
0.11889173
0.38145782
0.35831254
0.3606264
-0.19851726
0.42836771
0.10780508
0.39017687
0.41830284
0.08353464
0.066594122
0.050344795
-0.058906558
0.017979352
0.35297629
0.27795021
-0.25742727
-0.22085709
-0.15982862
-0.10563462
0.083583871
0.25566524
-0.039964224
-0.053192031
-0.092515874
-0.14537019
-0.15597958
0.23550057
0.21446915
-0.11539058
0.082820913
0.050884962
0.034572841
0.20521639
0.21401941
0.26682286
0.14888502
0.27921814
0.21254391
0.14877898
0.31535605
0.023683838
0.17439344
0.40106455
-0.063045604
0.16219579
0.15049738
-0.013575844
0.25397888
-0.036651888
0.36360288
0.067885356
0.11778203
-0.069300681
0.024569789
-0.080342809
0.23257557
0.14165017
0.32171737
0.03850907
-0.13100238
0.27351381
-0.18464295
0.13767157
0.27511844
0.10088791
0.077759766
-0.20003742
0.15437217
0.062315251
0.017411018
0.099684726
0.046437519
-0.088253227
0.30916789
0.22432413
-0.017235294
0.34193821
-0.19947431
0.11815021
0.11787141
0.07579009
0.096527889
-0.048702727
-0.075674928
0.46098215
0.35144035
0.37726717
-0.08536512
-0.05539622
0.46286679
0.31780462
0.21844102
0.38432157
-0.022312356
-0.064783503
0.33001591
0.093111824
0.17244612
0.25615761
0.034628085
-0.040560675
0.37354187
0.39126186
0.35726614
0.39367122
0.34726321
0.38041289
0.42590501
0.40890487
0.4526228
0.431657
0.37576509
0.39472284
0.44814176
0.40750799
0.32847866
0.32207254
0.45759535
0.41342203
0.35216988
0.35544309
0.48602238
0.28418992
0.28566464
0.49156813
0.50683391
0.35355501
0.28240734
0.45668092
0.50792913
0.50983665
0.50449401
0.48898709
0.49378123
0.48477657
0.20773285
0.20332963
0.46272189
0.34643682
0.4491156
0.41347727
0.28914844
0.25306621
0.41116371
0.28295506
0.20433175
0.17610175
0.11930677
0.14593923
0.27829449
0.20218692
0.19494047
0.092870254
0.40749146
0.3974521
0.50079318
0.14843657
0.46805552
0.11256642
0.10515917
0.11898043
0.1848723
0.12630271
0.44410286
0.48041225
0.46932237
0.073007018
0.12438858
0.19971876
0.095136395
0.011780857
0.42721462
0.44537513
0.057139394
0.10592036
0.43489811
0.023673323
0.33683117
0.0099320952
0.31749578
0.47958254
0.47955884
0.49243963
0.24729346
0.42838488
0.38091734
0.37430621
-0.041048671
-0.075230086
0.01688402
0.1568652
-0.055094915
0.013793586
0.38394843
0.32775882
0.39353363
0.33352058
0.34486051
0.39655334
0.2723666
0.31086123
-0.0013072252
0.42646275
0.35168315
0.47256806
0.22148371
0.2324572
0.34321561
0.20793381
0.4132505
0.017923806
0.26793741
0.27587568
0.45966738
0.49731614
0.038022914
0.45452481
-0.08376291
0.25453597
0.30864594
-0.06703411
0.19047719
-0.085279792
0.49143683
0.26485512
0.094250258
0.022183979
0.26066972
0.2536032
0.49684987
0.48465371
0.47131178
0.12353415
0.12090006
0.030947729
0.44406205
0.47838834
0.1696693
0.28155323
0.045014679
0.41601258
0.18852188
0.0097302786
0.49582762
0.50738396
0.46927896
0.023685651
-0.032218204
0.19114924
0.092855192
0.4636623
0.051027839
0.430718
-0.020008458
0.41046626
0.42821172
0.12000336
0.065308793
0.43657306
