0.36823501
0.25747497
0.36818071
0.25754897
-0.62577254
-0.62573128
0.37990843
0.38988949
0.39661191
0.4002422
0.40054072
0.39719342
0.3909235
0.38170963
0.36913403
0.35491509
0.3392568
0.32219785
0.30454351
0.28761766
0.27149264
0.24491067
0.23487313
0.22810997
0.22457727
0.2244724
0.22763375
0.23406067
0.24363686
0.25549405
0.26989752
0.28597137
0.30270358
0.31996633
0.33701787
0.35302248
0.37994102
0.38986701
0.39668141
0.40027938
0.4006437
0.39725912
0.39072674
0.38147106
0.36928666
0.35498139
0.33906168
0.32205443
0.30482905
0.28783395
0.27150444
0.24456956
0.23485326
0.22802401
0.22450841
0.22452752
0.22761719
0.2338828
0.24354442
0.25561644
0.26991718
0.28583425
0.30272413
0.32006797
0.33709044
0.35298415
0.24571566
0.2174293
0.17377634
0.1164046
0.047541504
-0.030253174
-0.11392935
-0.20026991
-0.28597271
-0.36776372
-0.44265392
-0.5074198
-0.55954539
-0.59747419
-0.61953833
-0.61314295
-0.58502166
-0.54141845
-0.48413208
-0.41526499
-0.33751098
-0.25385063
-0.16749843
-0.081700728
0.00014607785
0.07479323
0.13953767
0.19194794
0.22981662
0.25201372
0.24559433
0.21728045
0.17370651
0.11642666
0.04748228
-0.030261074
-0.11375176
-0.20021226
-0.286041
-0.36770974
-0.4423712
-0.50721156
-0.55971232
-0.59765702
-0.61945018
-0.61301067
-0.58490847
-0.54128709
-0.48409577
-0.41539013
-0.33750115
-0.25376818
-0.16750934
-0.081727285
9.585025e-05
0.074745245
0.13954881
0.19193565
0.22982614
0.25191115
0.36052274
0.33434937
0.29053019
0.23053685
0.15675853
0.072046052
-0.020384161
-0.11699096
-0.21399261
-0.30773592
-0.3947182
-0.47129361
-0.53456305
-0.58255584
-0.61317977
-0.61736911
-0.59141214
-0.54766044
-0.48775486
-0.41401489
-0.32920189
-0.23687465
-0.14037161
-0.043125955
0.05052867
0.13738426
0.21407378
0.27752169
0.3254129
0.35594648
0.36051971
0.3344513
0.29055242
0.23060594
0.15680921
0.072095822
-0.020260597
-0.11693654
-0.21398363
-0.30774416
-0.39459355
-0.47127319
-0.53477244
-0.58257986
-0.61292033
-0.61760785
-0.59162337
-0.54771928
-0.48775162
-0.41399694
-0.32931763
-0.23681605
-0.14026202
-0.043218722
0.050634893
0.13751598
0.21410367
0.2776526
0.32545342
0.35601255
0.24442712
-0.094306424
-0.21591466
0.027409893
-0.37108973
0.27012946
0.22119315
0.17168265
-0.45121273
0.22202803
0.30432556
-0.51537111
0.16017986
0.29248564
-0.56041248
0.23629541
0.33800423
-0.59967282
-0.13039789
-0.16961324
-0.253136
-0.1988497
-0.2791534
-0.21683724
-0.1387491
-0.14951362
-0.07530609
-0.079708313
-0.150315
-0.074609847
-0.0097341221
0.00013494295
-0.13984829
-0.29280266
0.057847596
0.071001707
0.016854824
0.09019417
0.051075309
0.039340609
0.11451276
0.10974209
0.1054007
0.13513138
-0.062233545
0.067614031
-0.015111627
0.14328663
0.18103574
0.15267887
0.14936692
0.10640107
0.15270704
0.11258499
0.20903838
0.15892901
0.017498801
-0.07119593
0.12400032
0.17748291
-0.35541873
-0.36369177
-0.086617256
-0.29298417
-0.35756547
-0.42708741
-0.41383049
-0.33805829
0.16131846
-0.48292408
-0.10080731
-0.16169591
0.19160515
0.23640158
0.2116977
0.26080588
-0.48416172
0.066033236
-0.18663475
-0.0054290358
0.2355183
0.20133548
0.18648048
-0.53302956
0.08321794
-0.24843232
-0.21994017
0.021379178
-0.38240087
0.25671722
0.23593515
0.28786468
0.24670855
-0.033840059
0.053483671
-0.32011156
-0.3002482
-0.19016669
0.28756798
-0.12667955
-0.28306218
0.23323075
0.22572857
0.20824938
0.22005523
0.22711498
0.20791941
0.21669586
0.18747668
0.13991967
-0.04796319
0.096852667
-0.45080179
-0.46235855
-0.51299102
-0.56566667
-0.52808319
0.23761842
0.32188499
-0.37964454
-0.33402214
-0.11802356
-0.22279203
-0.011850072
-0.42529684
-0.28182392
-0.060725716
-0.040671121
0.15591099
0.17272467
0.11978553
0.099757175
0.27728852
0.051143299
0.17247099
-2.7740749e-05
-0.4083667
-0.21739256
-0.47364722
-0.12352015
0.057951723
0.189978
0.090463173
0.32888211
-0.5957633
0.18395603
0.0059328692
-0.20353086
0.21486248
0.13362672
-0.52802171
-0.046032496
0.20219776
-0.26521766
0.20500565
0.29805249
0.22191916
0.21486035
-0.012559894
-0.57077627
0.18571147
0.20629176
0.35176095
-0.61489273
-0.31775299
0.256208
0.20776274
-0.40401411
0.21784106
0.044276003
0.22766822
0.31731242
-0.56207208
0.23460645
0.25933313
0.18831952
0.24781472
0.23530123
-0.062422836
0.37587122
-0.22385779
0.025334651
0.1068326
-0.35439749
0.33713867
-0.4668244
0.39070549
0.30404283
0.262159
-0.51246452
0.15859352
-0.57180258
0.3837758
0.24428107
0.3521132
-0.6015049
0.20980637
0.20109608
0.14460602
0.19163619
0.11840166
0.18115382
0.10943267
0.17145981
0.099574281
0.1627697
0.087652456
0.15455561
0.076479055
0.14743508
0.067537194
-0.0090987357
0.14196662
-0.018364979
-0.099117439
-0.1073027
-0.18984353
-0.022542447
0.034757642
-0.17681223
-0.2670393
0.22283568
0.21420586
0.21095237
-0.10937062
-0.022146585
-0.27713537
-0.35211913
-0.24797179
0.27206396
0.27097825
0.20747324
0.26829162
0.20383444
0.32460888
0.26557379
-0.15595718
-0.35598551
-0.42679358
0.23146795
-0.10516929
-0.015194848
-0.41597294
-0.21995887
-0.19454788
-0.18847776
-0.31006658
0.27386847
0.20029556
0.32192662
0.31621961
-0.1291042
-0.48951032
0.23381594
0.060388549
-0.065129332
-0.42007543
-0.27144016
0.13076705
0.36028266
-0.27478465
-0.36000708
0.12446179
0.19368735
0.038351029
-0.26929485
-0.46805016
-0.31747744
-0.17997007
-0.086479715
-0.12193502
-0.028050643
0.094847864
0.35398608
0.30465511
0.31414396
0.38875876
0.36493391
0.34597493
0.33458873
0.35428883
0.30478378
0.28362352
0.383694
-0.17930742
-0.56556867
-0.52554026
-0.44418424
0.35194665
0.32066052
0.28882448
0.38844858
0.36436786
0.36717295
-0.52673423
0.28678011
0.32440624
-0.067034745
0.051957283
0.25830148
-0.33517284
0.062224121
-0.08496808
-0.096212998
-0.19490978
0.21406373
0.22789205
0.27791867
0.24348528
0.0038511247
0.25147477
-0.39223362
0.13855974
-0.27667355
-0.57098763
0.1363813
0.020951909
-0.39517724
0.31989837
0.37584009
-0.60388685
0.27038686
-0.54189674
-0.043075835
0.059921513
0.19323642
0.30655564
-0.39859336
0.054381642
0.31360467
0.27452807
0.042531405
0.3441465
0.011502555
-0.34494173
-0.48152962
-0.46912402
0.36968581
-0.61825131
0.26023064
-0.14813953
0.27301697
0.36691277
-0.42081839
-0.019704934
0.2600211
-0.33002134
-0.51761835
0.24852671
-0.27845452
0.32036613
-0.018076844
-0.52680776
0.092176153
-0.16022804
-0.20878982
0.38261138
0.34424545
0.12577695
-0.3417818
0.050967012
-0.44376734
0.39663446
0.18092078
-0.49282053
0.2742579
0.30925856
0.3897498
-0.55337379
0.277908
-0.58487839
0.35997538
0.37172513
0.35903406
0.36794911
0.33151835
0.33881929
0.28964637
0.28204726
0.22873757
0.2216982
0.15834392
0.16502855
0.086173223
0.081442339
0.0026331791
0.093676311
0.2959116
0.0006460259
-0.082846166
-0.079434667
-0.16733073
0.080183364
-0.16155526
-0.24973477
0.0034393588
0.082411677
-0.25025664
-0.3316903
0.27343028
0.010927854
0.088810844
0.15314463
-0.071007266
0.15703613
0.21331857
-0.32629527
-0.40509878
0.21174621
-0.32572007
0.25988513
0.24979907
0.34397
0.30061233
0.34814676
0.24079874
0.24545902
0.30403908
0.24933321
0.18241246
-0.069904824
-0.1486945
-0.054432252
0.30781962
-0.24114729
-0.30926861
-0.059991208
0.34807019
0.26438939
-0.12910553
-0.032927666
-0.22349301
0.034837919
-0.38974562
-0.22443347
0.21532791
0.16013682
0.34861176
-0.46305601
-0.46806914
0.052379071
-0.0058672076
0.30174815
0.30492309
0.18361531
-0.5289711
-0.27043487
-0.19431954
-0.39069906
0.099307323
0.39032444
-0.11312025
-0.028819096
0.032380241
-0.50598913
0.12468402
0.35898777
0.32470103
-0.42239196
0.20818779
0.24906952
0.39474374
0.32515566
0.31416173
-0.36636503
0.22507208
0.22014903
0.2574413
0.28430284
0.29234277
0.39517562
0.37419898
-0.54937645
0.32239441
0.23490465
0.15365725
0.3475194
0.17883825
0.0087211229
-0.23976733
-0.16529902
-0.099627037
0.019275073
-0.40282879
-0.079490661
0.15167192
-0.37101035
-0.15588179
-0.055872494
0.37805233
0.1711941
-0.25438694
0.37840413
0.037581187
0.21284547
-0.46041641
-0.59030389
0.38085288
0.25378526
0.1032174
0.095175947
-0.13511375
0.2655736
-0.31038576
0.37617428
-0.28616101
0.31196268
-0.14192955
0.11399198
0.29635301
-0.44494372
0.33674917
-0.51822366
0.35362432
-0.054532205
0.017191114
0.11003011
-0.61080818
0.37404544
0.2646577
0.12925301
-0.20016502
-0.50230181
0.17371881
0.17839722
0.32570983
-0.2879365
-0.55983534
0.37348817
0.20700631
0.24350102
-0.063943891
-0.16050802
-0.40223574
0.218837
0.27210401
-0.3557506
0.19009267
0.074949854
-0.50667496
0.30558766
0.21803332
-0.53362739
0.18538314
0.3021022
-0.60044255
0.33667057
0.23152664
-0.24573023
-0.19906712
-0.11576703
-0.14663685
-0.066516704
-0.089912186
-0.16824898
-0.10430928
-0.17982805
-0.10908872
-0.038316073
-0.037228011
-0.10474987
-0.027760462
0.026388376
-0.014634135
-0.091145329
-0.00997181
0.04692286
0.067351566
-0.17324676
0.11632706
0.13825299
-0.15501539
-0.24015022
0.092631323
0.16443068
-0.24584874
-0.2156446
-0.30149769
-0.32000013
-0.12758141
-0.38215089
-0.39186067
0.1994406
0.22554436
-0.44881447
0.1221453
-0.45247639
-0.51082021
0.0092006874
0.054643402
-0.28197496
0.037365782
0.098847387
0.11516821
0.15029916
0.13912184
0.099143434
0.15896198
0.14443899
0.16533695
0.042209701
0.073497486
-0.1791306
0.13516164
-0.38634798
0.19344081
0.18113256
0.20913203
0.13518868
0.24725461
-0.0083401501
-0.25315389
-0.43008337
0.18078347
0.27073304
0.25031074
0.17450177
0.20791198
-0.44021892
-0.37051134
0.17953522
0.30097804
0.013990303
0.23133681
0.15331379
0.19950716
-0.076307101
-0.17029133
-0.26499682
-0.31328794
0.25437185
-0.44091995
-0.3276317
-0.47135131
0.288507
0.21644001
0.19457727
0.13719993
0.22318952
0.20061203
0.10683401
-0.55989016
-0.5241164
-0.56945
-0.5546927
-0.5021282
0.0031305222
-0.03502644
0.32308067
-0.22766678
-0.030933917
-0.180873
0.077610867
0.086440995
0.032950859
0.17669869
0.013866306
0.21806781
0.087965854
0.19265332
-0.069344141
-0.25202832
0.26446324
-0.040427044
0.23175291
0.038953764
0.027573743
0.25708243
0.1043106
0.223748
-0.32506845
0.22225165
0.33681612
0.22080281
-0.59717612
0.082888271
-0.35347912
-0.12680271
-0.31664101
0.22717646
0.15865761
0.24693825
-0.29944831
-0.090656215
0.13286246
-0.57304031
0.28278664
-0.35623073
0.2768765
0.21078557
-0.21846413
-0.26504128
-0.40168933
0.35402854
0.24152967
-0.61637483
0.16795861
-0.054667668
0.29972927
-0.47544868
0.20415974
-0.41304734
0.019960579
0.313685
0.19241698
-0.4829328
0.36111213
-0.1455045
-0.087413344
-0.36458116
0.33567519
0.38896814
-0.39616101
0.18718549
0.092700154
-0.52656547
0.30245416
0.38922982
-0.51271743
0.31455328
0.20778298
-0.60173586
0.27135347
0.37615106
-0.56629917
-0.52377184
-0.46272672
-0.46734922
-0.39901786
-0.39769969
-0.32402671
-0.3176697
-0.24056569
-0.23054986
-0.15139064
-0.13875709
-0.060853389
-0.048250322
0.027144469
0.018873497
0.039524619
0.10220192
0.096382414
0.17364755
0.17031954
0.17786127
-0.2421327
0.092634542
0.1683985
-0.21231761
-0.030646828
0.055662785
0.24127382
0.24295098
0.23761626
0.23642589
0.091246431
-0.0082991769
0.074534715
0.13420438
0.14937053
0.20313472
0.01526204
0.21267702
0.0090539313
0.29390626
0.29241738
-0.38457066
0.2968409
0.29581779
0.23470332
0.0056972154
0.29652715
0.34287068
0.092582399
-0.10511693
0.25844538
0.16508117
0.22136605
-0.08204196
0.2906276
-0.51987952
0.18290956
-0.075092532
0.33684356
0.33940176
0.25264781
0.18105189
0.0061122014
0.095284231
0.29963283
0.29822259
0.33290078
0.37117961
0.22547791
0.014232221
-0.087722657
-0.17198874
-0.1807139
-0.26125169
-0.44453391
0.22815651
0.26842519
0.28627179
0.15525239
0.37685146
-0.23240702
-0.17408108
-0.25783102
-0.08375439
-0.1886305
-0.26931581
0.38411976
0.3657103
0.39114108
-0.31716379
-0.46697451
-0.47662118
0.021865773
0.067230725
0.25775475
-0.57300435
-0.39011694
-0.31870722
-0.059185555
-0.27405567
0.26111328
0.16754765
0.10984813
0.01247832
0.33931391
0.23913157
0.098936462
-0.12033396
-0.30193256
-0.36081902
-0.46295385
-0.069628875
-0.56926869
0.16789658
0.12083501
0.29392677
0.35429623
0.19186504
-0.15794418
-0.34063891
0.36921486
-0.0057289824
0.24434539
0.35229299
0.31723989
-0.60388418
-0.16303492
0.2467227
0.31980756
0.10615738
-0.41613255
0.29578597
-0.067733795
-0.53349163
0.26182118
0.3548859
0.33516922
0.33472295
0.37005336
-0.23750995
0.26054755
0.36869164
-0.6185953
-0.18330365
-0.42211393
0.15951475
0.12680605
0.32903394
-0.18037368
0.36676235
0.27518934
0.29004138
0.3888841
-0.33045335
0.33566471
-0.12999359
0.38343455
-0.053854079
-0.19732531
0.048755939
-0.33886544
0.39486353
0.34397494
-0.43803492
0.20978178
0.30988057
-0.49287402
0.39423401
0.18284979
0.32609447
-0.5514407
0.25363214
-0.58966712
0.38170535
-0.11030452
-0.1315282
-0.2177251
-0.14508784
-0.22987008
-0.15032675
-0.066932124
-0.066555892
0.013483586
0.01827096
-0.060354391
0.028184823
0.10125079
0.11349328
-0.047077593
-0.23282547
0.17927654
0.19194335
0.12761425
0.20605088
0.1679002
0.14279225
0.22048289
0.23674975
0.22544816
0.26091971
0.013453184
0.15917532
0.073900617
0.23491305
0.28686911
0.28246786
0.26971774
0.2145802
0.25898812
0.20454112
0.29822445
0.24786287
0.093110121
0.0021259059
0.19625337
0.24660945
-0.31150622
-0.31124038
-0.046911492
-0.22590221
-0.30011819
-0.3829729
-0.36675859
-0.27945264
0.29524241
-0.44788959
-0.0166164
-0.092707222
0.32780085
0.33961998
0.3297502
0.34564896
-0.45294567
0.14148116
-0.10930054
0.087225761
0.30560321
0.33891454
0.28930094
-0.50941332
0.13647803
-0.18566707
-0.16676604
0.079935106
-0.3351987
0.37200196
0.36344544
0.34719619
0.38117976
0.024895538
0.11243434
-0.27258471
-0.28305283
-0.15132979
0.39585905
-0.069681591
-0.24676083
0.37205141
0.35911894
0.33591717
-0.50187003
0.32654541
-0.42221665
-0.42973415
-0.027543721
0.12555645
-0.36440022
-0.30192546
0.38969975
0.27422978
0.29311498
0.28447163
0.26788785
0.22993623
0.19024938
-0.54927792
-0.50285505
-0.060846016
-0.14709709
0.092036909
-0.38767269
-0.21177735
0.042302294
0.057622447
0.24857696
0.24706412
0.2739524
0.3756193
0.17608258
0.15855522
0.31755209
0.040521536
-0.38033449
-0.13668482
0.30557399
-0.44979163
-0.03269035
0.15166775
0.13134572
-0.58797539
0.36051986
0.27745286
0.30252797
0.08359298
-0.12219119
0.34927437
0.19157647
-0.5086462
0.013566717
-0.19660841
0.21764745
0.37554017
0.25808168
0.36133465
0.3511128
0.027558227
-0.55400835
0.31582599
0.31969858
-0.61058451
0.37353656
0.26551947
-0.26147764
0.3072635
0.3029031
-0.36744099
0.084813964
0.36565133
0.37385366
-0.54677516
0.39283773
0.27481863
-0.15246446
0.23122108
-0.076560818
-0.35290765
0.27166499
0.00056494811
-0.40467206
0.1834258
0.21676685
-0.53148886
0.30571075
0.13980632
-0.50914473
0.22277897
0.29993942
-0.59473879
0.34020912
0.22347655
-0.17295662
-0.12815518
-0.034171244
-0.080202522
0.01018478
-0.030485843
-0.11957916
-0.064379252
-0.1507732
-0.090137361
-0.0086806537
-0.029545162
-0.10745793
-0.042197642
0.043875823
0.054670024
-0.11545613
-0.046549809
0.020381169
0.019271565
-0.18554061
0.078119735
0.079199772
-0.18804989
-0.2609021
-0.04262257
-0.20830952
0.12874894
0.13140713
0.13139385
0.086166647
-0.25513357
-0.32879636
-0.32925023
-0.39824843
-0.3904777
0.13926999
-0.45482559
0.17136676
0.17712751
-0.4419085
-0.51020964
0.094905751
0.13257152
-0.22246744
0.096986033
0.16668663
0.20025932
0.22491464
0.19528177
-0.17921368
0.25631075
0.13899253
0.18707488
-0.23791185
0.098827324
0.036247872
0.15094059
0.23394647
-0.3670867
0.1509757
-0.23465562
0.17909158
-0.15900237
-0.45155949
0.28397779
-0.4128775
0.20112587
0.225752
-0.33532664
0.24086448
0.052247454
-0.018339968
0.19818527
-0.076303911
0.20539983
0.20064096
0.24234684
0.017465124
0.2423336
0.080300237
0.21357467
0.25571444
-0.24621333
-0.3272541
-0.36197552
0.24977344
-0.47696645
0.28833442
0.27510281
-0.26640344
-0.4363756
0.10519388
0.055996008
0.18905228
0.21777406
-0.57431177
-0.53615719
-0.57158124
-0.54402554
-0.48400411
0.32318858
0.29658665
-0.17231495
0.019236382
-0.17227703
0.17092262
0.13516547
0.028502746
0.082989825
-0.11405004
0.17155743
0.024755324
0.11538638
0.1688575
-0.25303096
-0.03167579
0.22331701
0.13784396
0.066521514
-0.10296699
0.20901769
0.093213414
-0.31587678
0.21830434
0.33465426
0.22960116
-0.60289384
-0.38638113
-0.28938224
0.11035503
-0.086424982
0.19861025
0.26714884
-0.25479253
0.16983186
-0.55606595
0.16803855
0.20074759
-0.20258095
-0.28435759
-0.30757829
0.31703327
-0.31140826
-0.43678033
0.35405441
0.2419808
-0.61663164
0.21543139
0.20580098
-0.49842518
0.26735138
-0.37355683
-0.13339544
0.20417084
0.30270384
-0.075271594
-0.49476821
-0.12419575
0.23180058
-0.19140892
0.084786771
-0.37830684
0.031604971
0.27123572
0.21918419
-0.44916916
0.3041309
0.15732978
-0.51391261
0.24115273
-0.56353556
0.22710673
0.32693351
0.22906051
-0.59783581
-0.095408228
-0.13952355
-0.23253045
-0.17497015
-0.2636653
-0.20035094
-0.11368665
-0.13405758
-0.051181732
-0.067296198
-0.14526098
-0.074684441
-0.0021761441
-0.0066548743
-0.14634094
-0.28342931
0.058784461
0.056363254
-0.0040392626
0.060434371
0.067571855
0.005609686
0.070610176
0.11976146
0.13197568
0.11676341
0.1268355
-0.027573356
0.17266731
0.18652822
0.1483075
0.16211354
0.20583864
0.16811771
0.086467001
0.14137044
0.22519387
0.1631005
0.19081625
0.25592979
-0.34674209
-0.35968786
-0.045992649
-0.29043926
-0.35881796
-0.42648691
-0.41681356
-0.34472658
-0.065966577
-0.049997493
-0.12697705
-0.48355776
0.15808642
0.19525333
0.202416
-0.48336872
0.12136617
-0.10420277
-0.18545252
-0.026530411
-0.20295516
0.10415269
0.19194937
0.028257014
0.24947897
-0.53313931
0.15770275
0.18311854
-0.26048071
-0.23961559
0.14775832
0.074641408
-0.38899844
0.19926472
0.21573887
-0.077913932
0.1990438
-0.33174154
-0.28494847
0.24340862
0.25628101
0.24779094
0.22200611
0.28829271
-0.0018545725
0.16646295
0.099258941
-0.45276419
-0.46476625
-0.51464407
-0.56279782
-0.52774995
0.22134154
0.32054778
0.2909658
0.30759192
0.27570083
0.21701669
-0.37191414
-0.32150156
0.20214894
-0.084539644
-0.21464127
0.0092942281
-0.42158659
-0.28626707
-0.073721706
0.022190578
0.11193687
-0.15839863
-0.13969738
0.17186701
0.1124239
0.082229648
0.06834176
0.15684539
-0.21586211
-0.40215696
-0.21839345
-0.042892885
-0.47183557
-0.29888323
0.10231021
0.20344357
0.23613406
-0.59765934
0.33675882
-0.21317125
0.23129941
0.22208351
0.050394181
0.042852062
-0.52856639
-0.0010737377
-0.0031200589
0.19312351
-0.27503019
0.29042599
0.12738165
0.038515951
0.21162597
-0.57015494
0.23545253
0.21511528
0.26434235
0.24593506
-0.6153384
0.35108728
-0.3261494
0.2141171
0.17204049
0.28122512
-0.41112607
0.10451417
0.22803701
0.22210813
-0.56312789
0.26198918
