FiniteElementSpace
FiniteElementCollection: H1_2D_P1
VDim: 1
Ordering: 0

0.30275576
-0.1929995
-0.30276626
0.19245987
-0.1129341
0.11300534
0.29736429
0.25143836
0.18048662
0.10339342
0.040104686
0.0033542581
0.0022240282
0.027285408
0.065023349
0.1062834
0.12439009
0.11449744
0.066929226
-0.0097994233
-0.10322861
-0.25210843
-0.27013443
-0.23792392
-0.15519523
-0.036371482
0.095726354
0.21554815
0.29912705
0.33049523
0.30010961
0.21886974
0.098331425
-0.037788776
-0.16334691
-0.25374091
-0.29639473
-0.25226908
-0.18128458
-0.10363967
-0.040278688
-0.0049124514
0.00016356394
-0.026368418
-0.066479276
-0.10513401
-0.12479297
-0.11338295
-0.066021797
0.010953595
0.10255807
0.254462
0.27081434
0.23756131
0.15553376
0.037643477
-0.09473399
-0.2139566
-0.29896841
-0.3297044
-0.30064902
-0.21823037
-0.09803968
0.037068247
0.16186502
0.25453292
-0.28635482
-0.33401074
-0.32394774
-0.25688414
-0.1456321
-0.011941831
0.1187189
0.22254762
0.28185741
0.28920454
0.24823157
0.16977827
0.075715571
-0.012708517
-0.079319698
-0.11083373
-0.082907551
-0.043510796
-0.0097461631
0.0031198712
-0.013399287
-0.058618684
-0.12374233
-0.19218237
-0.24505565
-0.26534347
-0.24006577
-0.16751104
-0.059250002
0.066933042
0.28545936
0.33314721
0.32377176
0.25689833
0.146031
0.012886637
-0.11875813
-0.22135977
-0.28252553
-0.28964443
-0.24752425
-0.16989243
-0.076011846
0.012888015
0.079596834
0.11077913
0.082766854
0.043468081
0.0099452416
-0.0020938044
0.014057278
0.056994884
0.12330067
0.19146979
0.24430784
0.26350379
0.2392977
0.16945087
0.061564133
-0.066868684
0.29841192
0.26647089
0.21044159
0.14665302
0.089931504
0.051696539
0.038721513
0.051899504
0.084902147
0.12820908
0.17048607
0.1959873
0.20191746
0.18725161
0.15444657
0.072611296
0.04754914
0.042436885
0.059443385
0.094435397
0.13684681
0.17598006
0.19659954
0.18837496
0.14945677
0.079473128
-0.010987308
-0.10885173
-0.19825467
-0.26629711
-0.30032819
-0.26468247
-0.20944707
-0.14680677
-0.091566408
-0.052407261
-0.038314169
-0.051630708
-0.084794888
-0.12819774
-0.1684267
-0.19553258
-0.20271508
-0.18717516
-0.1536715
-0.072449945
-0.047100773
-0.04180405
-0.059057602
-0.094132766
-0.13767017
-0.17554718
-0.1971677
-0.18902372
-0.14954555
-0.079908458
0.010894202
0.10977359
0.19835602
0.26614566
0.31371104
0.27502066
-0.09066427
0.013345932
0.12251251
0.35456642
-0.083641607
0.17300998
-0.074632586
-0.28982183
0.15503492
0.041855696
-0.020336207
-0.020931852
0.02162868
-0.20683439
-0.12519037
0.057472407
-0.057052585
-0.26423405
-0.26003002
-0.39845241
-0.3513138
-0.43666655
-0.49368521
-0.46105593
-0.51880903
-0.41162629
-0.33283002
-0.22505892
-0.29297867
-0.069376663
-0.14461272
-0.35353988
-0.12376518
0.10475785
0.15379521
0.30017494
-0.33724716
0.3283938
0.42130259
-0.15888808
-0.35281677
0.26314945
-0.51973211
0.420422
0.33973604
0.44578116
0.4525379
-0.1704915
-0.34212289
-0.47656388
-0.44024354
-0.50369827
0.40531185
-0.45166818
0.39595725
0.32964957
-0.42633039
-0.37584862
-0.28004291
-0.25403877
-0.24539195
-0.27296386
-0.16496521
-0.15149379
-0.067460529
-0.041736219
0.034419287
-0.059701402
0.22497404
0.23283917
0.020677258
0.41220943
0.43702954
0.30731418
-0.10530035
-0.47910231
0.10055368
-0.54342383
0.28587754
0.19811047
-0.38613503
-0.028180762
-0.30763031
0.13232463
0.22124101
-0.37926295
0.031725361
0.39564095
0.40540811
0.12210686
0.36462223
0.34787217
0.35716695
0.12821118
-0.11084264
0.23902275
0.2748894
0.29780147
0.18375324
0.20121548
0.063892058
-0.12357191
-0.2135543
-0.30410587
-0.35912493
-0.28953424
-0.21306352
-0.24779319
-0.011152067
-0.053111318
0.071046989
0.016195226
-0.028109236
0.037789742
0.0035771014
0.086605716
0.0070069342
-0.10363687
-0.23104787
-0.41831459
-0.37548805
-0.46383209
-0.19277697
-0.13901779
-0.0050807731
0.19745588
0.40220435
0.37860131
0.063295552
0.41509089
0.30890908
-0.48547374
0.2263062
0.27758733
-0.17815817
-0.23783104
-0.11236292
0.053498197
-0.53723455
0.36953202
0.24221451
-0.11761451
0.059913272
-0.3032326
-0.51657968
-0.064354068
0.3327453
0.32338373
-0.042632307
-0.41677645
0.24494421
0.0083587192
-0.040710496
0.1659577
0.19712035
0.046115037
-0.21457144
0.023449175
-0.15189341
-0.26415897
-0.22540759
0.086744753
0.058149027
0.14341947
-0.34152195
0.074798721
-0.17697175
-0.19052347
0.296154
0.011752147
0.0073183017
-0.27086734
0.34758912
-0.40143323
-0.17805979
-0.10040021
0.083629428
-0.044310848
-0.14348818
0.24315136
-0.03013318
0.088146
0.026695647
-0.20444245
-0.20304347
0.10258692
-0.19876254
0.030111318
0.39283995
-0.0583016
-0.31746328
0.32428113
-0.30780184
0.034685433
0.39263448
0.44387475
0.44462746
0.47483135
0.45635363
0.47018584
0.43684162
0.41715542
0.37250325
0.32370617
0.2656108
0.19596994
0.13679719
0.051910106
0.0066504019
0.066852038
-0.085997667
-0.031965067
0.0049556396
-0.052195293
-0.038116839
-0.10056823
0.34714325
-0.00072262877
-0.058603074
0.22418812
-0.055219981
-0.18695614
-0.075178475
-0.12500025
-0.055095573
-0.082465748
-0.045879383
-0.1546482
-0.27008749
-0.2816522
-0.34741153
-0.32314454
-0.22096112
-0.37211305
0.050194138
-0.047524301
-0.075051952
0.39535473
-0.056672256
-0.10055522
-0.12107128
-0.025512283
-0.032729449
0.020381311
-0.11641723
-0.0087822382
-0.30157182
-0.377211
-0.38977893
0.10066363
-0.10171276
0.41664892
-0.17283515
0.16644527
-0.024716007
0.01327291
-0.24849539
-0.36369933
-0.13054603
-0.19086843
-0.18056861
-0.21877285
-0.040780465
0.072947825
-0.16362625
-0.22937987
-0.0048430118
0.15510758
0.040529631
0.22617971
0.3277031
-0.37551253
-0.3409472
-0.26822681
-0.26783117
-0.016439467
-0.015074322
0.059269197
-0.10062186
0.060415167
0.18815114
-0.086758047
0.11777287
0.022098929
-0.010767203
0.054385184
0.0041695153
0.058998983
0.25258029
-0.14169011
-0.25624774
-0.17311108
-0.13719682
0.16203075
-0.32026765
0.07080055
0.35138085
-0.33607248
-0.1041161
-0.1036434
0.083357936
0.0038021534
-0.051057057
0.093673286
0.32927057
0.27321524
0.40934375
0.1785845
0.35407488
-0.15892707
-0.19437916
-0.031576682
-0.020082271
-0.25298191
0.28045102
0.029833958
0.13338801
-0.33486844
0.016247803
0.21713285
-0.073678487
0.23139171
-0.18849352
-0.10599718
0.18665518
-0.24277593
-0.14364551
-0.1053973
0.28940981
0.36917535
-0.3429854
0.079976774
-0.0046818542
-0.046286236
0.0073982004
-0.31168532
0.062736986
0.23227259
-0.084072905
0.31277799
-0.31491125
-0.19784602
-0.038195618
0.12036218
0.046418043
-0.1214204
-0.26244481
0.12746536
-0.032757505
0.27474721
-0.052210339
0.38524413
-0.14971273
0.22662383
-0.042587561
0.2544103
-0.17501215
0.010719488
0.48049957
0.05763447
-0.096654433
0.42503588
0.13937075
-0.018699673
0.29537379
0.085374213
0.093194352
0.14984441
0.15598784
0.19914175
0.059555304
-0.02988216
-0.18279845
-0.18698318
-0.36615358
-0.38201125
-0.1250111
-0.3246953
-0.010172851
-0.2101124
-0.51200691
-0.38964413
-0.063609591
-0.23386896
-0.64206592
-0.55577311
0.080790358
-0.078688522
-0.34470274
-0.17780881
0.26886842
-0.37375963
-0.20203407
0.36874107
0.54161728
-0.039713723
-0.06105734
0.16232659
0.56818182
0.6993509
0.66635285
0.40343331
0.76331051
0.71170091
-0.1548432
-0.024033041
0.73810324
0.049385908
0.66391456
0.62391332
-0.45795808
-0.61436163
0.14728312
-0.70771045
-0.7096699
-0.55004632
-0.58211221
-0.71680282
-0.5483673
-0.49222915
-0.64500309
-0.37409361
0.12337569
0.14275975
0.51624196
-0.33809389
0.58526841
-0.50371432
-0.61527883
-0.35542987
-0.74274639
-0.065762686
0.23975575
0.30345203
0.72983846
-0.1597992
0.043372152
0.055345043
-0.65859327
-0.46467294
0.51825479
0.43242453
-0.53570892
0.11250447
0.19240167
-0.30197917
0.083074732
-0.47275937
-0.11357945
0.33504784
0.42554712
0.61059718
0.065208486
0.4795322
0.16643752
0.35418792
0.086383966
-0.11456721
-0.32532423
-0.016008642
0.097257107
-0.13813646
0.083867866
0.31236418
0.5442837
0.37970948
0.40175692
0.51910435
-0.13158608
-0.27844479
0.16309944
0.042934382
-0.57230578
0.12903096
-0.44340905
-0.78368725
-0.50985908
-0.31887629
0.047344472
-0.40621925
-0.69010607
0.030917723
0.19019103
0.44189207
-0.054377219
0.24362917
-0.19994975
-0.293478
-0.71293884
-0.072446141
-0.2356377
-0.2124421
0.56162352
0.068733464
0.12307361
0.18079738
0.15340289
-0.77337502
0.72685748
0.39178266
0.41177951
-0.20269316
-0.1155608
-0.17724769
0.25753557
0.36784358
-0.76799256
0.18795644
0.045076651
0.29742604
0.089743456
0.035721543
0.50250498
0.64252241
0.64761592
0.1387891
0.26940637
-0.010966847
-0.65163503
0.29222854
0.10787764
0.60735075
-0.32527372
0.38791325
0.11360574
0.11940482
0.0082171736
0.67433571
0.31044878
-0.26327155
0.28177788
0.28343502
0.13634606
0.16204932
-0.26442604
-0.32689201
-0.0662901
-0.23944198
-0.10087007
-0.10368698
0.083478271
-0.25304737
-0.34713378
-0.088819856
-0.30820448
-0.2602522
0.3332925
0.37591606
0.3376177
0.40391487
0.37848626
0.41296234
0.37083897
0.34553951
0.24373689
0.18969008
0.30632608
0.13057315
-0.020871216
-0.086504838
0.2607238
0.40087978
-0.23979665
-0.29788883
-0.13289983
-0.3292292
-0.16293303
-0.15190059
-0.32832765
-0.35184545
-0.27097437
-0.46799546
-0.44779083
0.28427521
-0.40383747
-0.32710132
-0.18229245
-0.46501049
-0.2467356
-0.095181557
-0.29546425
-0.3978025
-0.1697929
-0.52091231
-0.020049472
-0.12119503
0.30314396
0.33509756
0.36174539
0.40350101
0.34749217
0.22474553
0.24217878
0.3428943
0.046415259
0.037539862
0.20259653
0.08074913
-0.5275369
-0.49119735
-0.44917078
0.056659906
0.081515282
0.19888579
0.3030979
0.054463754
0.31791753
-0.23139964
-0.49780996
0.11993691
-0.27210126
-0.078505068
-0.3281204
-0.43564163
0.34371623
0.32416138
0.13801703
0.22431803
0.24950982
-0.35686084
-0.3841491
0.22188456
-0.47116559
0.28207328
0.18707302
-0.25641291
-0.26220465
-0.34607036
-0.33940134
-0.25745731
0.33079268
0.18667661
0.03646663
0.013494781
0.087836645
-0.17870951
-0.2020854
-0.070192565
-0.29330124
-0.20596373
-0.20841234
-0.14573958
-0.041250712
0.038539767
0.062307294
0.25249356
-0.2210145
0.37666263
0.40199445
0.052816991
0.18755877
0.38941881
0.07835963
-0.14177975
-0.45618269
0.30001879
0.2224552
-0.48840629
-0.41463233
-0.079107384
-0.030769828
-0.5075024
0.30386243
0.13384165
0.37572715
0.25824135
0.0061307509
0.2420389
0.00082085564
-0.44627435
-0.33391943
-0.27910393
-0.16300886
0.34364908
-0.33772374
-0.40220077
0.17814909
-0.096670033
-0.11380354
0.10346077
0.31058084
-0.48457725
0.36574817
0.0089653595
-0.15583351
0.30643489
-0.40959978
-0.19237751
-0.36806125
-0.40100197
-0.30677046
-0.30909419
-0.27396048
-0.12653349
0.32837232
-0.41754374
-0.24667747
-0.25937564
0.15188165
0.23653361
-0.20064251
-0.3657377
-0.19364905
-0.21083096
0.0081478293
0.058137493
-0.085295437
-0.082417827
-0.04098307
0.13205003
0.24216342
0.10585721
-0.32402823
0.13762896
-0.10668849
0.26541448
-0.028477687
0.27805878
-0.39574171
-0.034009297
-0.20722744
0.33057749
-0.021235572
0.017324319
-0.00077902143
0.054209443
0.029985251
0.078487365
0.051410303
0.075888927
0.051355662
0.039525327
0.023998753
-0.029879049
-0.02791736
-0.11983833
-0.09396831
0.019303745
-0.21474717
-0.021979081
0.10143511
0.077276991
0.19729902
-0.065938685
0.041064342
0.18711585
0.27265306
0.01235005
-0.21193596
-0.32219147
0.043789293
-0.096656306
0.28390272
0.34340723
0.21873521
-0.28528835
-0.39904298
-0.39519277
-0.46040833
-0.4083829
-0.32811933
-0.4489262
0.14613918
0.3394857
0.3834197
0.11726312
0.013290267
-0.10196982
0.34384617
0.12852668
0.13868115
0.091273954
0.19125106
-0.13653914
-0.3486257
-0.48038442
-0.44730433
0.078275863
0.36980977
0.062365684
-0.20867661
0.087565993
0.35363499
0.1920772
-0.30134765
-0.45767487
0.052253808
0.10973633
-0.21150915
-0.21914416
-0.080404986
0.12523463
0.26215684
-0.053978625
0.017698765
0.0086731591
-0.060395403
-0.037042905
-0.051931224
-0.41388145
-0.31919648
-0.16143283
-0.39193518
0.044385462
0.16593814
0.02166402
0.12264581
-0.12385257
-0.0038860512
0.081943121
0.3154158
0.36002467
0.20003671
0.23017848
0.20530632
0.15793315
-0.21413786
-0.36497507
0.19433899
0.056302671
-0.024270528
0.0040818866
-0.078468483
-0.10089544
-0.35825918
0.2894803
-0.16071725
0.10576552
0.0018720549
0.17734635
-0.43895131
-0.090040517
0.085411696
0.14544431
0.1139614
0.047489974
0.028019338
0.24485465
-0.29188554
0.25205734
0.36483572
-0.32763361
0.054266582
0.18163957
0.26107328
-0.23755074
-0.33252972
0.30947937
0.34756387
-0.015949521
0.050146006
-0.21853198
-0.055006838
0.011691473
0.19326494
-0.17443769
-0.19128982
0.098885925
-0.30168691
0.015350973
0.28450369
0.3875549
0.32200883
0.011820087
-0.23188058
0.31129917
-0.063526763
-0.13424399
0.15325631
0.15926973
-0.43262006
-0.065337882
-0.027127893
0.19954358
0.29485066
-0.23267465
0.058280227
-0.047774008
0.38007839
-0.083786299
0.051536163
0.20765423
-0.24035068
-0.48004592
-0.010600401
0.14334702
-0.2555308
-0.055996275
0.10475214
-0.29802662
-0.13749112
0.0167906
-0.41952765
-0.090149709
-0.089628295
-0.17932847
-0.1601519
-0.20055848
-0.3443561
-0.4008031
-0.2699843
-0.34915579
-0.203293
-0.19585156
-0.36999506
-0.13457118
-0.32841888
-0.028831111
0.14918338
0.291101
0.097534765
0.42096039
0.41799251
-0.059218789
0.21760101
0.50815663
0.66559168
0.69900899
-0.11936163
0.78567144
0.75432854
-0.00053644394
-0.31215417
0.53220224
-0.54526366
0.76122938
0.76745023
0.66965528
0.63841411
-0.18011879
-0.43698664
-0.57025929
-0.61908719
-0.72467035
0.50427584
-0.68941886
0.66247631
0.64361613
-0.7485598
-0.62759289
-0.09767485
0.017319568
-0.52481501
0.12503125
0.1487678
0.027243446
0.10103907
0.25352006
0.093480029
-0.021848154
0.69387445
0.55510183
-0.068508389
0.45314547
0.52444339
0.29949421
-0.049385147
-0.75891834
0.55956046
-0.51283496
0.30539585
0.14487997
-0.5686652
-0.089658981
-0.71549844
0.41998407
0.34366446
-0.71424125
0.15067023
0.33092566
0.35203711
0.07002887
0.18249266
0.47235956
0.44807425
0.2078523
-0.14879311
0.15756032
0.10433526
0.43691714
0.083492309
-0.059977063
-0.16585887
-0.30754245
-0.062193519
-0.30362363
-0.083161216
-0.013472079
-0.42654868
-0.54299162
-0.083700491
-0.160845
-0.099967384
0.017566551
-0.23600319
-0.46871173
-0.36630146
-0.46352735
-0.63870178
-0.16501654
-0.10010989
-0.50767132
0.026997535
-0.23590116
-0.047528906
0.2955031
0.56343763
0.73313275
0.30149731
0.48518264
0.65111567
0.23556445
0.6097917
-0.43087005
0.48341263
0.21296016
-0.092544875
0.26321003
0.33237742
-0.069213621
0.61109438
-0.65824446
0.17807727
-0.12741025
-0.18546718
-0.12233483
-0.46703679
-0.68027589
0.4562483
0.29804675
0.37272155
-0.083693365
-0.63456467
0.40435087
-0.27089983
0.087764616
0.24701299
0.020031885
-0.14682754
-0.60740307
-0.13605395
-0.2792403
-0.42506682
-0.13875662
-0.27295069
0.012160198
0.28795995
0.10565299
-0.46434735
0.040525589
-0.63628276
0.15195803
-0.066620169
-0.10954232
0.073521789
-0.59038746
-0.27570128
-0.30345334
0.26361871
0.26333366
-0.16862336
-0.076084893
-0.28235125
0.31289992
-0.0065988499
-0.087403165
0.10370089
0.1791293
0.23864064
0.19915608
0.34254292
0.16447973
0.29071568
0.28537245
0.26364004
0.41203175
0.43407335
0.49694573
0.52097784
0.49481322
0.45442945
0.37378543
0.31825189
0.18374403
0.22817857
0.014528792
-0.033608139
-0.19055083
0.047030538
0.50825564
-0.23187841
-0.34273273
-0.3127825
-0.39903806
-0.087996887
-0.37585032
-0.38653473
-0.26892801
-0.13881708
-0.41256279
0.39372607
-0.36709461
-0.34918455
-0.30588243
-0.3122064
-0.29417133
-0.17508593
-0.00092747747
-0.048674105
0.12029607
-0.17922218
0.063039871
-0.34210722
-0.32599139
0.20411555
0.13077002
0.52341506
0.4908151
0.38193535
0.39949762
0.36117976
0.44223993
0.29005582
0.17312907
-0.37894512
0.36657795
-0.25589675
-0.24096093
-0.37508046
-0.16928599
-0.30333278
-0.021442926
0.45608568
0.26812093
-0.10598756
0.24828187
-0.036403697
-0.39772119
-0.084015142
0.38984012
0.29696622
-0.10986192
-0.24485219
0.3493294
0.087124313
-0.14133061
-0.27721811
0.13355945
-0.25283418
-0.31792732
-0.26236266
-0.11069539
0.27523511
-0.31224838
0.066851658
-0.31236648
-0.26282209
-0.33103056
-0.33193895
-0.30184805
0.33243091
-0.18972287
-0.035336795
0.16806279
0.2610519
0.27614849
0.29063347
0.44838621
0.26028085
0.10448354
0.012896603
0.024817885
0.11445564
0.19741284
0.24442669
0.21469666
0.28294697
0.45554852
0.40214306
0.12342009
0.50146368
0.22961256
-0.15303791
-0.28214497
-0.36677089
-0.18173268
-0.39488152
0.0044967821
-0.29012421
0.058006694
-0.3891205
-0.23860475
0.45008197
0.24313446
-0.41270301
0.44082325
-0.12238702
0.17978531
-0.13066632
0.34107292
0.25957039
0.088954568
-0.20109764
0.32634959
0.059432226
-0.3693801
-0.16287281
0.41436043
0.40573658
0.047063057
0.20863494
0.13445417
-0.036488746
-0.37147504
-0.36075622
0.34838907
0.33200516
-0.30801572
-0.19988301
0.30904608
0.27287068
0.1242873
0.015154816
0.083104977
-0.083199589
-0.013636032
0.31752663
-0.34733818
0.22377441
0.37824667
-0.14272129
0.017046148
0.051943409
-0.18361641
-0.23856183
-0.24674753
0.098723587
-0.010745424
-0.3446676
0.2277867
-0.072146628
-0.15626446
0.017507749
0.029404871
-0.078375773
-0.036968267
0.30420698
0.11206719
0.17314812
-0.064983012
-0.2752587
-0.28855621
-0.21267214
-0.22398104
-0.12039135
-0.090296575
-0.21643899
-0.045680805
-0.19305983
0.0065155725
0.15555166
0.22267569
0.05584832
0.2749587
0.34061428
0.019758341
0.09439158
0.30537566
0.44951237
0.46109727
-0.12757065
0.53984704
0.52936436
-0.09930773
-0.2896233
0.44031546
0.49107146
-0.33216189
-0.26267034
-0.39328888
-0.41506224
-0.080848357
-0.44475596
-0.45249264
0.49605146
0.44921409
-0.40957335
0.39128733
-0.39886411
-0.28776162
-0.031501069
0.093860652
-0.33980046
0.17545189
0.21344708
0.12123217
0.19674598
0.29236515
0.51832833
0.52738493
0.50153917
0.10026299
0.27606625
0.21102353
-0.23417571
0.044455305
-0.43889837
0.42977323
0.40889352
0.42671064
0.44817474
0.37525966
0.082068396
-0.32617231
-0.40001918
0.025819346
0.33556459
0.39888879
0.36367056
0.26626775
-0.36076633
-0.40451614
0.23122226
0.28344684
0.0084383583
0.25698121
0.31213307
0.2374681
-0.18263464
-0.30531994
-0.35654881
-0.38991436
0.29293648
-0.266856
-0.27692078
-0.21693137
-0.013720567
0.075354681
0.12965554
-0.042231256
-0.023622258
0.044317838
0.090380977
-0.021718257
-0.20872815
-0.059531115
-0.1056117
-0.26274927
-0.12237349
-0.1311866
0.078674512
-0.32038762
0.085316945
-0.15964868
0.025113367
0.30436998
0.40721718
0.52492547
0.3059391
0.27187155
0.46671721
0.4322248
0.11441788
-0.31147018
0.20958613
0.11302535
0.085536413
-0.063893382
0.26020884
0.014235524
-0.020586898
0.10541266
-0.42217969
0.36320206
0.2621902
-0.054833669
0.11437796
0.39155611
-0.42134753
-0.20232139
-0.41093105
0.40606951
-0.0084036131
0.2337555
-0.38343763
-0.069392727
0.37560088
0.048964838
0.19409273
-0.35085722
0.34713839
-0.018045469
-0.32631448
-0.35775611
-0.37758429
0.19311238
-0.084312689
0.22118701
0.3087485
-0.079446145
0.18941265
-0.29600421
0.15483076
-0.32776109
-0.092414213
0.28704104
-0.020099185
-0.33220834
